#NEXT_T6_EW_PW_B2_C5_S208_0220165752
Timestamp,HeadPositionX,HeadPositionY,HeadPositionZ,HeadRotationX,HeadRotationY,HeadRotationZ,HeadForwardX,HeadForwardY,HeadForwardZ,TargetPositionX,TargetPositionY,TargetPositionZ,TargetEntered,TargetAngularDistance
2395.798,-0.1741405,-0.0745945,-0.3037364,-0.4415588,0.7719834,-0.9118958,0.01347284,0.007706762,0.9998795,-0.975,1.162676E-08,10,DwellButton,5.216278,
2395.815,-0.174186,-0.07434766,-0.3035941,-0.589447,0.7339159,-0.9201965,0.01280822,0.01028745,0.9998651,-0.975,1.162676E-08,10,MixedRealityCamera,5.180924,
2395.831,-0.1742574,-0.0741813,-0.303498,-0.6839294,0.696822,-0.9170227,0.01216067,0.01193656,0.9998548,-0.975,1.162676E-08,10,MixedRealityCamera,5.147688,
2395.848,-0.1742806,-0.07419476,-0.3034208,-0.6964722,0.6828138,-0.9308472,0.01191619,0.0121557,0.9998551,-0.975,1.162676E-08,10,MixedRealityCamera,5.134234,
2395.863,-0.1743003,-0.07427736,-0.3033729,-0.6402588,0.677462,-0.9442139,0.01182293,0.01117454,0.9998677,-0.975,1.162676E-08,10,MixedRealityCamera,5.125985,
2395.881,-0.1742818,-0.07436198,-0.3032446,-0.6166687,0.6877283,-0.9524536,0.01200214,0.01076268,0.9998701,-0.975,1.162676E-08,10,MixedRealityCamera,5.135417,
2395.897,-0.1742541,-0.07438146,-0.3030548,-0.6200867,0.6860369,-0.9502563,0.01197262,0.01082212,0.9998698,-0.975,1.162676E-08,10,MixedRealityCamera,5.134082,
2395.914,-0.1742064,-0.07434593,-0.3028394,-0.6337891,0.6864666,-0.9319153,0.01198008,0.01106159,0.999867,-0.975,1.162676E-08,10,MixedRealityCamera,5.135456,
2395.93,-0.1741515,-0.07435016,-0.3026262,-0.6413574,0.6992302,-0.9270325,0.0122028,0.0111938,0.9998629,-0.975,1.162676E-08,10,MixedRealityCamera,5.148868,
2395.948,-0.17407,-0.07445149,-0.3024234,-0.5887756,0.7190711,-0.9365845,0.01254917,0.01027612,0.9998685,-0.975,1.162676E-08,10,MixedRealityCamera,5.167177,
2395.964,-0.1739898,-0.07465435,-0.3022165,-0.48172,0.7545515,-0.9505005,0.01316856,0.008407488,0.9998779,-0.975,1.162676E-08,10,MixedRealityCamera,5.200703,
2395.979,-0.1738925,-0.07482075,-0.302044,-0.3848572,0.7930001,-0.9529419,0.01383971,0.006716718,0.9998817,-0.975,1.162676E-08,10,MixedRealityCamera,5.239441,
2395.998,-0.1737683,-0.07492721,-0.3018077,-0.3566284,0.8455418,-0.9599609,0.01475667,0.006224218,0.9998717,-0.975,1.162676E-08,10,MixedRealityCamera,5.29302,
2396.014,-0.1736524,-0.07489137,-0.3015499,-0.3840942,0.880292,-0.952179,0.01536304,0.00670341,0.9998595,-0.975,1.162676E-08,10,MixedRealityCamera,5.328258,
2396.03,-0.1735368,-0.0748696,-0.3013031,-0.3948364,0.89553,-0.9437561,0.01562894,0.006890974,0.9998541,-0.975,1.162676E-08,10,MixedRealityCamera,5.344195,
2396.048,-0.1734456,-0.07490604,-0.3010619,-0.3773193,0.902602,-0.9779663,0.01575238,0.006585299,0.9998543,-0.975,1.162676E-08,10,MixedRealityCamera,5.351963,
2396.064,-0.173357,-0.07503255,-0.3008526,-0.3360596,0.9052192,-1.012085,0.01579813,0.005865095,0.999858,-0.975,1.162676E-08,10,MixedRealityCamera,5.355659,
2396.08,-0.1732731,-0.07514507,-0.3006107,-0.2859802,0.9006398,-1.033142,0.01571829,0.004991463,0.999864,-0.975,1.162676E-08,10,MixedRealityCamera,5.352658,
2396.097,-0.1731853,-0.07524289,-0.3003181,-0.2628479,0.9068748,-1.050598,0.01582712,0.004587791,0.9998642,-0.975,1.162676E-08,10,MixedRealityCamera,5.360158,
2396.114,-0.1730913,-0.07531939,-0.2999438,-0.2753906,0.9005383,-1.048126,0.01571653,0.004806465,0.9998649,-0.975,1.162676E-08,10,MixedRealityCamera,5.354122,
2396.13,-0.1729665,-0.0754019,-0.2995191,-0.2954102,0.8989959,-1.010437,0.01568959,0.005156119,0.9998636,-0.975,1.162676E-08,10,MixedRealityCamera,5.353024,
2396.146,-0.1728902,-0.07549505,-0.2990829,-0.2770996,0.8887929,-0.9906311,0.01551156,0.004836249,0.999868,-0.975,1.162676E-08,10,MixedRealityCamera,5.343828,
2396.163,-0.1728891,-0.07537217,-0.2984779,-0.2310791,0.8299943,-1.005554,0.01448551,0.004033133,0.9998869,-0.975,1.162676E-08,10,MixedRealityCamera,5.286798,
2396.18,-0.1728141,-0.07524526,-0.2978491,-0.2911682,0.7854429,-1.002014,0.01370796,0.005081891,0.9998931,-0.975,1.162676E-08,10,MixedRealityCamera,5.241124,
2396.197,-0.1726804,-0.07500727,-0.2969149,-0.4293823,0.6767517,-0.9058228,0.01181094,0.007494041,0.9999022,-0.975,1.162676E-08,10,MixedRealityCamera,5.13202,
2396.214,-0.1724656,-0.07483785,-0.2959685,-0.5384827,0.5796407,-0.7976379,0.01011602,0.009398143,0.9999047,-0.975,1.162676E-08,10,MixedRealityCamera,5.038006,
2396.231,-0.1719832,-0.07486184,-0.2948504,-0.6459351,0.4525526,-0.6791077,0.00789795,0.01127336,0.9999053,-0.975,1.162676E-08,10,MixedRealityCamera,4.917849,
2396.247,-0.1712996,-0.07503583,-0.2936486,-0.7453003,0.3186379,-0.436554,0.005560782,0.01300745,0.9998999,-0.975,1.162676E-08,10,MixedRealityCamera,4.794158,
2396.263,-0.170387,-0.07533102,-0.2922322,-0.8468933,0.08548333,-0.1900635,0.001491802,0.01478038,0.9998897,-0.975,1.162676E-08,10,MixedRealityCamera,4.57543,
2396.28,-0.1694997,-0.07574604,-0.2905944,-0.9694214,-0.2284851,-0.08306885,-0.003987077,0.01691878,0.9998489,-0.975,1.162676E-08,10,MixedRealityCamera,4.282217,
2396.297,-0.1682848,-0.07639726,-0.2888557,-1.107147,-0.5934753,0.07443246,-0.01035581,0.01932211,0.9997597,-0.975,1.162676E-08,10,MixedRealityCamera,3.948883,
2396.314,-0.1668131,-0.07738674,-0.2871042,-1.031647,-0.9664917,0.3313502,-0.01686498,0.01800452,0.9996957,-0.975,1.162676E-08,10,MixedRealityCamera,3.576317,
2396.33,-0.1650557,-0.07848087,-0.2852809,-0.7959595,-1.406067,0.6431249,-0.02453541,0.01389159,0.9996024,-0.975,1.162676E-08,10,MixedRealityCamera,3.11728,
2396.347,-0.1630228,-0.07970408,-0.2835087,-0.5549927,-1.853333,1.037508,-0.0323396,0.009686427,0.99943,-0.975,1.162676E-08,10,MixedRealityCamera,2.663666,
2396.363,-0.1606953,-0.08069097,-0.2815607,-0.2779541,-2.333679,1.416799,-0.04071843,0.004851319,0.9991589,-0.975,1.162676E-08,10,MixedRealityCamera,2.201315,
2396.38,-0.158412,-0.08091591,-0.2796364,-0.02032471,-2.83136,1.826344,-0.04939649,0.0003546877,0.9987792,-0.975,1.162676E-08,10,MixedRealityCamera,1.763585,
2396.397,-0.1553413,-0.08006437,-0.2773633,-0.0614624,-3.477142,2.358879,-0.06065022,0.001072593,0.9981585,-0.975,1.162676E-08,10,target_6,1.148759,
2396.413,-0.1525905,-0.07983935,-0.2750368,-0.476532,-4.10553,2.618019,-0.07159117,0.008316983,0.9973994,-0.975,1.162676E-08,10,target_6,0.4714689,
2396.43,-0.1498375,-0.08101606,-0.2728236,-0.973938,-4.7565,2.626642,-0.08290926,0.0169977,0.9964122,-0.975,1.162676E-08,10,target_6,0.5482264,
2396.447,-0.1472001,-0.08391023,-0.2705804,-1.540466,-5.366638,2.561824,-0.09349496,0.026883,0.9952567,-0.975,1.162676E-08,10,target_6,1.314773,
2396.463,-0.1443312,-0.08766996,-0.2678028,-2.02771,-5.85318,2.580132,-0.1019157,0.03538307,0.9941636,-0.975,1.162676E-08,10,MixedRealityCamera,1.969608,
2396.479,-0.1416689,-0.09006783,-0.2646704,-2.395111,-6.28421,2.67462,-0.1093646,0.04179052,0.9931228,-0.975,1.162676E-08,10,MixedRealityCamera,2.506943,
2396.497,-0.1387716,-0.09033062,-0.2604212,-2.899719,-6.656128,2.794303,-0.1157617,0.05058826,0.9919879,-0.975,1.162676E-08,10,MixedRealityCamera,3.119038,
2396.514,-0.1364467,-0.08999122,-0.2560603,-3.66568,-6.947632,2.713157,-0.1207144,0.06393434,0.9906263,-0.975,1.162676E-08,10,MixedRealityCamera,3.895561,
2396.53,-0.1341639,-0.09068279,-0.2513565,-4.049103,-7.090454,2.202706,-0.1231281,0.07061115,0.9898755,-0.975,1.162676E-08,10,MixedRealityCamera,4.279701,
2396.547,-0.1321942,-0.09186399,-0.2467547,-3.684998,-7.027893,1.529275,-0.1220994,0.06427111,0.9904348,-0.975,1.162676E-08,10,MixedRealityCamera,3.933132,
2396.565,-0.1302037,-0.09271149,-0.2419475,-2.791077,-6.886047,0.9477422,-0.1197526,0.04869432,0.9916089,-0.975,1.162676E-08,10,MixedRealityCamera,3.143173,
2396.58,-0.1282991,-0.09208903,-0.2366062,-1.919922,-6.769073,0.552079,-0.117802,0.03350272,0.9924718,-0.975,1.162676E-08,10,MixedRealityCamera,2.477887,
2396.596,-0.126704,-0.09035005,-0.23092,-1.443756,-6.614655,0.3416587,-0.1151545,0.02519565,0.993028,-0.975,1.162676E-08,10,MixedRealityCamera,2.096765,
2396.613,-0.1249624,-0.08869916,-0.2244334,-1.335541,-6.446533,0.09118982,-0.1122457,0.02330735,0.9934071,-0.975,1.162676E-08,10,MixedRealityCamera,1.890619,
2396.63,-0.1233168,-0.08783515,-0.2183398,-1.170532,-6.306702,-0.07312012,-0.1098278,0.02042804,0.9937407,-0.975,1.162676E-08,10,MixedRealityCamera,1.685279,
2396.646,-0.1215041,-0.08772875,-0.2109444,-0.9961548,-6.052643,-0.06808472,-0.1054262,0.01738539,0.9942752,-0.975,1.162676E-08,10,target_6,1.371164,
2396.663,-0.1198635,-0.08816963,-0.2038406,-0.8072815,-5.876709,-0.1090393,-0.1023781,0.01408948,0.9946458,-0.975,1.162676E-08,10,target_6,1.130731,
2396.68,-0.1180999,-0.08904913,-0.196249,-0.6559753,-5.662689,-0.1905212,-0.09866542,0.0114489,0.9950548,-0.975,1.162676E-08,10,target_6,0.8731248,
2396.697,-0.1164927,-0.09019722,-0.1883489,-0.6722717,-5.464966,-0.2706604,-0.0952303,0.01173333,0.9953861,-0.975,1.162676E-08,10,target_6,0.6696879,
2396.713,-0.1147332,-0.09168928,-0.1796047,-0.7710876,-5.281921,-0.3126831,-0.09204803,0.01345749,0.9956636,-0.975,1.162676E-08,10,target_6,0.5196414,
2396.73,-0.1132772,-0.09313194,-0.1707889,-0.8815002,-5.127106,-0.354187,-0.0893549,0.0153843,0.995881,-0.975,1.162676E-08,10,target_6,0.4575681,
2396.747,-0.1118843,-0.09478529,-0.1611244,-1.009033,-5.040283,-0.4048767,-0.08784258,0.01761002,0.9959787,-0.975,1.162676E-08,10,target_6,0.5109072,
2396.763,-0.1108564,-0.09683684,-0.1515616,-1.020905,-4.992065,-0.4807434,-0.08700392,0.0178172,0.9960486,-0.975,1.162676E-08,10,target_6,0.4925778,
2396.781,-0.1098801,-0.09959577,-0.1412181,-0.8278503,-4.967773,-0.5401306,-0.08658629,0.01444838,0.9961396,-0.975,1.162676E-08,10,target_6,0.2825486,
2396.797,-0.1091625,-0.1026041,-0.131142,-0.4699707,-4.95694,-0.5784302,-0.08640409,0.008202452,0.9962264,-0.975,1.162676E-08,10,target_6,0.1297215,
2396.813,-0.1084499,-0.105718,-0.1198872,-0.09790039,-4.947815,-0.5860291,-0.0862484,0.001708592,0.9962722,-0.975,1.162676E-08,10,target_6,0.5016313,
2396.83,-0.1079143,-0.1084352,-0.1089582,0.2088766,-4.914124,-0.621521,-0.08566169,-0.003645576,0.9963176,-0.975,1.162676E-08,10,target_6,0.8211529,
2396.847,-0.1074291,-0.1112695,-0.09710991,0.5275432,-4.859192,-0.6851196,-0.08470354,-0.009207235,0.9963636,-0.975,1.162676E-08,10,target_6,1.157752,
2396.863,-0.107022,-0.1138556,-0.08529072,0.7556288,-4.808777,-0.7260437,-0.08382341,-0.01318783,0.9963934,-0.975,1.162676E-08,10,target_6,1.404303,
2396.88,-0.1066235,-0.1162063,-0.07232984,0.7333398,-4.739044,-0.7537231,-0.08261114,-0.01279884,0.9964997,-0.975,1.162676E-08,10,target_6,1.404581,
2396.897,-0.1062558,-0.1176023,-0.05937288,0.534727,-4.638519,-0.7659607,-0.08086532,-0.009332611,0.9966813,-0.975,1.162676E-08,10,target_6,1.238279,
2396.914,-0.105893,-0.1185045,-0.04531798,0.2104505,-4.573853,-0.6801147,-0.07974365,-0.003673046,0.9968086,-0.975,1.162676E-08,10,target_6,0.9585876,
2396.93,-0.1055977,-0.1188534,-0.03157363,-0.02627563,-4.485596,-0.5458984,-0.07820852,0.0004587478,0.9969369,-0.975,1.162676E-08,10,target_6,0.800886,
2396.947,-0.1054744,-0.1195459,-0.01686328,-0.1624451,-4.3992,-0.4856262,-0.07670459,0.00283518,0.9970498,-0.975,1.162676E-08,10,target_6,0.7648944,
2396.963,-0.1052739,-0.1201631,-0.002688117,-0.2668457,-4.315826,-0.4118347,-0.07525317,0.004657145,0.9971536,-0.975,1.162676E-08,10,target_6,0.7763211,
2396.98,-0.1055344,-0.1200383,0.01368219,-0.5361633,-4.314941,-0.1711426,-0.07523555,0.009357731,0.9971219,-0.975,1.162676E-08,10,target_6,0.6781085,
2396.997,-0.1057729,-0.1194936,0.02912162,-0.8614197,-4.337646,0.01547798,-0.07562555,0.01503389,0.9970229,-0.975,1.162676E-08,10,target_6,0.6685182,
2397.013,-0.1059905,-0.1188976,0.04471585,-1.180817,-4.326111,0.1704414,-0.07541719,0.02060774,0.9969391,-0.975,1.162676E-08,10,target_6,0.8294513,
2397.03,-0.1067694,-0.1171653,0.06280045,-1.658112,-4.366638,0.2560644,-0.07610662,0.02893542,0.9966797,-0.975,1.162676E-08,10,target_6,1.167346,
2397.046,-0.1075681,-0.1143498,0.08043153,-2.008606,-4.475891,0.3707618,-0.07799153,0.03504946,0.9963377,-0.975,1.162676E-08,10,MixedRealityCamera,1.447938,
2397.062,-0.1083718,-0.1105884,0.0978889,-2.867065,-4.59845,0.5539636,-0.08007161,0.05001907,0.9955333,-0.975,1.162676E-08,10,MixedRealityCamera,2.265809,
2397.079,-0.1092718,-0.1077641,0.1164985,-3.719666,-4.816132,0.6379477,-0.08378151,0.06487495,0.9943701,-0.975,1.162676E-08,10,MixedRealityCamera,3.103181,
2397.096,-0.110118,-0.1052791,0.1341304,-3.7146,-5.079041,0.5603953,-0.0883442,0.06478679,0.9939809,-0.975,1.162676E-08,10,MixedRealityCamera,3.106271,
2397.113,-0.1112115,-0.1028562,0.1519397,-3.108063,-5.39801,0.3099113,-0.09393562,0.05421942,0.9941007,-0.975,1.162676E-08,10,MixedRealityCamera,2.541296,
2397.13,-0.1118836,-0.1010794,0.1687593,-2.570679,-5.710693,0.1215727,-0.09940518,0.0448515,0.9940357,-0.975,1.162676E-08,10,MixedRealityCamera,2.10152,
2397.146,-0.1127197,-0.1002124,0.1863408,-2.116882,-6.027802,-0.2611389,-0.1049396,0.03693817,0.9937924,-0.975,1.162676E-08,10,MixedRealityCamera,1.83451,
2397.163,-0.1132382,-0.09901221,0.2031333,-1.701721,-6.252502,-0.8295898,-0.1088623,0.02969636,0.9936132,-0.975,1.162676E-08,10,MixedRealityCamera,1.663423,
2397.18,-0.1137889,-0.09739349,0.2207353,-1.735596,-6.368439,-1.378204,-0.1108706,0.03028717,0.9933732,-0.975,1.162676E-08,10,MixedRealityCamera,1.773654,
2397.196,-0.1138408,-0.09529426,0.237467,-1.904327,-6.35611,-1.570557,-0.1106465,0.03323062,0.9933041,-0.975,1.162676E-08,10,MixedRealityCamera,1.88232,
2397.213,-0.1139041,-0.09324463,0.2553499,-2.009521,-6.326385,-1.510132,-0.1101241,0.03506582,0.9932991,-0.975,1.162676E-08,10,MixedRealityCamera,1.941687,
2397.229,-0.1137056,-0.09184375,0.2721837,-2.019287,-6.206573,-1.3526,-0.1080465,0.03523615,0.9935212,-0.975,1.162676E-08,10,MixedRealityCamera,1.872417,
2397.246,-0.1134124,-0.09122565,0.2897744,-1.792419,-5.952637,-1.276245,-0.1036556,0.03127853,0.9941213,-0.975,1.162676E-08,10,MixedRealityCamera,1.534804,
2397.263,-0.1129181,-0.09077387,0.3065627,-1.280487,-5.613922,-1.188202,-0.09780034,0.02234666,0.9949551,-0.975,1.162676E-08,10,target_6,0.9159984,
2397.28,-0.1124801,-0.08975292,0.3242325,-0.7007141,-5.269897,-0.9667664,-0.0918403,0.01222973,0.9956986,-0.975,1.162676E-08,10,target_6,0.2454926,
2397.296,-0.1120884,-0.08836596,0.3409459,-0.3587952,-4.996429,-0.8558044,-0.08709193,0.006261914,0.9961806,-0.975,1.162676E-08,10,target_6,0.1958353,
2397.313,-0.1116109,-0.08726502,0.3587197,0.06754448,-4.64856,-0.6443176,-0.08104356,-0.001178873,0.9967099,-0.975,1.162676E-08,10,target_6,0.7486043,
2397.33,-0.1110912,-0.08692041,0.3754773,0.6396116,-4.356049,-0.5630188,-0.07594935,-0.0111631,0.9970492,-0.975,1.162676E-08,10,target_6,1.389735,
2397.346,-0.1107213,-0.08694674,0.3928335,1.138673,-4.081451,-0.540863,-0.07116057,-0.01987229,0.9972669,-0.975,1.162676E-08,10,MixedRealityCamera,1.964932,
2397.362,-0.1102439,-0.08708128,0.409842,1.470074,-3.813599,-0.5688477,-0.06648882,-0.02565481,0.9974573,-0.975,1.162676E-08,10,MixedRealityCamera,2.396942,
2397.379,-0.1098729,-0.08728145,0.4273482,1.607141,-3.585541,-0.5945435,-0.06251408,-0.02804623,0.9976499,-0.975,1.162676E-08,10,MixedRealityCamera,2.649002,
2397.396,-0.1094053,-0.08760403,0.4445093,1.533192,-3.420868,-0.567688,-0.05964871,-0.02675606,0.9978608,-0.975,1.162676E-08,10,MixedRealityCamera,2.703419,
2397.413,-0.108864,-0.08834679,0.4628217,1.205969,-3.291168,-0.4324646,-0.05739769,-0.02104657,0.9981295,-0.975,1.162676E-08,10,MixedRealityCamera,2.571083,
2397.429,-0.1083497,-0.0896742,0.4806041,0.7514196,-3.244354,-0.3753967,-0.05658939,-0.01311437,0.9983114,-0.975,1.162676E-08,10,MixedRealityCamera,2.343682,
2397.446,-0.1078892,-0.09189714,0.4991061,0.3984437,-3.258698,-0.3846741,-0.05684297,-0.006954099,0.9983589,-0.975,1.162676E-08,10,MixedRealityCamera,2.174659,
2397.462,-0.1074005,-0.09485681,0.5174578,0.2838674,-3.321869,-0.4926147,-0.05794435,-0.0049544,0.9983075,-0.975,1.162676E-08,10,MixedRealityCamera,2.088629,
2397.479,-0.1067583,-0.09845883,0.5363013,0.3493457,-3.401062,-0.5579834,-0.05932357,-0.006097195,0.9982202,-0.975,1.162676E-08,10,MixedRealityCamera,2.068195,
2397.496,-0.1058348,-0.1023642,0.5545275,0.3418336,-3.489105,-0.5783386,-0.06085788,-0.005966087,0.9981286,-0.975,1.162676E-08,10,MixedRealityCamera,2.012173,
2397.513,-0.104585,-0.1067323,0.5739806,0.1052477,-3.553528,-0.6223755,-0.06198116,-0.001836917,0.9980756,-0.975,1.162676E-08,10,MixedRealityCamera,1.878886,
2397.529,-0.1032055,-0.11108,0.5928918,-0.2437744,-3.630249,-0.6313782,-0.06331674,0.004254418,0.9979844,-0.975,1.162676E-08,10,MixedRealityCamera,1.719081,
2397.546,-0.1016507,-0.1154949,0.6129739,-0.5072632,-3.744629,-0.6675415,-0.0653071,0.008853559,0.9978259,-0.975,1.162676E-08,10,MixedRealityCamera,1.582514,
2397.562,-0.1002675,-0.1190428,0.6324316,-0.6392822,-3.844788,-0.756897,-0.06704957,0.01115745,0.9976873,-0.975,1.162676E-08,10,target_6,1.492134,
2397.579,-0.09827067,-0.1224349,0.6533465,-0.4319153,-4.017883,-0.8275146,-0.07006591,0.007538079,0.9975139,-0.975,1.162676E-08,10,target_6,1.37743,
2397.596,-0.09620219,-0.1247544,0.6731569,-0.08380127,-4.171814,-0.6746216,-0.07274757,0.001462857,0.9973493,-0.975,1.162676E-08,10,target_6,1.388185,
2397.613,-0.09383751,-0.1264599,0.694015,0.2489774,-4.357513,-0.545929,-0.07597887,-0.004345462,0.9970999,-0.975,1.162676E-08,10,target_6,1.467805,
2397.629,-0.09139092,-0.1266114,0.7142162,0.4834082,-4.495758,-0.4789734,-0.07838249,-0.008436965,0.9968877,-0.975,1.162676E-08,10,MixedRealityCamera,1.572839,
2397.646,-0.08880135,-0.1260214,0.7344488,0.5796861,-4.625824,-0.3650208,-0.08064414,-0.01011726,0.9966916,-0.975,1.162676E-08,10,MixedRealityCamera,1.593359,
2397.662,-0.0862264,-0.1251003,0.7545265,0.9899307,-4.822784,-0.2019043,-0.08406156,-0.01727669,0.9963108,-0.975,1.162676E-08,10,MixedRealityCamera,1.884191,
2397.68,-0.08349141,-0.1228192,0.7748173,1.858271,-5.131378,0.1600692,-0.08939275,-0.03242726,0.9954684,-0.975,1.162676E-08,10,MixedRealityCamera,2.646193,
2397.696,-0.0810683,-0.1176557,0.7945978,1.660784,-5.553406,0.6699069,-0.09673305,-0.02898208,0.9948883,-0.975,1.162676E-08,10,MixedRealityCamera,2.389664,
2397.713,-0.0787247,-0.1120276,0.8155006,-0.02990723,-5.831909,0.745317,-0.1016103,0.0005219937,0.9948241,-0.975,1.162676E-08,10,target_6,0.7138155,
2397.729,-0.07666412,-0.1066276,0.8357964,-0.7189026,-6.128235,0.9058886,-0.1067457,0.01254666,0.9942072,-0.975,1.162676E-08,10,target_6,0.5322903,
2397.746,-0.07467422,-0.1035855,0.8550946,-1.110596,-6.21936,0.9275018,-0.1083147,0.01938224,0.9939277,-0.975,1.162676E-08,10,target_6,0.7561465,
2397.762,-0.07284425,-0.1024898,0.8751797,-1.19223,-6.328552,0.7823328,-0.1102055,0.02080691,0.993691,-0.975,1.162676E-08,10,target_6,0.8771496,
2397.78,-0.07112759,-0.1024617,0.894259,-0.47052,-6.272675,0.4773654,-0.1092565,0.008212296,0.9939797,-0.975,1.162676E-08,10,target_6,0.6271377,
2397.796,-0.06969933,-0.1003778,0.9140725,0.02563686,-6.339478,0.3063424,-0.1104192,-0.0004474476,0.993885,-0.975,1.162676E-08,10,target_6,0.922597,
2397.813,-0.06861332,-0.09606107,0.9334038,-0.05953979,-6.374023,0.2399259,-0.1110181,0.001039162,0.9938179,-0.975,1.162676E-08,10,target_6,0.8593453,
2397.829,-0.06780238,-0.09287413,0.9529461,-0.2060547,-6.503052,0.0494376,-0.1132553,0.003596482,0.9935594,-0.975,1.162676E-08,10,target_6,0.8641139,
2397.846,-0.06686218,-0.09120474,0.9722253,0.3519512,-6.533264,0.04816286,-0.1137781,-0.006142669,0.9934872,-0.975,1.162676E-08,10,target_6,1.217883,
2397.862,-0.06619509,-0.08873766,0.9914851,1.129051,-6.634735,0.009247003,-0.1155168,-0.01970438,0.9931101,-0.975,1.162676E-08,10,MixedRealityCamera,1.903206,
2397.879,-0.06545944,-0.08539535,1.010339,1.224791,-6.679138,0.006642336,-0.1162825,-0.02137501,0.9929861,-0.975,1.162676E-08,10,MixedRealityCamera,1.983075,
2397.896,-0.06478306,-0.08227935,1.02955,1.101415,-6.734375,0.08863354,-0.1172452,-0.01922213,0.9929169,-0.975,1.162676E-08,10,MixedRealityCamera,1.876906,
2397.912,-0.06390859,-0.0801912,1.0487,1.148094,-6.747284,0.2850422,-0.1174668,-0.02003668,0.9928747,-0.975,1.162676E-08,10,MixedRealityCamera,1.904234,
2397.929,-0.06314862,-0.07922119,1.067645,1.10238,-6.825317,0.6224311,-0.1188207,-0.01923897,0.9927293,-0.975,1.162676E-08,10,MixedRealityCamera,1.891551,
2397.945,-0.06237618,-0.07923242,1.086394,1.076747,-6.967316,0.8854665,-0.1212818,-0.01879168,0.9924402,-0.975,1.162676E-08,10,MixedRealityCamera,1.940276,
2397.962,-0.06164654,-0.08060208,1.105184,1.212684,-7.118713,1.03204,-0.1238976,-0.02116375,0.9920693,-0.975,1.162676E-08,10,MixedRealityCamera,2.136983,
2397.979,-0.06096814,-0.08266629,1.123873,1.419556,-7.230103,1.002372,-0.1258157,-0.02477339,0.9917443,-0.975,1.162676E-08,10,MixedRealityCamera,2.372236,
2397.995,-0.06040119,-0.08504684,1.142788,1.424875,-7.338043,0.9222944,-0.1276836,-0.0248662,0.9915032,-0.975,1.162676E-08,10,MixedRealityCamera,2.443284,
2398.013,-0.05990037,-0.08740106,1.162341,1.092796,-7.48703,0.9746528,-0.130278,-0.01907172,0.9912941,-0.975,1.162676E-08,10,MixedRealityCamera,2.285847,
2398.029,-0.05961933,-0.09017517,1.181812,0.5592362,-7.663269,1.062007,-0.1333444,-0.009760357,0.9910217,-0.975,1.162676E-08,10,MixedRealityCamera,2.078578,
2398.045,-0.05942912,-0.09366989,1.201728,0.04418571,-7.800049,1.16609,-0.1357164,-0.000771186,0.9907475,-0.975,1.162676E-08,10,MixedRealityCamera,1.969707,
2398.062,-0.05929108,-0.09840603,1.221798,-0.2790222,-7.88028,1.213771,-0.1371018,0.004869627,0.990545,-0.975,1.162676E-08,10,MixedRealityCamera,1.958147,
2398.079,-0.05928448,-0.1050102,1.241757,-0.42276,-7.855286,1.207962,-0.1366676,0.007378666,0.9905895,-0.975,1.162676E-08,10,MixedRealityCamera,1.904131,
2398.095,-0.05946008,-0.1108557,1.262084,-0.3618164,-7.81131,1.203324,-0.1359082,0.006315064,0.9907013,-0.975,1.162676E-08,10,MixedRealityCamera,1.864981,
2398.112,-0.05994879,-0.115651,1.282774,-0.3573303,-7.776154,1.181374,-0.1353007,0.006236407,0.9907849,-0.975,1.162676E-08,10,MixedRealityCamera,1.827777,
2398.13,-0.06054768,-0.1193762,1.303734,-0.569458,-7.735657,1.331702,-0.1345963,0.009938994,0.9908507,-0.975,1.162676E-08,10,MixedRealityCamera,1.74574,
2398.146,-0.06135422,-0.1222525,1.324939,-0.6972961,-7.663269,1.360971,-0.1333409,0.01217005,0.9909955,-0.975,1.162676E-08,10,MixedRealityCamera,1.654221,
2398.162,-0.06240519,-0.1238432,1.346593,-0.6040039,-7.525543,1.229568,-0.1309612,0.01054175,0.9913315,-0.975,1.162676E-08,10,target_6,1.52007,
2398.179,-0.06352862,-0.1244336,1.36835,-0.6182861,-7.298218,1.018322,-0.1270266,0.01079081,0.9918406,-0.975,1.162676E-08,10,target_6,1.286336,
2398.196,-0.06469695,-0.1238832,1.390213,-0.7619934,-7.026459,0.7442487,-0.1223169,0.01329874,0.992402,-0.975,1.162676E-08,10,target_6,0.9924868,
2398.212,-0.06587486,-0.1240005,1.411949,-0.7879944,-6.808197,0.4602055,-0.1185347,0.0137527,0.9928547,-0.975,1.162676E-08,10,target_6,0.7661725,
2398.229,-0.06720376,-0.1229704,1.43395,-0.1812744,-6.489166,0.171185,-0.1130149,0.003163571,0.9935883,-0.975,1.162676E-08,10,target_6,0.7740492,
2398.246,-0.06839397,-0.119546,1.45596,1.001036,-6.283386,0.1675327,-0.1094294,-0.01747048,0.9938411,-0.975,1.162676E-08,10,MixedRealityCamera,1.812293,
2398.261,-0.06946805,-0.1131044,1.477094,0.7948395,-6.169281,0.2140989,-0.1074558,-0.01387212,0.9941131,-0.975,1.162676E-08,10,target_6,1.554189,
2398.278,-0.07081968,-0.1081288,1.499866,-0.4310608,-5.975067,-0.3066711,-0.1040929,0.007523269,0.9945391,-0.975,1.162676E-08,10,target_6,0.3090104,
2398.295,-0.07219191,-0.1022391,1.52161,-1.5578,-5.863861,-1.258484,-0.1021272,0.02718513,0.9943998,-0.975,1.162676E-08,10,target_6,0.8967844,
2398.312,-0.07334787,-0.0996303,1.543156,-2.163574,-5.730225,-1.517761,-0.09977369,0.03775255,0.9942937,-0.975,1.162676E-08,10,target_6,1.534294,
2398.329,-0.07400399,-0.09832992,1.564566,-2.072174,-5.732849,-1.492737,-0.09982514,0.03615858,0.9943478,-0.975,1.162676E-08,10,target_6,1.454411,
2398.346,-0.07485858,-0.09682205,1.585904,-1.425262,-5.723907,-1.21524,-0.0997042,0.02487288,0.9947062,-0.975,1.162676E-08,10,target_6,0.8595729,
2398.361,-0.07520379,-0.09274554,1.607346,-1.378601,-5.771271,-0.7684937,-0.1005283,0.0240588,0.9946433,-0.975,1.162676E-08,10,target_6,0.8259051,
2398.379,-0.07562788,-0.08847746,1.629253,-1.960663,-5.752075,-0.334198,-0.1001655,0.03421318,0.9943824,-0.975,1.162676E-08,10,target_6,1.410976,
2398.395,-0.07606902,-0.085554,1.650493,-2.406921,-5.725922,-0.25354,-0.0996819,0.04199652,0.9941327,-0.975,1.162676E-08,10,MixedRealityCamera,1.870744,
2398.412,-0.07627478,-0.08332689,1.671496,-2.063477,-5.718109,-0.01602173,-0.09956943,0.03600666,0.9943789,-0.975,1.162676E-08,10,target_6,1.557334,
2398.428,-0.07659811,-0.08104334,1.692499,-1.500092,-5.720306,0.2005533,-0.0996382,0.02617868,0.9946793,-0.975,1.162676E-08,10,target_6,1.046985,
2398.446,-0.07664904,-0.07927103,1.713073,-1.076233,-5.732056,0.509369,-0.09985904,0.01878282,0.9948243,-0.975,1.162676E-08,10,target_6,0.6996954,
2398.461,-0.07675639,-0.0777156,1.73384,-0.7705078,-5.768372,0.4938968,-0.1004979,0.01344734,0.9948464,-0.975,1.162676E-08,10,target_6,0.4925778,
2398.479,-0.0767468,-0.07672954,1.754506,-0.5351257,-5.710327,0.3446257,-0.09949458,0.009339682,0.9949943,-0.975,1.162676E-08,10,target_6,0.5070629,
2398.495,-0.07677723,-0.07535373,1.775018,-0.752655,-5.627319,0.172334,-0.09804883,0.01313578,0.9950949,-0.975,1.162676E-08,10,target_6,0.6477052,
2398.512,-0.07684922,-0.07461302,1.795628,-1.229797,-5.569244,-0.08947754,-0.09702651,0.02146242,0.9950504,-0.975,1.162676E-08,10,target_6,0.9833755,
2398.528,-0.07720693,-0.07443833,1.816141,-1.808319,-5.591919,-0.3691711,-0.09739395,0.03155563,0.9947456,-0.975,1.162676E-08,10,target_6,1.453065,
2398.545,-0.07733423,-0.07589851,1.836388,-2.230011,-5.623352,-0.4851074,-0.09791416,0.03891117,0.9944339,-0.975,1.162676E-08,10,MixedRealityCamera,1.821019,
2398.561,-0.07751963,-0.07855302,1.856666,-2.450226,-5.697388,-0.5385437,-0.09918341,0.04275153,0.9941503,-0.975,1.162676E-08,10,MixedRealityCamera,1.990758,
2398.578,-0.07764572,-0.08249997,1.877151,-2.595459,-5.779785,-0.6009521,-0.1006022,0.04528375,0.9938956,-0.975,1.162676E-08,10,MixedRealityCamera,2.083938,
2398.595,-0.07772105,-0.08659686,1.897704,-2.64267,-5.899139,-0.7043457,-0.1026683,0.04610685,0.9936465,-0.975,1.162676E-08,10,MixedRealityCamera,2.076977,
2398.611,-0.07767233,-0.09035394,1.918648,-2.663666,-5.979309,-0.7923584,-0.1040567,0.04647296,0.993485,-0.975,1.162676E-08,10,MixedRealityCamera,2.05795,
2398.628,-0.07712474,-0.0956025,1.939761,-2.551086,-6.092468,-0.8167725,-0.1060281,0.04451032,0.9933664,-0.975,1.162676E-08,10,MixedRealityCamera,1.894136,
2398.645,-0.07637044,-0.1009104,1.960778,-2.486053,-6.136353,-0.8011475,-0.1067942,0.04337637,0.9933345,-0.975,1.162676E-08,10,MixedRealityCamera,1.787832,
2398.661,-0.0755389,-0.1062671,1.981872,-2.414856,-6.188049,-0.8209229,-0.1076961,0.04213484,0.9932906,-0.975,1.162676E-08,10,target_6,1.673744,
2398.678,-0.07381358,-0.1128985,2.003628,-2.189148,-6.227081,-0.6933899,-0.1083903,0.03819854,0.9933742,-0.975,1.162676E-08,10,target_6,1.400116,
2398.695,-0.07228334,-0.1172985,2.025226,-1.989716,-6.370148,-0.5587158,-0.1108841,0.03472034,0.9932266,-0.975,1.162676E-08,10,target_6,1.155722,
2398.711,-0.07064516,-0.1198916,2.0473,-1.860016,-6.608124,-0.3979492,-0.1150172,0.03245769,0.9928331,-0.975,1.162676E-08,10,target_6,1.008912,
2398.729,-0.06885786,-0.1206927,2.069552,-1.9198,-6.861877,-0.3260193,-0.1194093,0.0335007,0.9922798,-0.975,1.162676E-08,10,target_6,1.108005,
2398.746,-0.06678504,-0.1204856,2.09218,-2.120361,-7.004944,-0.5231018,-0.1218716,0.03699877,0.991856,-0.975,1.162676E-08,10,target_6,1.332661,
2398.761,-0.06459153,-0.1202795,2.114997,-2.421295,-7.023407,-0.7655945,-0.1221656,0.04224707,0.9916102,-0.975,1.162676E-08,10,target_6,1.613497,
2398.779,-0.06261663,-0.1197593,2.137087,-2.084991,-7.105316,-0.8646851,-0.1236119,0.03638188,0.9916635,-0.975,1.162676E-08,10,target_6,1.311644,
2398.795,-0.06072488,-0.1173808,2.159357,-0.8395996,-7.346283,-0.8028564,-0.1278523,0.0146531,0.991685,-0.975,1.162676E-08,10,target_6,0.6954879,
2398.812,-0.05913557,-0.111952,2.179358,-0.457489,-7.631073,-0.4710999,-0.1327896,0.007984571,0.9911121,-0.975,1.162676E-08,10,target_6,1.016448,
2398.828,-0.05780381,-0.1071452,2.200925,-1.333374,-7.690308,-0.3554382,-0.1337824,0.02326985,0.9907375,-0.975,1.162676E-08,10,target_6,1.126917,
2398.845,-0.05643362,-0.1036028,2.220909,-1.444183,-7.69223,-0.1300964,-0.1338093,0.02520303,0.9906866,-0.975,1.162676E-08,10,target_6,1.178026,
2398.862,-0.05529791,-0.1010203,2.240709,-1.55835,-7.555511,0.2313985,-0.1314378,0.02719516,0.9909513,-0.975,1.162676E-08,10,target_6,1.140896,
2398.878,-0.05443824,-0.09812675,2.260767,-1.634338,-7.539276,0.3210125,-0.1311522,0.02852094,0.9909519,-0.975,1.162676E-08,10,target_6,1.185312,
2398.895,-0.05431503,-0.09346321,2.280715,-1.518768,-7.530304,0.1725768,-0.1310043,0.02650423,0.9910275,-0.975,1.162676E-08,10,target_6,1.104113,
2398.911,-0.05415697,-0.08764748,2.30072,-1.845764,-7.635742,0.08215037,-0.1328057,0.03220916,0.9906186,-0.975,1.162676E-08,10,target_6,1.449154,
2398.928,-0.05436899,-0.08361404,2.320684,-2.133301,-7.771515,-0.04611206,-0.1351294,0.03722466,0.9901285,-0.975,1.162676E-08,10,target_6,1.779383,
2398.945,-0.05437833,-0.08108033,2.34017,-1.803772,-7.842834,-0.1532593,-0.1363885,0.03147654,0.9901552,-0.975,1.162676E-08,10,target_6,1.556454,
2398.96,-0.05446885,-0.07841942,2.36042,-1.287109,-7.910095,-0.2276306,-0.1375846,0.02246261,0.9902353,-0.975,1.162676E-08,10,target_6,1.254762,
2398.978,-0.054586,-0.07433444,2.380461,-1.056549,-7.983032,-0.2065735,-0.1388562,0.01843904,0.9901409,-0.975,1.162676E-08,10,target_6,1.204635,
2398.995,-0.0544188,-0.07063814,2.400748,-1.126343,-8.038177,0.009102852,-0.1398058,0.01965689,0.9899838,-0.975,1.162676E-08,10,target_6,1.279013,
2399.012,-0.05420934,-0.06872386,2.42115,-0.8476257,-8.090393,0.1166667,-0.1407197,0.01479322,0.989939,-0.975,1.162676E-08,10,target_6,1.209337,
2399.028,-0.05359435,-0.06828232,2.440905,-0.2866211,-8.003357,0.2622395,-0.1392294,0.005002294,0.9902475,-0.975,1.162676E-08,10,target_6,1.077745,
2399.045,-0.05288688,-0.06935966,2.46095,0.2981268,-7.923676,0.4174941,-0.1378518,-0.005203272,0.9904392,-0.975,1.162676E-08,10,target_6,1.256009,
2399.06,-0.0523118,-0.07010978,2.481153,0.6653756,-7.812256,0.5081793,-0.1359185,-0.01161273,0.990652,-0.975,1.162676E-08,10,target_6,1.447533,
2399.078,-0.05153113,-0.07212068,2.500936,0.8054612,-7.742096,0.5380883,-0.134701,-0.01405749,0.9907866,-0.975,1.162676E-08,10,target_6,1.53289,
2399.095,-0.05095222,-0.07424255,2.520597,0.9386414,-7.651215,0.5421654,-0.1331245,-0.01638165,0.9909639,-0.975,1.162676E-08,10,target_6,1.621482,
2399.112,-0.05060215,-0.07720886,2.540967,0.8973355,-7.614227,0.4986985,-0.1324865,-0.01566082,0.9910611,-0.975,1.162676E-08,10,target_6,1.584244,
2399.128,-0.05063461,-0.07984583,2.561094,0.5765635,-7.588379,0.47517,-0.1320486,-0.01006276,0.9911922,-0.975,1.162676E-08,10,target_6,1.289678,
2399.144,-0.05086101,-0.08291462,2.581721,0.07854117,-7.619141,0.4719918,-0.1325874,-0.001370801,0.9911703,-0.975,1.162676E-08,10,target_6,0.8820438,
2399.16,-0.05135193,-0.08667862,2.60257,-0.3377686,-7.639038,0.4139949,-0.1329293,0.005895279,0.991108,-0.975,1.162676E-08,10,target_6,0.616438,
2399.178,-0.05197944,-0.09169878,2.623026,-0.4530945,-7.64975,0.3451447,-0.1331128,0.007908165,0.9910693,-0.975,1.162676E-08,10,target_6,0.5764125,
2399.195,-0.05275947,-0.0967501,2.643079,-0.6103821,-7.648224,0.486441,-0.1330831,0.01065275,0.9910476,-0.975,1.162676E-08,10,target_6,0.5215207,
2399.211,-0.05359563,-0.100924,2.663848,-1.151581,-7.6185,0.7107548,-0.1325497,0.02009736,0.9909726,-0.975,1.162676E-08,10,target_6,0.5898349,
2399.229,-0.05477666,-0.1039059,2.684757,-1.953918,-7.562988,0.8146999,-0.1315394,0.03409576,0.9907244,-0.975,1.162676E-08,10,target_6,1.211923,
2399.245,-0.05607161,-0.1052141,2.706365,-2.698975,-7.492462,0.7125894,-0.130251,0.04708831,0.9903622,-0.975,1.162676E-08,10,target_6,1.904645,
2399.261,-0.05775003,-0.1054617,2.727826,-3.305878,-7.367828,0.5141618,-0.1280251,0.0576667,0.990093,-0.975,1.162676E-08,10,MixedRealityCamera,2.487977,
2399.278,-0.0592124,-0.1050373,2.749917,-3.846283,-7.245605,0.4322681,-0.1258388,0.06708007,0.9897802,-0.975,1.162676E-08,10,MixedRealityCamera,3.023103,
2399.294,-0.06078508,-0.105531,2.771802,-3.990936,-7.042572,0.1753416,-0.1223093,0.06959889,0.9900487,-0.975,1.162676E-08,10,MixedRealityCamera,3.165392,
2399.311,-0.06208507,-0.1064902,2.793787,-3.470001,-6.680145,-0.3710632,-0.1161135,0.06052583,0.99139,-0.975,1.162676E-08,10,MixedRealityCamera,2.684819,
2399.328,-0.06353489,-0.1063172,2.815829,-1.888489,-6.28714,-0.9240112,-0.1094519,0.03295422,0.9934457,-0.975,1.162676E-08,10,target_6,1.409449,
2399.344,-0.06484318,-0.1015724,2.836612,-0.2923584,-6.020691,-0.9681396,-0.1048864,0.005102709,0.9944711,-0.975,1.162676E-08,10,target_6,1.323821,
2399.36,-0.06586388,-0.09891628,2.857399,-0.4653015,-5.78302,-0.7591248,-0.100758,0.00812103,0.9948778,-0.975,1.162676E-08,10,target_6,1.505582,
2399.378,-0.06748726,-0.09708327,2.879267,-0.9927979,-5.570007,-0.6343079,-0.09704734,0.01732673,0.9951289,-0.975,1.162676E-08,10,target_6,1.706742,
2399.395,-0.06910495,-0.09448172,2.898816,-0.881958,-5.393372,-0.8643799,-0.09398193,0.01539255,0.9954549,-0.975,1.162676E-08,10,target_6,1.880656,
2399.411,-0.07005602,-0.09074681,2.919617,-1.814575,-5.261261,-0.8785095,-0.09165138,0.03166479,0.9952876,-0.975,1.162676E-08,10,MixedRealityCamera,2.294905,
2399.428,-0.07125613,-0.08715385,2.940631,-2.450684,-5.175323,-0.9008789,-0.09012105,0.04275956,0.9950125,-0.975,1.162676E-08,10,MixedRealityCamera,2.747731,
2399.446,-0.07197063,-0.08279708,2.960914,-2.644562,-5.23465,-0.8238831,-0.09113766,0.04613974,0.9947689,-0.975,1.162676E-08,10,MixedRealityCamera,2.865325,
2399.46,-0.07268596,-0.07962435,2.981694,-2.910095,-5.265656,-0.6644897,-0.09165525,0.05076902,0.9944957,-0.975,1.162676E-08,10,MixedRealityCamera,3.061518,
2399.477,-0.07302564,-0.07767121,3.002353,-2.723846,-5.34201,-0.6259766,-0.09299547,0.04752202,0.9945318,-0.975,1.162676E-08,10,MixedRealityCamera,2.896243,
2399.494,-0.07359675,-0.0760209,3.023339,-1.971008,-5.48056,-0.6974792,-0.09545137,0.03439397,0.9948397,-0.975,1.162676E-08,10,MixedRealityCamera,2.316297,
2399.511,-0.07381335,-0.0732568,3.043988,-1.395538,-5.558472,-0.7213135,-0.09683284,0.02435444,0.9950026,-0.975,1.162676E-08,10,target_6,1.989676,
2399.528,-0.0740867,-0.07102189,3.064701,-1.002197,-5.629791,-0.7277832,-0.09808534,0.01749059,0.9950243,-0.975,1.162676E-08,10,target_6,1.820482,
2399.544,-0.0741086,-0.06964035,3.085674,-0.5644836,-5.668823,-0.7510376,-0.09877339,0.009851852,0.9950612,-0.975,1.162676E-08,10,target_6,1.754574,
2399.56,-0.07432113,-0.06905869,3.106459,-0.1967773,-5.622559,-0.8088379,-0.0979741,0.003434402,0.9951831,-0.975,1.162676E-08,10,target_6,1.858885,
2399.578,-0.07433704,-0.06878203,3.127004,-0.06576538,-5.530304,-0.8694458,-0.09637222,0.001147965,0.9953447,-0.975,1.162676E-08,10,target_6,1.999586,
2399.594,-0.07453296,-0.06912231,3.147457,-0.1278687,-5.446442,-0.8420105,-0.09491479,0.002231463,0.9954829,-0.975,1.162676E-08,10,MixedRealityCamera,2.087692,
2399.611,-0.07468549,-0.0703651,3.167913,-0.2423096,-5.383423,-0.7869873,-0.0938194,0.004229107,0.9955803,-0.975,1.162676E-08,10,MixedRealityCamera,2.151041,
2399.628,-0.07510276,-0.0724887,3.188542,-0.3623962,-5.380707,-0.7636414,-0.09377096,0.0063247,0.9955737,-0.975,1.162676E-08,10,MixedRealityCamera,2.158942,
2399.645,-0.07545757,-0.07529014,3.209387,-0.5782471,-5.406281,-0.7791443,-0.09421278,0.01009198,0.9955009,-0.975,1.162676E-08,10,MixedRealityCamera,2.140186,
2399.661,-0.07600741,-0.0785929,3.230566,-0.894165,-5.480469,-0.8224792,-0.09549455,0.01560528,0.9953076,-0.975,1.162676E-08,10,target_6,2.097325,
2399.678,-0.07643625,-0.0824087,3.251466,-1.173157,-5.625061,-0.8578186,-0.09799761,0.02047426,0.994976,-0.975,1.162676E-08,10,target_6,2.016836,
2399.694,-0.07685801,-0.08690746,3.273095,-1.378021,-5.837677,-0.9082031,-0.1016811,0.0240489,0.9945263,-0.975,1.162676E-08,10,target_6,1.88076,
2399.711,-0.0769437,-0.0918342,3.294357,-1.580994,-6.047363,-1.010773,-0.1053103,0.02758996,0.9940566,-0.975,1.162676E-08,10,target_6,1.772661,
2399.727,-0.07660172,-0.09713425,3.315672,-1.821564,-6.230011,-1.224792,-0.1084652,0.03178697,0.9935919,-0.975,1.162676E-08,10,target_6,1.738438,
2399.744,-0.07609493,-0.1022637,3.337237,-2.040863,-6.433136,-1.348267,-0.1119725,0.03561222,0.993073,-0.975,1.162676E-08,10,target_6,1.711779,
2399.76,-0.0753068,-0.1069101,3.358658,-2.179504,-6.727692,-1.358856,-0.1170662,0.03803024,0.9923957,-0.975,1.162676E-08,10,target_6,1.604862,
2399.777,-0.07435338,-0.110073,3.380442,-2.359833,-7.073608,-1.215759,-0.1230401,0.04117545,0.9915471,-0.975,1.162676E-08,10,target_6,1.568104,
2399.794,-0.07340164,-0.1126037,3.402131,-2.548126,-7.400513,-1.144592,-0.1286771,0.04445866,0.9906895,-0.975,1.162676E-08,10,target_6,1.624497,
2399.811,-0.07171457,-0.1128725,3.424206,-2.74231,-7.697174,-1.140106,-0.1337841,0.04784422,0.9898549,-0.975,1.162676E-08,10,target_6,1.77244,
2399.828,-0.06988821,-0.1136333,3.446221,-2.832733,-7.790192,-1.352325,-0.1353802,0.04942023,0.9895604,-0.975,1.162676E-08,10,target_6,1.850126,
2399.844,-0.06820638,-0.1142166,3.467813,-2.588379,-7.833282,-1.560242,-0.1361519,0.04516052,0.9896581,-0.975,1.162676E-08,10,target_6,1.597652,
2399.86,-0.06637919,-0.1140319,3.489422,-1.550537,-7.928802,-1.727966,-0.1378919,0.0270585,0.9900776,-0.975,1.162676E-08,10,target_6,0.5567266,
2399.877,-0.06523615,-0.1102257,3.509855,-0.5450745,-8.098755,-1.879913,-0.1408736,0.009513428,0.9899819,-0.975,1.162676E-08,10,target_6,0.4347627,
2399.894,-0.06353044,-0.1060834,3.531496,-1.354156,-8.137115,-1.871063,-0.141503,0.02363228,0.9896557,-0.975,1.162676E-08,10,target_6,0.4392403,
2399.91,-0.06241473,-0.1008528,3.552902,-2.164246,-8.194641,-1.76062,-0.1424344,0.03776414,0.9890836,-0.975,1.162676E-08,10,target_6,1.284204,
2399.927,-0.06101689,-0.09735844,3.573419,-2.375854,-8.13443,-1.701447,-0.1413742,0.04145478,0.9890879,-0.975,1.162676E-08,10,target_6,1.517106,
2399.944,-0.06000466,-0.0957047,3.594232,-2.497284,-8.085999,-1.679962,-0.1405256,0.0435721,0.9891178,-0.975,1.162676E-08,10,target_6,1.650431,
2399.96,-0.05905015,-0.0951096,3.615382,-2.015808,-7.990631,-1.544464,-0.1389252,0.03517548,0.989678,-0.975,1.162676E-08,10,target_6,1.18366,
2399.977,-0.05896575,-0.09184702,3.63626,-1.704742,-8.049377,-1.523132,-0.1399645,0.02974923,0.9897095,-0.975,1.162676E-08,10,target_6,0.8974388,
2399.994,-0.0586293,-0.08746263,3.657144,-2.222443,-8.04007,-1.53299,-0.1397604,0.03877897,0.9894257,-0.975,1.162676E-08,10,target_6,1.451718,
2400.01,-0.05871429,-0.0842616,3.678195,-2.497681,-7.950439,-1.615051,-0.1381852,0.04357899,0.9894472,-0.975,1.162676E-08,10,target_6,1.767022,
2400.028,-0.05863307,-0.08298662,3.698673,-1.777466,-7.796204,-1.842194,-0.1355845,0.03101768,0.9902802,-0.975,1.162676E-08,10,target_6,1.136256,
2400.045,-0.05882642,-0.08174542,3.719062,-0.6054688,-7.587219,-1.99588,-0.1320278,0.0105674,0.9911897,-0.975,1.162676E-08,10,target_6,0.7238871,
2400.06,-0.0588175,-0.07948358,3.739288,-0.1039124,-7.352386,-1.968292,-0.1279714,0.001813706,0.9917762,-0.975,1.162676E-08,10,target_6,1.151481,
2400.078,-0.05909812,-0.0767013,3.759809,-0.06002808,-7.256683,-1.546936,-0.1263147,0.001047765,0.9919897,-0.975,1.162676E-08,10,target_6,1.265013,
2400.094,-0.05911574,-0.07450024,3.779865,-0.1218567,-7.258209,-1.04776,-0.1263406,0.002126965,0.9919847,-0.975,1.162676E-08,10,target_6,1.249135,
2400.11,-0.05935739,-0.0736106,3.800017,-0.1760559,-7.31546,-0.521637,-0.1273318,0.003072798,0.9918554,-0.975,1.162676E-08,10,target_6,1.193702,
2400.127,-0.05927429,-0.07377092,3.819971,-0.294281,-7.343811,-0.1203003,-0.1278215,0.005136229,0.9917839,-0.975,1.162676E-08,10,target_6,1.14995,
2400.143,-0.05938968,-0.0748432,3.84025,-0.4778748,-7.417877,0.03001551,-0.1291008,0.00834041,0.9915964,-0.975,1.162676E-08,10,target_6,1.057954,
2400.161,-0.05938806,-0.07671003,3.860445,-0.6288757,-7.461914,0.1222568,-0.1298596,0.01097558,0.9914716,-0.975,1.162676E-08,10,target_6,1.023355,
2400.177,-0.05956512,-0.07946542,3.88057,-0.7382813,-7.563965,0.1545154,-0.1316218,0.012885,0.9912162,-0.975,1.162676E-08,10,target_6,0.9439828,
2400.194,-0.05983612,-0.08243115,3.901434,-0.9055481,-7.637421,0.09107252,-0.1328872,0.01580407,0.9910052,-0.975,1.162676E-08,10,target_6,0.9074132,
2400.21,-0.06030695,-0.08493965,3.922349,-1.15625,-7.672974,-0.02017212,-0.1334917,0.02017875,0.9908445,-0.975,1.162676E-08,10,target_6,0.9577706,
2400.227,-0.06120399,-0.08861297,3.944022,-1.664581,-7.7164,-0.2644653,-0.1342134,0.02904841,0.9905266,-0.975,1.162676E-08,10,target_6,1.201871,
2400.243,-0.06220654,-0.09291504,3.965421,-1.959503,-7.718201,-0.339325,-0.1342222,0.03419331,0.9903612,-0.975,1.162676E-08,10,target_6,1.400675,
2400.26,-0.06346948,-0.09837481,3.986124,-1.993622,-7.711029,-0.3632813,-0.1340958,0.03478804,0.9903576,-0.975,1.162676E-08,10,target_6,1.400815,
2400.277,-0.06500086,-0.1047307,4.007316,-1.758362,-7.661377,-0.4127808,-0.1332555,0.03068428,0.9906066,-0.975,1.162676E-08,10,target_6,1.2397,
2400.294,-0.06672832,-0.1109363,4.028217,-1.303986,-7.587494,-0.4942627,-0.132006,0.02275685,0.9909877,-0.975,1.162676E-08,10,target_6,1.089842,
2400.31,-0.06885257,-0.1154815,4.049846,-1.017822,-7.523956,-0.4726257,-0.1309199,0.01776353,0.9912338,-0.975,1.162676E-08,10,target_6,1.137632,
2400.327,-0.07110825,-0.1180261,4.071703,-0.9593506,-7.487854,-0.3123474,-0.1302977,0.01674288,0.9913335,-0.975,1.162676E-08,10,target_6,1.193046,
2400.343,-0.0738496,-0.1185352,4.094504,-1.106903,-7.436249,-0.2162476,-0.129399,0.01931795,0.9914044,-0.975,1.162676E-08,10,target_6,1.240016,
2400.36,-0.07686833,-0.1182026,4.117276,-1.5513,-7.332092,-0.3088684,-0.1275735,0.02707209,0.9914596,-0.975,1.162676E-08,10,target_6,1.409866,
2400.376,-0.07994956,-0.1185258,4.139891,-1.721863,-7.123016,-0.6256409,-0.1239442,0.03004776,0.9918342,-0.975,1.162676E-08,10,target_6,1.663423,
2400.394,-0.08283476,-0.1200673,4.162031,-1.155945,-6.837402,-0.8953857,-0.1190278,0.02017349,0.992686,-0.975,1.162676E-08,10,target_6,1.850972,
2400.41,-0.08552846,-0.1195523,4.18445,0.7638245,-6.493561,-1.11673,-0.1130813,-0.01333086,0.9934963,-0.975,1.162676E-08,10,MixedRealityCamera,2.926902,
2400.427,-0.08790518,-0.1145925,4.205331,2.079177,-6.220886,-1.001038,-0.1082903,-0.03628051,0.9934571,-0.975,1.162676E-08,10,MixedRealityCamera,4.049221,
2400.443,-0.08987109,-0.1097401,4.227543,0.522412,-5.836517,-0.8310242,-0.1016859,-0.009117682,0.9947748,-0.975,1.162676E-08,10,MixedRealityCamera,3.295031,
2400.46,-0.09241649,-0.1049554,4.249682,-0.4613647,-5.742401,-1.09671,-0.1000527,0.008052066,0.9949496,-0.975,1.162676E-08,10,MixedRealityCamera,3.037573,
2400.477,-0.09469969,-0.1011571,4.269863,-0.9317017,-5.781219,-1.161438,-0.100717,0.01626055,0.9947822,-0.975,1.162676E-08,10,MixedRealityCamera,2.953003,
2400.494,-0.09660074,-0.09874647,4.291047,-1.510437,-5.965302,-0.9500122,-0.1038903,0.02635911,0.9942394,-0.975,1.162676E-08,10,MixedRealityCamera,2.831445,
2400.51,-0.09812846,-0.09584489,4.311817,-1.068573,-6.135956,-0.7735901,-0.1068693,0.01864899,0.9940982,-0.975,1.162676E-08,10,MixedRealityCamera,2.629646,
2400.527,-0.09972587,-0.09054123,4.332475,-0.9613647,-6.478394,-0.395874,-0.1128127,0.01677805,0.9934746,-0.975,1.162676E-08,10,target_6,2.301208,
2400.543,-0.1006328,-0.08560136,4.353504,-1.544403,-6.740631,-0.08508301,-0.1173321,0.02695154,0.9927269,-0.975,1.162676E-08,10,target_6,2.172498,
2400.56,-0.1013829,-0.08191258,4.373669,-1.531586,-7.032043,-0.02792358,-0.1223806,0.02672801,0.9921233,-0.975,1.162676E-08,10,target_6,1.928032,
2400.577,-0.1016191,-0.07911275,4.394044,-0.7527771,-7.21048,0.01010794,-0.1255037,0.01313782,0.9920062,-0.975,1.162676E-08,10,target_6,1.645324,
2400.594,-0.1017359,-0.07553037,4.413777,-0.07162476,-7.371521,-0.006286621,-0.1283024,0.001249935,0.9917343,-0.975,1.162676E-08,10,target_6,1.664716,
2400.61,-0.1021049,-0.07236864,4.434334,0.1951738,-7.488434,-0.008422852,-0.1303252,-0.00340642,0.9914654,-0.975,1.162676E-08,10,target_6,1.702264,
2400.627,-0.1017993,-0.07004515,4.454035,0.308275,-7.597504,-0.4287109,-0.1322114,-0.005380388,0.9912069,-0.975,1.162676E-08,10,target_6,1.693966,
2400.643,-0.1018016,-0.06899621,4.474019,0.4742017,-7.533081,-0.8075256,-0.1310942,-0.008276287,0.9913354,-0.975,1.162676E-08,10,target_6,1.867079,
2400.66,-0.101588,-0.06813706,4.493916,0.4282725,-7.392517,-1.156769,-0.1286626,-0.007474695,0.9916602,-0.975,1.162676E-08,10,target_6,1.975164,
2400.677,-0.1016904,-0.06824835,4.514009,0.1329029,-7.190674,-1.429688,-0.1251715,-0.002319592,0.9921324,-0.975,1.162676E-08,10,target_6,2.034324,
2400.694,-0.1017029,-0.06914943,4.533652,-0.2388611,-6.943909,-1.742706,-0.1208966,0.004168652,0.9926564,-0.975,1.162676E-08,10,target_6,2.185432,
2400.71,-0.1020875,-0.07172118,4.553808,-0.473114,-6.69339,-1.99527,-0.1165521,0.008257116,0.9931502,-0.975,1.162676E-08,10,target_6,2.427613,
2400.727,-0.1022779,-0.0749691,4.573758,-0.6093445,-6.516571,-2.157715,-0.1134841,0.01063497,0.9934829,-0.975,1.162676E-08,10,MixedRealityCamera,2.625772,
2400.743,-0.1030596,-0.07887454,4.594445,-0.8021545,-6.457733,-2.209015,-0.1124591,0.01399991,0.9935577,-0.975,1.162676E-08,10,MixedRealityCamera,2.705229,
2400.76,-0.1033325,-0.08266629,4.615003,-1.095337,-6.459564,-2.17981,-0.1124814,0.01911608,0.99347,-0.975,1.162676E-08,10,MixedRealityCamera,2.744095,
2400.776,-0.1038357,-0.08693741,4.63578,-1.377838,-6.467743,-2.121002,-0.1126113,0.02404542,0.9933481,-0.975,1.162676E-08,10,MixedRealityCamera,2.794563,
2400.793,-0.103775,-0.09076086,4.656285,-1.636078,-6.468079,-2.192688,-0.112604,0.02855089,0.9932297,-0.975,1.162676E-08,10,MixedRealityCamera,2.871604,
2400.81,-0.1039033,-0.09587938,4.677403,-1.867615,-6.487823,-2.226624,-0.1129318,0.03259036,0.9930681,-0.975,1.162676E-08,10,MixedRealityCamera,2.93158,
2400.828,-0.1032834,-0.1020173,4.698495,-1.858368,-6.620667,-2.167969,-0.1152346,0.0324292,0.9928088,-0.975,1.162676E-08,10,MixedRealityCamera,2.823067,
2400.843,-0.1026454,-0.1071577,4.719743,-1.759552,-6.765503,-1.982361,-0.1177505,0.0307053,0.9925684,-0.975,1.162676E-08,10,MixedRealityCamera,2.685549,
2400.86,-0.1019898,-0.1110956,4.741159,-1.614075,-6.940033,-1.797852,-0.1207826,0.02816706,0.9922793,-0.975,1.162676E-08,10,target_6,2.520026,
2400.877,-0.1008854,-0.1142367,4.762403,-1.366882,-7.087067,-1.718536,-0.1233424,0.02385451,0.9920774,-0.975,1.162676E-08,10,target_6,2.390974,
2400.895,-0.09978308,-0.1152057,4.783803,-1.18924,-7.147736,-1.796875,-0.1244014,0.02075487,0.9920149,-0.975,1.162676E-08,10,target_6,2.377264,
2400.91,-0.09823294,-0.1158631,4.805531,-1.175018,-7.13028,-1.853119,-0.1240999,0.02050642,0.9920578,-0.975,1.162676E-08,10,target_6,2.451202,
2400.926,-0.09667262,-0.1155425,4.827151,-1.131348,-7.077271,-1.769684,-0.1231838,0.01974436,0.9921874,-0.975,1.162676E-08,10,target_6,2.562084,
2400.943,-0.09500282,-0.1156304,4.848695,-0.6579285,-7.076385,-1.682465,-0.1231846,0.01148278,0.9923173,-0.975,1.162676E-08,10,target_6,2.687515,
2400.96,-0.09389689,-0.1117365,4.87035,0.2440414,-7.234406,-1.665833,-0.125928,-0.004259313,0.9920303,-0.975,1.162676E-08,10,MixedRealityCamera,2.912285,
2400.977,-0.0926579,-0.1064449,4.891786,-0.3546143,-7.360413,-1.482544,-0.1281081,0.006189255,0.9917409,-0.975,1.162676E-08,10,target_6,2.573974,
2400.993,-0.09185666,-0.09951821,4.91407,-1.995483,-7.339539,-1.296997,-0.1276715,0.03482077,0.9912051,-0.975,1.162676E-08,10,target_6,2.663887,
2401.01,-0.09099825,-0.09485376,4.935185,-2.738373,-7.255798,-1.095398,-0.1261549,0.04777551,0.9908594,-0.975,1.162676E-08,10,MixedRealityCamera,3.132754,
2401.026,-0.09033559,-0.09299421,4.955234,-3.059082,-7.008423,-1.025848,-0.1218414,0.05336569,0.9911139,-0.975,1.162676E-08,10,MixedRealityCamera,3.563154,
2401.042,-0.08959463,-0.09291594,4.97563,-2.457458,-6.769104,-0.8833008,-0.1177601,0.04287736,0.992116,-0.975,1.162676E-08,10,MixedRealityCamera,3.520032,
2401.06,-0.08972678,-0.0923737,4.995542,-0.8791504,-6.579895,-1.086395,-0.114575,0.01534355,0.9932961,-0.975,1.162676E-08,10,MixedRealityCamera,3.455134,
2401.077,-0.09028311,-0.08805168,5.015301,-0.8869629,-6.686615,-1.09668,-0.116425,0.01547979,0.9930788,-0.975,1.162676E-08,10,MixedRealityCamera,3.379103,
2401.093,-0.09111945,-0.08352298,5.035688,-1.545166,-6.782257,-0.9183655,-0.1180537,0.02696501,0.992641,-0.975,1.162676E-08,10,MixedRealityCamera,3.365692,
2401.11,-0.09261426,-0.0802734,5.055734,-2.066711,-7.133392,-0.8365173,-0.124099,0.03606319,0.9916143,-0.975,1.162676E-08,10,MixedRealityCamera,3.198676,
2401.126,-0.09383574,-0.07805468,5.075321,-1.583832,-7.264648,-0.8452454,-0.1264041,0.02763982,0.9915937,-0.975,1.162676E-08,10,MixedRealityCamera,2.960616,
2401.143,-0.09482294,-0.07605235,5.09457,-0.9153748,-7.372772,-0.91922,-0.128308,0.01597563,0.9916057,-0.975,1.162676E-08,10,target_6,2.799462,
2401.16,-0.09592424,-0.07399347,5.113975,-0.6034546,-7.535583,-0.8138123,-0.1311346,0.01053229,0.9913086,-0.975,1.162676E-08,10,target_6,2.675251,
2401.177,-0.09676865,-0.07247743,5.133423,-0.3179626,-7.747955,-0.546051,-0.1348135,0.005549717,0.9908555,-0.975,1.162676E-08,10,target_6,2.535744,
2401.193,-0.09767614,-0.07106011,5.153208,-0.1765442,-7.92868,-0.2679749,-0.1379396,0.003081069,0.9904358,-0.975,1.162676E-08,10,target_6,2.420184,
2401.209,-0.09834595,-0.07051413,5.172753,-0.3442383,-8.254639,0.1089514,-0.1435702,0.006008283,0.9896219,-0.975,1.162676E-08,10,target_6,2.09387,
2401.226,-0.09891847,-0.07091141,5.192028,-0.3866577,-8.501892,0.2932215,-0.1478388,0.006748363,0.9889885,-0.975,1.162676E-08,10,target_6,1.878157,
2401.242,-0.09939608,-0.07263612,5.211269,-0.2666321,-8.767334,0.2388929,-0.152421,0.00465337,0.9883047,-0.975,1.162676E-08,10,target_6,1.699502,
2401.26,-0.09998064,-0.07516074,5.230561,-0.08999634,-8.974335,0.0790326,-0.1559917,0.001570613,0.9877571,-0.975,1.162676E-08,10,target_6,1.630389,
2401.276,-0.1007147,-0.07725513,5.249852,-0.07543945,-9.190521,-0.06646729,-0.1597178,0.001316606,0.9871618,-0.975,1.162676E-08,10,target_6,1.496848,
2401.293,-0.1016567,-0.08016787,5.269734,-0.4975281,-9.371399,-0.2403259,-0.1628273,0.008683157,0.9866164,-0.975,1.162676E-08,10,target_6,1.181343,
2401.309,-0.1027901,-0.08262745,5.289464,-1.093262,-9.538513,-0.3753052,-0.1656805,0.01907966,0.9859949,-0.975,1.162676E-08,10,target_6,0.957362,
2401.326,-0.1042564,-0.08584081,5.30944,-1.589355,-9.670441,-0.4318542,-0.1679161,0.02773583,0.985411,-0.975,1.162676E-08,10,target_6,1.01375,
2401.342,-0.1058865,-0.09106468,5.328837,-1.718567,-9.798157,-0.4729614,-0.170101,0.02998999,0.9849702,-0.975,1.162676E-08,10,target_6,0.9669209,
2401.359,-0.1076575,-0.0969138,5.348631,-1.482697,-9.901611,-0.4260864,-0.171899,0.02587507,0.9847747,-0.975,1.162676E-08,10,target_6,0.7295417,
2401.376,-0.1097852,-0.1028052,5.367668,-1.278656,-9.992523,-0.4003296,-0.1734764,0.02231475,0.9845852,-0.975,1.162676E-08,10,target_6,0.5875081,
2401.393,-0.1122802,-0.1069868,5.387984,-1.452301,-10.1084,-0.4290771,-0.1754545,0.02534452,0.9841613,-0.975,1.162676E-08,10,target_6,0.508604,
2401.409,-0.1150037,-0.1097476,5.408097,-1.798615,-10.20337,-0.4111633,-0.1770554,0.03138645,0.9837003,-0.975,1.162676E-08,10,target_6,0.6071628,
2401.426,-0.1178971,-0.1105462,5.428784,-2.189606,-10.35217,-0.2197266,-0.1795667,0.0382064,0.9830036,-0.975,1.162676E-08,10,target_6,0.8702065,
2401.442,-0.1208599,-0.1112235,5.448917,-2.577759,-10.53571,0.003904496,-0.1826631,0.04497528,0.9821463,-0.975,1.162676E-08,10,target_6,1.20561,
2401.459,-0.1240068,-0.1106008,5.470203,-2.992645,-10.69919,0.1955228,-0.1853994,0.05220799,0.9812754,-0.975,1.162676E-08,10,target_6,1.619067,
2401.477,-0.1270736,-0.1113576,5.49037,-2.913788,-10.75525,0.05251713,-0.1863729,0.05083302,0.9811631,-0.975,1.162676E-08,10,target_6,1.527391,
2401.493,-0.1299667,-0.1114308,5.511129,-2.056183,-10.74234,-0.2920227,-0.1862727,0.03587956,0.9818428,-0.975,1.162676E-08,10,target_6,0.6635236,
2401.509,-0.1329082,-0.1075407,5.531271,-0.6505432,-10.71454,-0.5758362,-0.1859041,0.01135381,0.9825023,-0.975,1.162676E-08,10,target_6,0.7055438,
2401.526,-0.1351165,-0.102522,5.551325,-1.07489,-10.66943,-0.4998169,-0.1851099,0.01875927,0.9825388,-0.975,1.162676E-08,10,target_6,0.2238118,
2401.541,-0.1377278,-0.09921841,5.572541,-1.996674,-10.57675,-0.6412048,-0.1834408,0.0348413,0.9824131,-0.975,1.162676E-08,10,target_6,0.7470343,
2401.56,-0.1397816,-0.09532391,5.592177,-2.358002,-10.51895,-1.123016,-0.182406,0.04114302,0.9823621,-0.975,1.162676E-08,10,target_6,1.159947,
2401.576,-0.1415784,-0.09346892,5.61174,-2.6297,-10.46057,-1.293793,-0.1813675,0.04588068,0.9823445,-0.975,1.162676E-08,10,target_6,1.460587,
2401.594,-0.1428626,-0.09300269,5.631523,-2.461548,-10.37494,-1.294556,-0.1799226,0.04294894,0.9827427,-0.975,1.162676E-08,10,target_6,1.328101,
2401.609,-0.1443446,-0.09067504,5.650392,-1.787781,-10.37256,-1.164307,-0.1799605,0.03119772,0.983179,-0.975,1.162676E-08,10,target_6,0.7553698,
2401.626,-0.1451693,-0.08645876,5.67008,-1.769928,-10.34805,-0.9683838,-0.1795415,0.03088639,0.9832654,-0.975,1.162676E-08,10,target_6,0.8175707,
2401.642,-0.1463271,-0.0819888,5.68969,-2.345215,-10.29932,-0.9718628,-0.1786406,0.04092037,0.9830631,-0.975,1.162676E-08,10,target_6,1.401932,
2401.659,-0.1469898,-0.07953611,5.709125,-2.310699,-10.22781,-1.087494,-0.1774181,0.0403182,0.9833093,-0.975,1.162676E-08,10,target_6,1.445504,
2401.677,-0.1479469,-0.07751137,5.727998,-1.375153,-10.13953,-1.180145,-0.1759951,0.02399852,0.9840985,-0.975,1.162676E-08,10,target_6,0.8906538,
2401.693,-0.1485253,-0.07580151,5.747293,-0.4637756,-10.04764,-1.207855,-0.1744612,0.008094194,0.9846308,-0.975,1.162676E-08,10,target_6,1.091995,
2401.709,-0.1495073,-0.07371142,5.766059,-0.05212402,-9.987366,-1.273163,-0.1734312,0.0009097365,0.9848456,-0.975,1.162676E-08,10,target_6,1.396758,
2401.726,-0.1501901,-0.07232608,5.784927,0.1905757,-9.908325,-1.27478,-0.1720713,-0.003326167,0.9850789,-0.975,1.162676E-08,10,target_6,1.639605,
2401.742,-0.1511219,-0.07121065,5.803467,0.315285,-9.822998,-1.315704,-0.1706022,-0.005502733,0.9853246,-0.975,1.162676E-08,10,target_6,1.805477,
2401.76,-0.1517777,-0.07071739,5.822315,0.1642959,-9.701416,-1.341064,-0.168513,-0.002867501,0.9856952,-0.975,1.162676E-08,10,target_6,1.826385,
2401.776,-0.1527827,-0.07026411,5.841194,-0.1364136,-9.626343,-1.40155,-0.1672218,0.002380851,0.9859164,-0.975,1.162676E-08,10,target_6,1.756469,
2401.792,-0.15368,-0.07057746,5.860163,-0.4123535,-9.608612,-1.446625,-0.1669128,0.007197076,0.9859454,-0.975,1.162676E-08,10,target_6,1.702494,
2401.81,-0.155093,-0.07255626,5.87947,-0.8720093,-9.775116,-1.407715,-0.1697621,0.01521887,0.9853675,-0.975,1.162676E-08,10,target_6,1.483189,
2401.826,-0.1564505,-0.07528791,5.898594,-1.157501,-10.05026,-1.40564,-0.1744766,0.0202006,0.9844541,-0.975,1.162676E-08,10,target_6,1.242538,
2401.842,-0.1579601,-0.07841495,5.917641,-1.374268,-10.39392,-1.417908,-0.1803631,0.02398325,0.9833077,-0.975,1.162676E-08,10,target_6,0.9695482,
2401.859,-0.1590856,-0.08214824,5.93711,-1.529053,-10.7373,-1.422516,-0.1862399,0.02668402,0.9821419,-0.975,1.162676E-08,10,target_6,0.7322189,
2401.875,-0.1599277,-0.0861393,5.956601,-1.601868,-11.04376,-1.515808,-0.1914841,0.02795405,0.9810976,-0.975,1.162676E-08,10,target_6,0.5377761,
2401.892,-0.1606376,-0.09014831,5.976167,-1.62384,-11.29892,-1.662415,-0.1958489,0.02833767,0.9802245,-0.975,1.162676E-08,10,target_6,0.393167,
2401.909,-0.1601915,-0.09578604,5.995411,-1.665527,-11.42477,-1.877502,-0.1979975,0.0290651,0.9797715,-0.975,1.162676E-08,10,target_6,0.3316129,
2401.926,-0.1597341,-0.1001926,6.015162,-1.999451,-11.49286,-1.933044,-0.1991245,0.03488999,0.9793529,-0.975,1.162676E-08,10,target_6,0.5928131,
2401.941,-0.158696,-0.1038334,6.035049,-2.576935,-11.59183,-1.747437,-0.200735,0.04496092,0.9786133,-0.975,1.162676E-08,10,target_6,1.108535,
2401.959,-0.1576919,-0.1064082,6.055477,-3.0802,-11.77698,-1.410126,-0.2038078,0.05373354,0.9775352,-0.975,1.162676E-08,10,target_6,1.568728,
2401.975,-0.1564521,-0.1083809,6.075657,-3.288483,-11.9801,-1.247467,-0.2072304,0.05736332,0.9766089,-0.975,1.162676E-08,10,target_6,1.751113,
2401.992,-0.1556276,-0.1098667,6.096137,-3.361786,-12.13928,-1.212433,-0.2099268,0.05864072,0.975957,-0.975,1.162676E-08,10,target_6,1.806778,
2402.009,-0.1539917,-0.1101275,6.116216,-3.428406,-12.1915,-1.318787,-0.2108017,0.05980128,0.9756979,-0.975,1.162676E-08,10,target_6,1.856883,
2402.025,-0.1527317,-0.1101007,6.13676,-3.471375,-12.22974,-1.354279,-0.2114434,0.06055,0.9755129,-0.975,1.162676E-08,10,target_6,1.886786,
2402.041,-0.151465,-0.1100154,6.156573,-3.125061,-12.3107,-1.357117,-0.2128957,0.05451531,0.9755529,-0.975,1.162676E-08,10,target_6,1.537097,
2402.059,-0.1503111,-0.1048199,6.176552,-1.987885,-12.51352,-1.165802,-0.2165394,0.034688,0.9756575,-0.975,1.162676E-08,10,target_6,0.5671728,
2402.075,-0.1490726,-0.100442,6.196124,-2.413086,-12.58466,-0.8408813,-0.2176884,0.04210393,0.9751098,-0.975,1.162676E-08,10,target_6,0.9926839,
2402.093,-0.148358,-0.0960847,6.215968,-2.914825,-12.70221,-0.4880371,-0.2195996,0.05085152,0.9742639,-0.975,1.162676E-08,10,target_6,1.541039,
2402.108,-0.1477339,-0.09271519,6.234688,-3.095673,-12.68536,-0.2062683,-0.2192763,0.05400313,0.9741671,-0.975,1.162676E-08,10,target_6,1.742935,
2402.125,-0.1473761,-0.09053233,6.253339,-3.356323,-12.77585,0.04794573,-0.2207581,0.05854563,0.9735699,-0.975,1.162676E-08,10,target_6,2.029894,
2402.143,-0.1473302,-0.08898392,6.271953,-3.359406,-12.85184,0.3176365,-0.2220485,0.05859888,0.9732732,-0.975,1.162676E-08,10,target_6,2.05195,
2402.159,-0.1478295,-0.08565225,6.290345,-3.409058,-13.07291,0.4324573,-0.2257904,0.05946432,0.9723594,-0.975,1.162676E-08,10,target_6,2.176818,
2402.175,-0.1483008,-0.08107993,6.308535,-3.951385,-13.21439,0.4263794,-0.2280519,0.06891014,0.9712074,-0.975,1.162676E-08,10,target_6,2.786777,
2402.192,-0.1489242,-0.07788242,6.327176,-4.405487,-13.32971,0.3016492,-0.2298733,0.07681449,0.9701844,-0.975,1.162676E-08,10,target_6,3.285808,
2402.209,-0.1496395,-0.07618076,6.344991,-4.057373,-13.38486,0.007875844,-0.2309107,0.07075537,0.9703988,-0.975,1.162676E-08,10,target_6,2.966825,
2402.225,-0.1504517,-0.0750266,6.363082,-3.308594,-13.44159,-0.3135681,-0.2320667,0.05771362,0.9709862,-0.975,1.162676E-08,10,target_6,2.256894,
2402.241,-0.1516728,-0.07315899,6.380823,-2.161072,-13.45587,-0.7052612,-0.2325308,0.0377089,0.9718577,-0.975,1.162676E-08,10,target_6,1.214182,
2402.259,-0.1527608,-0.0710334,6.398516,-1.753723,-13.51437,-0.776001,-0.2335797,0.03060332,0.9718559,-0.975,1.162676E-08,10,target_6,0.923233,
2402.275,-0.1536071,-0.06889273,6.416175,-1.450043,-13.64191,-0.6463928,-0.2357775,0.02530506,0.9714776,-0.975,1.162676E-08,10,target_6,0.82377,
2402.293,-0.1543506,-0.06777747,6.43365,-1.123871,-13.77048,-0.3457947,-0.237987,0.01961412,0.9710703,-0.975,1.162676E-08,10,target_6,0.8139727,
