timestamp,norm_posX,norm_posY,confidence,theta,phi
0.0,0.4974130934933987,0.6099682274903129,0.7188026746982303,2.113381434131846,-1.8933647032559886
8.399999991524965,0.49753250197097304,0.6101366385561375,0.9882179262576065,2.1130275644135286,-1.8928985774482927
25.200000003678724,0.4974943225926579,0.6094550676949471,0.8467163846276602,2.114695462706755,-1.8933647610403306
33.59999999520369,0.4973371174331178,0.6092509064443019,0.7445269701365999,2.1151977602025633,-1.8940309472733876
41.99999998672865,0.49760540546856635,0.6088929604617794,0.7283763468805824,2.116118643366059,-1.8932727356495087
50.40000000735745,0.49769446731936623,0.6091211645226464,0.9885745490579603,2.115557832240928,-1.8928403892820302
75.60000001103617,0.49719452398276714,0.6097543745029217,0.8780121249800991,2.1139658300050708,-1.8942998745640576
84.00000000256114,0.4970371509188257,0.6099903136513045,0.8536894390050782,2.1133497422418888,-1.894721784590244
92.3999999940861,0.4970459244276112,0.6099376535311583,0.9847972713271107,2.1134872926774313,-1.8947224070278024
109.20000000623986,0.49715794899550964,0.6095659599502254,0.8002808368850521,2.1144226344357406,-1.8945195430170632
134.40000000991859,0.49700192253230646,0.6097830867897732,0.8350885359243007,2.1138639406333835,-1.8949544811179144
151.19999999296851,0.4965947241752165,0.608978140677251,0.833363050266751,2.115784041860515,-1.8967750784423787
159.59999998449348,0.4962135313652579,0.6094101349209295,0.8351596296717724,2.1146997479641687,-1.8979158987215443
168.00000000512227,0.4963272827258793,0.6091169073083194,0.786213310935271,2.115407311179549,-1.8976424179588358
176.39999999664724,0.4962367865103309,0.6093877342664535,0.7708138791611704,2.1147304356048333,-1.8978246412258661
184.7999999881722,0.49623602654891846,0.6097376811984081,0.7617702303768714,2.113858744199353,-1.8976437539508944
193.200000008801,0.49617487275222105,0.60962358656016,0.6375857434302199,2.114112471443121,-1.8979004734348501
201.60000000032596,0.4961222780348873,0.609569809582474,0.7067625316400543,2.1142396407953896,-1.8981129375752634
218.3999999833759,0.4966253644865698,0.6097135881985671,0.7468429559279207,2.1139066910656723,-1.8962459037483892
226.8000000040047,0.4963663623442921,0.6097784656216764,0.7598281522319739,2.1137212922282576,-1.8971257790011953
235.19999999552965,0.49634281558065574,0.6097105224438505,0.673146397348515,2.113865079687551,-1.8972266360403764
243.59999998705462,0.4965790860364064,0.6093916612497727,0.8550529238065971,2.1146549175837683,-1.8965396580137341
260.3999999992084,0.4963429720740288,0.6093344611916534,0.8767457563464583,2.1147479469415043,-1.8973819602018567
268.79999999073334,0.4963326036095023,0.6092964766099754,0.6875185618195797,2.1148592804541013,-1.8974520061164935
285.6000000028871,0.5004179756582047,0.6115941904356745,0.7631530432470189,2.1094127924594517,-1.8818536165186135
293.99999999441206,0.5047242837138455,0.6128714934351451,0.9928942429832466,2.1064010445548482,-1.8660872606749903
302.39999998593703,0.5043434283470339,0.6127890426703835,0.9369969032910785,2.106706380561712,-1.8675406816805857
310.8000000065658,0.5045156272319056,0.6128467856308059,0.8415547973451457,2.106560701261662,-1.8669038801987807
319.1999999980908,0.5037857973119418,0.6144874338433357,0.8346472918049531,2.102410710182462,-1.8686680851948507
327.59999998961575,0.5038149526177872,0.6144410398178548,0.7102852581287774,2.1025080548683728,-1.8685742656417996
336.00000001024455,0.5036843290818586,0.6145622362571124,0.8127351856381224,2.1022219062188197,-1.8689889993826247
344.4000000017695,0.5036711096093363,0.6139523188479803,0.7488265860166194,2.1037028640119244,-1.8692957167567292
352.7999999932945,0.5038100940255046,0.6140941448595651,0.8829558006181009,2.1033605294324835,-1.8687461830630987
361.19999998481944,0.5037237318048912,0.6140697225660149,0.8152528182831458,2.1034260025105525,-1.8690656768200948
369.60000000544824,0.5038441683363704,0.6139083940196908,0.7241736061047787,2.1038003636434985,-1.8686971730220698
377.9999999969732,0.5040091094752891,0.6138454446415713,0.7390683017114895,2.103957537306113,-1.8681449007387383
386.39999998849817,0.5036819152000296,0.6142215371053694,0.8297377948433444,2.103002462557468,-1.8691098964047448
394.80000000912696,0.5039015048404359,0.6143016321210354,0.6958169219557587,2.102900067410473,-1.8683658578240236
403.2000000006519,0.503868301068432,0.6134630233722091,0.7310826661782356,2.1048682625549313,-1.868792181320856
411.5999999921769,0.504021946456841,0.6137250871335488,0.7733489309497938,2.104243543545634,-1.8681463683306603
419.99999998370185,0.5038761931408603,0.6136832122334787,0.7232837431476489,2.104322417645248,-1.8686626807282354
428.40000000433065,0.5017588912752232,0.6096907673261922,0.7176785948907103,2.114129276011195,-1.8779895035982792
436.7999999958556,0.5043730193640583,0.6131535800190298,0.8508115013468388,2.105667846915791,-1.8671749459947877
445.1999999873806,0.5041672485973294,0.6134601620531095,0.7388006778049115,2.1048790116205898,-1.8677405280960027
453.6000000080094,0.5040416697675425,0.613306719886922,0.9464427634476387,2.1052490170279703,-1.8682472944729664
461.99999999953434,0.5042329219414814,0.6134292218925432,0.7650595607246967,2.1050536784212897,-1.8675912805930652
470.3999999910593,0.5043743507695726,0.6134854077832395,0.7394942096862515,2.104897722334536,-1.8670546287090128
478.8000000116881,0.503972993487147,0.613389631178958,0.7530491707691794,2.105061269344822,-1.86846406206358
487.20000000321306,0.5040500617672454,0.6130206499709951,0.8398781497438425,2.1059924190597425,-1.868373412622775
495.599999994738,0.5042070077497661,0.6131460903479735,0.7197524039092925,2.105721069570305,-1.8677888427935676
503.999999986263,0.5036014269046104,0.6135507704139785,0.715984908600632,2.1046945233279835,-1.8697250249256798
512.4000000068918,0.5038262438698695,0.6135971626326684,0.8405364877753859,2.1045831262884884,-1.8689119987384586
520.7999999984168,0.5039603105728533,0.6136759902403558,0.7363318046261079,2.104430715767092,-1.8684323832456475
529.1999999899417,0.5036010307068297,0.6134108487474981,0.7144172801784476,2.105026227106457,-1.8697805977904698
537.6000000105705,0.5037843877601865,0.6135203997701997,0.7493003001288622,2.1047873514138766,-1.8691050656470192
546.0000000020955,0.5010702600877867,0.6135479841996392,0.7234307516134019,2.104633621873209,-1.8786383159010431
554.3999999936204,0.5031294845146507,0.614326758576097,0.8077015622107464,2.10277821754253,-1.871036647190184
562.7999999851454,0.5030513470028752,0.6143216777528182,0.768864347687758,2.102794559567722,-1.8713175764487113
571.2000000057742,0.5028775914240063,0.613968464901325,0.7596256655165246,2.103652621257686,-1.872083879690456
579.5999999972992,0.5031981459868535,0.6136053412702147,0.73550151548129,2.1045612538365988,-1.871126277749065
587.9999999888241,0.5032870521815241,0.613725172543317,0.728222586661788,2.1042700200606883,-1.8707603878549972
596.4000000094529,0.5027763441906238,0.6140817302844657,0.8376354975321119,2.1033655876953445,-1.8723842877431853
604.8000000009779,0.5026934113363819,0.6140798341113577,0.9593992037904417,2.103384348983744,-1.8726883080634615
613.1999999925029,0.502470200084035,0.6140214193796552,0.7141293696825296,2.103488234785687,-1.8734757219439355
621.5999999840278,0.5026279308961714,0.6135801816645234,0.7693326283761933,2.104622446525473,-1.8731538852801073
630.0000000046566,0.5027044411168735,0.6137011163261152,0.7164610293021494,2.104329596887642,-1.8728314034641211
638.3999999961816,0.5025258177818145,0.6135153419649104,0.8882650293371227,2.104777158977721,-1.873541428145491
646.7999999877065,0.5026498944774143,0.6138339953337355,0.9144280559301798,2.1039990821142736,-1.8729612210300066
655.2000000083353,0.5025814162350939,0.6136759552034552,0.7934218426444004,2.1043649636551285,-1.8732591949678445
663.5999999998603,0.5026817982598736,0.6132685986304309,0.8393794825972214,2.1053946315725574,-1.8731093575917828
671.9999999913853,0.5025605237953541,0.6135814154733787,0.8316111873750371,2.1046133893882857,-1.8733875588812257
680.3999999829102,0.5024684142755695,0.6138929725054709,0.7618856974207115,2.103863904364727,-1.8735832939408843
688.800000003539,0.5023537339048297,0.6141050720488059,0.7724942488410453,2.1033375324378545,-1.8738887240227078
697.199999995064,0.5021318181974788,0.6141886847615868,0.9800297310784847,2.103137610901526,-1.8746395295035576
705.599999986589,0.5021777144589237,0.6139956951497902,0.7549681916710914,2.1036325903796915,-1.8745801121455001
714.0000000072177,0.5021884186305684,0.6140722938671332,0.7190187719098163,2.1034177848527738,-1.874488237393914
722.3999999987427,0.5022692283397877,0.6141304965558438,0.7330292799920032,2.1032617311408224,-1.8741664990047475
730.7999999902677,0.5023450926666742,0.6141964677788048,0.7128416052511762,2.10310579647986,-1.87387256246244
739.2000000108965,0.5016282822169396,0.614084415133598,0.8459646907645549,2.103381625242108,-1.8764607269628995
747.6000000024214,0.50167112811872,0.6131621463050196,0.9176589985952199,2.1056384333091627,-1.8767264274099114
755.9999999939464,0.5014858590961234,0.6132256153559458,0.9909964317517593,2.1054679491709916,-1.8773438144163155
764.3999999854714,0.5013590237918183,0.6130627366530428,0.7316094246122582,2.105861255935121,-1.877864069203818
772.8000000061002,0.5012532976623275,0.6136026320298403,0.7798239032602577,2.1045387078552,-1.877992373103205
781.1999999976251,0.5011136862806204,0.6132771568474445,0.795644688431252,2.1053164960772928,-1.8786224710683397
789.5999999891501,0.5011285704297704,0.6137349881398517,0.7183507969643601,2.104200854702308,-1.8783642351937369
798.0000000097789,0.5011847882424985,0.6137456722994553,0.6908705829583234,2.1041716772000014,-1.8781578357502424
806.4000000013039,0.5032450899513086,0.6171745783987224,0.7323241021263996,2.095933261148049,-1.8694603785035668
814.7999999928288,0.5051121187481507,0.6215028789440591,0.808930650801392,2.08552536402388,-1.8611907256351847
831.6000000049826,0.5115908288828598,0.6390612926955171,0.7588073985789914,2.04401261723636,-1.8330005276010701
839.9999999965075,0.5112982706086904,0.637886939504553,0.818509358190261,2.0467854494422717,-1.834362502177686
848.3999999880325,0.5115092371037273,0.6383082286132782,0.7851520676653054,2.045778218653917,-1.8335086902419628
856.8000000086613,0.5117250773868198,0.6387420824632501,0.8619675571250442,2.04476536741208,-1.8326515254727274
873.5999999917112,0.5139294606826639,0.6387695666578155,0.7604190412439207,2.044803772672824,-1.8253161870105015
881.9999999832362,0.5140120031246852,0.638373156177692,0.7496666552292095,2.045716938839674,-1.8251479412492546
890.400000003865,0.5147183070164527,0.6370007425309258,0.8000333149284743,2.0490251154411507,-1.8232461643166071
898.79999999539,0.5149643999727357,0.6375701194476567,0.7499458884747862,2.0476512873092125,-1.8222281415575086
907.1999999869149,0.5150942625572466,0.6357287185845877,0.8406694967091393,2.052016033353336,-1.822365900913023
915.6000000075437,0.5161321475062798,0.6344953125297395,0.7344031494994356,2.0549440309554057,-1.819262852618279
932.3999999905936,0.5196694463972477,0.6353813732025178,0.6352187781115298,2.0529453651826874,-1.8072058337412005
1125.5999999993946,0.5071196238820949,0.6178569545699875,0.701299125713047,2.0945361341772406,-1.8550378755707646
1133.9999999909196,0.5059134564411727,0.6179304812006418,0.7775641605228764,2.094296220808134,-1.859215648794525
1142.4000000115484,0.5033637129492279,0.6173187164922649,0.6263326513564059,2.0956364958300298,-1.8683720979096297
1150.8000000030734,0.5025681683309497,0.61793999215785,0.7565859656401054,2.094072018544321,-1.8708920255613406
1159.1999999945983,0.5009829963143713,0.6167535988863082,0.9714757373345497,2.0969656014384945,-1.8770308624296388
1167.5999999861233,0.5001554561354845,0.6169977406555955,0.900985337168169,2.096323617630066,-1.8798360824107923
1176.000000006752,0.4983674082682833,0.6174439823106521,0.8158841344144527,2.095129087280067,-1.8859335037144596
1201.2000000104308,0.49530624027374587,0.6174437123404075,0.9269211617200007,2.094981877853173,-1.8967739781771835
1209.6000000019558,0.4953436997838649,0.6165449098517447,0.6267961425813009,2.097156983015548,-1.897048308001216
1226.3999999850057,0.492154878511559,0.6165715102084712,0.7912143311720806,2.0969942602243843,-1.9084458862652707
1234.8000000056345,0.49173646854534675,0.6171236344756201,0.7958332566845561,2.095577421096034,-1.9096296576906922
1243.1999999971595,0.4916599195850508,0.616343289911996,0.7542547282598405,2.097477513642913,-1.9102877449618816
1251.5999999886844,0.491545161722401,0.6157243702166634,0.6639657378463354,2.099003569198535,-1.9110219434630713
1260.0000000093132,0.48865547275271715,0.615043921280908,0.6133835651009335,2.1005390124982704,-1.9217617114482635
1268.4000000008382,0.4897058644443904,0.616740878701467,0.7600095039119179,2.096457176536271,-1.917126368649521
1276.7999999923632,0.48945437469661357,0.6158466549132047,0.6849275739764802,2.0985855472285064,-1.9184479611494873
1285.1999999838881,0.4901569881961943,0.6169715815718952,0.7530684722563763,2.0958731035027025,-1.9153570932887976
1293.600000004517,0.49104723393138894,0.6172353622016289,0.8725740637624364,2.0952919911902326,-1.912054711030007
1301.9999999960419,0.49190975147819505,0.618698485256935,0.7982858132061754,2.09170292727077,-1.9082059830287148
1470.0000000011642,0.48818634780847586,0.6101468276826507,0.8756629248643347,2.1127001139501274,-1.9261975771434143
1478.3999999926891,0.48761067864815955,0.610118182102843,0.8957320164414564,2.1127859980865122,-1.9283468277608495
1486.799999984214,0.4876288369717214,0.6095878342754709,0.9474839453135794,2.114131148064516,-1.9286027042561151
1495.2000000048429,0.48719102523796387,0.6095023916875418,0.9651918949784832,2.114287740456932,-1.9302202438109177
1503.5999999963678,0.4867926354284304,0.6093778188149934,0.9802149530267681,2.1146028434709723,-1.9317681831359554
1511.9999999878928,0.4865700677798587,0.6098223335954538,0.7712684530061304,2.1134479050035133,-1.9322936066215035
1520.4000000085216,0.48622678036576106,0.6097533008579104,0.8616024208024148,2.113645170043787,-1.933624450592475
1528.8000000000466,0.48593267282907837,0.6093820318459773,0.7740546206444325,2.1145369829267726,-1.9349004908746736
1537.1999999915715,0.485727285214167,0.6088356689017511,0.8490728555419043,2.11587888088275,-1.9359642239199364
1545.5999999830965,0.4854784585763845,0.6089823730956632,0.9204444282732159,2.1154598821329107,-1.9367548988016392
1554.0000000037253,0.48576487710673294,0.6088605565836434,0.8101217543888305,2.1157950705846096,-1.9357914633744566
1562.3999999952503,0.4858242272985459,0.6096418276322806,0.7299659856435434,2.1138166791319644,-1.9350875688165576
1570.7999999867752,0.4859530463809194,0.608692184863254,0.9464844485355608,2.1161852623647075,-1.9351670096543436
1579.200000007404,0.48518238538448577,0.6082706999010884,0.7314980111975455,2.117195329886727,-1.9382402947601165
1587.599999998929,0.4859479331808549,0.608469853056969,0.9156678367925297,2.1167468990961478,-1.9353224976594308
1595.999999990454,0.4859813780594921,0.6088619086771958,0.910368580503276,2.11576621300652,-1.934966174232026
1604.4000000110827,0.48628331246740525,0.6086263186484602,0.7691245812258234,2.1164192631340937,-1.934041226135873
1612.8000000026077,0.4870544632692214,0.6088162937189011,0.8056942166777823,2.1159355662253168,-1.9310673910011558
1621.1999999941327,0.4879763199032845,0.6087400322776307,0.831996950707734,2.116144760350438,-1.927720688604905
1629.5999999856576,0.48999932121871714,0.6092482701075198,0.8002484431391313,2.114956705093464,-1.9200483104979693
1822.7999999944586,0.4967362657783535,0.6060595442640251,0.9969766485707193,2.1233408470104433,-1.897418928733781
1831.1999999859836,0.4968613455150547,0.6067525225454802,0.945447932583049,2.1216296693126115,-1.8966185492002763
1839.6000000066124,0.49645226066483933,0.6073774747149121,0.8500483701869497,2.1200435436889715,-1.8977678302044503
1847.9999999981374,0.49627201506225865,0.6075638727871739,0.7830514327689174,2.1195394905039353,-1.89829887476938
1856.3999999896623,0.4963011020937391,0.6078340652234602,0.8988110947404785,2.1188793574617635,-1.8980637471052377
1864.8000000102911,0.4965431605768038,0.6084105739209438,0.8363344265509771,2.1175020102374127,-1.896931415169956
1873.200000001816,0.49652048767739015,0.6093279290635041,0.7851683084674778,2.115174755272253,-1.8965127905074746
1881.599999993341,0.4967888502961693,0.6097702976451194,0.7429768180952444,2.1141209381609944,-1.8953497244595712
1889.999999984866,0.49642067450060406,0.6092623790931693,0.7348410146254947,2.1153216503889793,-1.8968964219856157
1898.4000000054948,0.49690175307313184,0.6104330223842882,0.99743687040789,2.112476260181846,-1.8946086297742188
1906.7999999970198,0.49732766012739926,0.6107102757788183,0.8408880105514827,2.1117872063243577,-1.8929275475095626
1915.1999999885447,0.49745286438476144,0.6107088689501441,0.8018013934090229,2.111815494734506,-1.8924939420818778
1923.6000000091735,0.49767195929079666,0.6112126814308629,0.8727825308013089,2.1105545025969494,-1.891444390002272
1932.0000000006985,0.4982000438598046,0.6115965565786505,0.734388182733598,2.1096225774620843,-1.8893645036341422
1940.3999999922235,0.49846106443507143,0.6124595414397804,0.8711476323128452,2.1074886245522575,-1.8880078361186656
1948.7999999837484,0.49868797763329625,0.6122290033483391,0.8302319069395095,2.1080655509476984,-1.8873066329387453
1957.2000000043772,0.49885286777502325,0.6122080332456109,0.8161227043359528,2.1081423986263976,-1.8867416370778858
1965.5999999959022,0.49910741816347076,0.6078481040372459,0.6743689670981406,2.118988625889416,-1.887963135100277
1973.9999999874271,0.4997394580603271,0.6121339981033435,0.7722393487992409,2.1083500112489078,-1.8836055539755872
1982.400000008056,0.4996815974119052,0.6119253367752477,0.8072398353801512,2.1088752943784135,-1.8839191890604166
1990.799999999581,0.499870003023391,0.611608423313686,0.9034965235032402,2.1096619728734276,-1.8833935770559709
1999.1999999911059,0.5000972856451347,0.61125285227487,0.7554237592879486,2.1106015867398495,-1.8827877942867468
2007.6000000117347,0.49982173803086444,0.6109284869899569,0.6941944459882555,2.1113397323582923,-1.883886391833017
2016.0000000032596,0.5001478457887891,0.611162010311129,0.7827522637807359,2.1108207446373304,-1.8826446371336192
2024.3999999947846,0.5004082420873804,0.6107199900962799,0.7248303207747465,2.111931726464113,-1.8819283677028364
2032.7999999863096,0.5001429008522361,0.610407967425558,0.7504769601268014,2.1126632129331715,-1.8830019682096544
2041.2000000069384,0.5007163104544555,0.6108898349734148,0.7643357449989744,2.1115515297630703,-1.8807687991404956
2049.5999999984633,0.5007890158080703,0.6104732765961696,0.9980183508299616,2.1125646752931604,-1.880689767000593
2057.9999999899883,0.5004487882000788,0.6101211450072785,0.9707505350121127,2.1133996473576513,-1.8820545426126243
2066.400000010617,0.5004378607482186,0.6095860224158567,0.893001038267404,2.114753651105224,-1.8823682587061075
2074.800000002142,0.5002296825911455,0.6093015760424949,0.7081201128514871,2.1154447095721522,-1.8832449360759813
2083.199999993667,0.5000572787358553,0.6098738013813044,0.8036551378593263,2.114033927837477,-1.8835996399920059
2091.599999985192,0.4996728829420828,0.6099798690534604,0.7217210047633498,2.1137516138153,-1.8849219629255214
2100.0000000058208,0.4997697725413445,0.6100357269487304,0.8396358028438949,2.1136265254445954,-1.8845552662385605
2108.3999999973457,0.4993062637088017,0.6099315119050905,0.7635259994349047,2.113850710388385,-1.886253836178919
2116.7999999888707,0.4992138743548972,0.6104932807064438,0.7425104052426502,2.112488211353946,-1.8863385796535845
2125.2000000094995,0.4991394771712234,0.6101115988465434,0.7681421869153695,2.113453439030633,-1.8868056580971497
2133.6000000010245,0.49892192134281566,0.6098066131028608,0.6288544685548145,2.114138876479763,-1.8876873550044728
2150.3999999840744,0.4985334537110674,0.6092430432047302,0.618854069410328,2.1155284230052165,-1.8893617487343837
2158.800000004703,0.4983403505102245,0.6089647009095046,0.6651233962829348,2.1162285683289936,-1.8902050805472688
2167.199999996228,0.49780358149082404,0.6117019863096157,0.8419715919561394,2.109448732269008,-1.8908094235929187
2175.599999987753,0.4977025169629353,0.6111131476559711,0.8443673952335969,2.110899334894562,-1.891456770027288
2184.000000008382,0.4977387967044128,0.6121128567702625,0.7112213007428458,2.108417596452929,-1.8908322948397303
2192.399999999907,0.4974798334927398,0.6122529347490214,0.8869044892209517,2.108083759712111,-1.8917080577136283
2200.799999991432,0.4974192820628599,0.611879777925729,0.860079596425969,2.1090005794380047,-1.89210411036605
2209.199999982957,0.4974191548454162,0.6124703262603084,0.7511270117152243,2.1075277468694025,-1.8918071312251692
2217.6000000035856,0.4971879920605402,0.6132131413422249,0.8379858637658069,2.10569289381652,-1.8922799912929418
2225.9999999951106,0.4972063187135758,0.6126139299315656,0.8783624800256974,2.1071708199359716,-1.8925035619782709
2234.3999999866355,0.4972806558934654,0.6128757504243023,0.7977554474899093,2.106515318696859,-1.8921015122716376
2242.8000000072643,0.4970435874728961,0.6125972335423107,0.6915746042436194,2.1071484240529177,-1.8930505605380812
2251.1999999987893,0.4970603625609821,0.6133217614186294,0.8009407733240084,2.1053925094064287,-1.892662809536737
2259.5999999903142,0.4969548595049272,0.6131829273682345,0.8865104686225909,2.105712481815717,-1.8930932815021495
2268.000000010943,0.49690334166450834,0.6138797693342061,0.7877906832653647,2.1039693687298393,-1.8929227490607214
2276.400000002468,0.4971814906311689,0.6131710126342564,0.7534396968651205,2.1057596169570147,-1.8922955468624199
2284.799999993993,0.4969319071767885,0.6130098779882198,0.7520534922800579,2.106102848155372,-1.8932322014115401
2293.199999985518,0.49698247031458287,0.6136605111414124,0.7566234561525915,2.1045161857989165,-1.8927484878311958
2301.6000000061467,0.4968308412272352,0.6133125708863109,0.7959746674107302,2.1053521024462194,-1.8934465851781195
2309.9999999976717,0.4966380280132309,0.6131350539513247,0.7997378361806564,2.1057816730975123,-1.8942219080111948
2318.3999999891967,0.49674337904089655,0.6134508163838337,0.7845030763856689,2.1050015809731213,-1.8936874757067934
2326.8000000098255,0.49671265961961975,0.6137368436232761,0.7629896557547415,2.1042715668050613,-1.8936405168859385
2335.2000000013504,0.4943066238442924,0.6094477518902772,0.7508177610985873,2.114840079305241,-1.9044798898488644
2343.5999999928754,0.4966586614415999,0.6138838607643564,0.7878273491666453,2.103896128716367,-1.893753834109916
2351.9999999844003,0.49620949268720277,0.6132282739697577,0.7371801584261205,2.105499908018225,-1.8956829925690744
2360.400000005029,0.4963360963462894,0.6137091948454424,0.819148058963819,2.1042619538742637,-1.894951508049427
2368.799999996554,0.4965300577352316,0.6139421711946869,0.7176618025713642,2.103742627707434,-1.8941813621898418
2377.199999988079,0.49634845876145867,0.6139651300154844,0.7361807032120218,2.103645777003293,-1.8947936376341374
2385.600000008708,0.4963711554208662,0.6144059768000665,0.7176569398656976,2.102574488409983,-1.894509311128323
2394.000000000233,0.4962716724031682,0.6144078506031114,0.745633655046155,2.1025316204996067,-1.8948372284241435
2402.399999991758,0.4960680526732421,0.6141044803353576,0.8305299415507772,2.103254743152674,-1.8956996268891793
2410.7999999832828,0.49370096602758207,0.6099201583622975,0.7791210380017004,2.113578769406074,-1.9063729049206009
2419.2000000039116,0.49374832395763574,0.610175192154677,0.8984815769488513,2.112933011433873,-1.9060571941130917
2427.5999999954365,0.496190624414451,0.6143458752789046,0.7306472449796871,2.1026382119010028,-1.8951237661483997
2435.9999999869615,0.4957256308539691,0.6137207267371634,0.8105892604513654,2.1042267857612336,-1.8971424989760262
2444.4000000075903,0.4965397574502057,0.6145012441819884,0.7047720517687465,2.102277404698937,-1.893808467794548
2452.7999999991152,0.49406638576625017,0.6102060009474921,0.7335526729681227,2.112865010567303,-1.9048890612915308
2461.19999999064,0.496250339740541,0.6138558524274145,0.8573349293352449,2.1038507492277345,-1.8951510079039373
2469.600000011269,0.4959305560281534,0.6139490142787694,0.8219315619971614,2.1035830643497304,-1.8962289271147768
2478.000000002794,0.4960819497553378,0.6139790314916445,0.7244244874796605,2.1035192583685087,-1.8956763784904975
2486.399999994319,0.49625839077129247,0.6145806852825133,0.70526431019075,2.1020315550393542,-1.8947440403960312
2494.799999985844,0.496050429148045,0.6141354679087423,0.7596380740439483,2.1031565892362645,-1.8957312387998035
2503.2000000064727,0.49370276736141233,0.6099797988173734,0.7559382883675629,2.1133939526987358,-1.9063062102707096
2511.5999999979977,0.4962241687743954,0.613942296423666,0.9351255233469611,2.1036217407450146,-1.8951909484559002
2519.9999999895226,0.4945010060805865,0.6146760733906891,0.7194072419856661,2.101710745331972,-1.9009645097679664
2528.4000000101514,0.49350916661668265,0.6141742355602716,0.9113960420862812,2.102905718772083,-1.9047673753699548
2536.8000000016764,0.49402786367852886,0.6100804379270243,0.7607686347950672,2.113130651328981,-1.9050584464170037
2545.1999999932013,0.49422343298052523,0.6137893878301621,0.7812690473623075,2.103897078248564,-1.9024104282065557
2553.5999999847263,0.4943575522654606,0.6144728195328323,0.8313971799165876,2.1021841893860906,-1.9015620407502902
2562.000000005355,0.4939903490306944,0.6141944406759396,0.7607728642444674,2.1028466815941855,-1.903009433429566
2570.39999999688,0.494371866248958,0.614326298809927,0.8788924294605888,2.102546448740267,-1.9015842919226003
2578.799999988405,0.4941653584751256,0.6142197746456017,0.7787478073932497,2.102874763379505,-1.9024354322487038
2587.200000009034,0.4941804871939688,0.6146379665939409,0.8627328270448273,2.1017522491611977,-1.9020994567702258
2595.600000000559,0.494300616260073,0.6142012646404709,0.821156221698224,2.102870984218564,-1.9019169587363298
2603.9999999920838,0.4940679187543003,0.6139074648955853,0.7230479471280433,2.1035724739903174,-1.902887339427704
2612.3999999836087,0.49403231734544234,0.6139539624778879,0.8257053102269509,2.1034310494387505,-1.9029716505406957
2620.8000000042375,0.4940814219784394,0.614476839333876,0.7038387912424063,2.1021470640645017,-1.9025360210684548
2629.1999999957625,0.49430283717652673,0.6141453106664145,0.7544522026018089,2.1030100464565993,-1.9019377761123768
2637.5999999872874,0.4919247302835538,0.6099883205122987,0.7997156256767324,2.1132053554383354,-1.9126601544547055
2646.0000000079162,0.49415907538314013,0.6143642451005853,0.7574625971083624,2.1024170250147356,-1.902305832149938
2654.399999999441,0.4937752291410623,0.6138265806311858,0.8706084118666096,2.1038122272320896,-1.9040188611813798
2662.799999990966,0.49412088604974774,0.6146222347950747,0.7486322065861063,2.101790664485959,-1.9023222847070744
2671.200000011595,0.4939309166519174,0.614447003570251,0.7253849442297386,2.1022669053723013,-1.9031313892290707
2679.60000000312,0.4939837960129805,0.6145009188392706,0.7573055127747438,2.1020683467218837,-1.9028614142523181
2687.999999994645,0.49383760296107226,0.6144419048711265,0.990159586447416,2.1022159376323466,-1.9034210283271378
2696.39999998617,0.4943029736486794,0.6149563102918323,0.799652877247955,2.1009770930504996,-1.901505899175466
2704.8000000067987,0.49417396380195233,0.6144530989552714,0.7043355595819747,2.1022186431117595,-1.9022238613860734
2713.1999999983236,0.4943621065578599,0.6147540216333468,0.8128810768825525,2.1014791666713024,-1.901396048197419
2721.5999999898486,0.4938720648985517,0.6145850161361033,0.7968588019060302,2.1018550146869766,-1.9032181913201678
2730.0000000104774,0.4941585199605655,0.6147750301693138,0.77423399442344,2.101416747573681,-1.9021121343434622
2738.4000000020023,0.4945739266394951,0.6106693101751637,0.7639501932912194,2.111672762368957,-1.9027695891688021
2746.7999999935273,0.4946384695698959,0.6150777040493253,0.7253885162915635,2.10071857610356,-1.9002672935382263
2755.1999999850523,0.49449751276893056,0.6145398346980606,0.755756297309267,2.102062497036334,-1.9010574303236467
2763.600000005681,0.49443044754857357,0.6154168728841749,0.7720182385333769,2.099857708778126,-1.900829294652679
2771.999999997206,0.49211576205270957,0.6111741853647694,0.7166801807389924,2.1102817174160453,-1.911347105405262
2780.399999988731,0.49410848279780595,0.6151490760500786,0.7022960429246614,2.100493473910481,-1.902104837233628
2788.80000000936,0.4915877307095718,0.6105987961031636,0.7372478390901847,2.111682787950944,-1.9135599152933058
2797.2000000008848,0.4942100042857061,0.6150888162633208,0.9013262243388842,2.1006626080878714,-1.901784829753766
2805.5999999924097,0.49380691450357456,0.6145534175127261,0.8057441126536469,2.101993165342395,-1.9035171590782836
2813.9999999839347,0.49368971824224783,0.6144797138113983,0.7977803187908415,2.1021588589925604,-1.9039652344729572
2822.4000000045635,0.49409531449100885,0.6153903515141598,0.7028156280258246,2.0999065622028157,-1.9020379894336723
2830.7999999960884,0.494250077120029,0.6150192821154776,0.746178839806939,2.100808162017388,-1.901654573704694
2839.1999999876134,0.4939847055958738,0.6152563635603598,0.8280541561247954,2.1002233705615834,-1.902493396133111
2847.600000008242,0.4940102040424864,0.6155499329536416,0.8094973333529881,2.099504435471779,-1.9022583189632987
2855.999999999767,0.4943221647678063,0.6150441424456742,0.7443360173289784,2.100773775622687,-1.901403242698579
2864.399999991292,0.49413269024941275,0.6154963544032958,0.7725838212327564,2.099632959114571,-1.901840551906901
2872.800000011921,0.49404179365075906,0.6154053770355554,0.7200274326032448,2.0998789703391263,-1.9022310047856277
2881.200000003446,0.49410264092872314,0.6158268038555572,0.7435664795056273,2.098843841395105,-1.9018040579284914
2897.999999986496,0.4942333308802328,0.6153805423294777,0.7056282733497793,2.099925427143657,-1.9015409142478354
2906.4000000071246,0.49407279355120537,0.6155779163988602,0.7553899811843435,2.0994184207572366,-1.9020051706154777
2914.7999999986496,0.4942620757135289,0.6153875993189559,0.8553359136732459,2.0999197623413104,-1.9014429784212166
2923.1999999901745,0.4942221413211828,0.6152022172995928,0.7242275410859872,2.100358451149074,-1.9016650565276216
2940.0000000023283,0.4938343937876626,0.6154226738926429,0.8251829287208223,2.099793254228424,-1.9029365733574806
2948.3999999938533,0.49378859478948006,0.6153373846662858,0.7011130379430747,2.100027542915063,-1.9031636553273867
2956.7999999853782,0.4939490194377737,0.6156693225517821,0.7769603768035186,2.0992174015544363,-1.9024250276859658
2965.200000006007,0.49407729508403075,0.6153853837655185,0.7681400835875374,2.0999160300391937,-1.9021032783406213
2973.599999997532,0.4941449233355507,0.6154563876619548,0.7553455335362991,2.0997508307436643,-1.9018316502557324
2981.999999989057,0.49411856303548457,0.6156700175798568,0.7131326823202389,2.0992080960943342,-1.9018073545894287
2990.4000000096858,0.49403504478115823,0.6156151330190218,0.7493003701125205,2.0993653126665386,-1.9021532106906778
2998.8000000012107,0.4939570452665116,0.6155830856424196,0.7181819591041421,2.0994471466247724,-1.9024527858872824
3007.1999999927357,0.49387817080243995,0.6155490482831106,0.7179016855248044,2.0995287876934423,-1.9027525573752337
3015.5999999842606,0.49379774969332696,0.6155113543799878,0.7191811379320885,2.0996102358725475,-1.903052525154531
3024.0000000048894,0.4940924364941434,0.6155720134553608,0.7674213878144867,2.0994623012677907,-1.901960440063528
3032.3999999964144,0.49397629248293934,0.6155308470576777,0.7499471815867866,2.0995666318787074,-1.902402146741229
3040.7999999879394,0.49390218046611434,0.615498687158015,0.7195617634357337,2.099644501784804,-1.9026844818381232
3049.200000008568,0.4941225513598278,0.6156302537186353,0.7134183965074153,2.099292118629267,-1.9018017760058747
3057.600000000093,0.49402282535670405,0.615592595226782,0.7205491045678989,2.0994131799456768,-1.9022024653726681
3065.999999991618,0.4939534499530306,0.6155653106043737,0.739195415956932,2.09948475049801,-1.9024697334960112
3074.399999983143,0.4938824912511328,0.6155341882111292,0.7395251874122099,2.0995560833393174,-1.9027370243104673
3082.800000003772,0.49429104122060713,0.6150987574426325,0.7820598108647863,2.1006370048968757,-1.901486618796622
3091.199999995297,0.49439572812134286,0.6155839819351814,0.8279742940281346,2.0994374364575394,-1.900864763377064
3099.599999986822,0.4942095194861261,0.6154605879050551,0.7696466851990594,2.0997305180131596,-1.9015887580582396
3108.0000000074506,0.49305442685860906,0.6144914798909634,0.7893460662427148,2.102076780079312,-1.9062153156284114
3116.3999999989755,0.4931044939771837,0.6145601556853517,0.7407477644027545,2.101914706317933,-1.9060050554566004
3124.7999999905005,0.49386892196182314,0.6139215781478571,0.8409128021792972,2.1035402063595785,-1.9036021052881342
3133.2000000111293,0.49346671083678517,0.6146128162811637,0.7259448463439406,2.101760845443616,-1.9046490641087113
3141.6000000026543,0.4933677732031221,0.6144390595886973,0.711800037645468,2.1022355102134505,-1.9051314495998337
3149.9999999941792,0.49361348151388096,0.6143552392783671,0.7157074044185109,2.1024286060025665,-1.9042741995914227
3158.399999985704,0.49392255376266414,0.614744986773567,0.7161930315056929,2.1014891760068903,-1.9029780600230572
3166.800000006333,0.4937288431705543,0.6147702089752379,0.7721465543589767,2.101381566715606,-1.9036292703100235
3175.199999997858,0.49372044566359186,0.6145330908489656,0.7066952541221563,2.101952585010779,-1.903768148339749
3183.599999989383,0.49366112437745,0.6145334121631982,0.7442289972538307,2.101989107230508,-1.9040119786061405
3192.0000000100117,0.493806255887662,0.6140290756337936,0.7889887786925252,2.1032329406080668,-1.90374135787603
3200.4000000015367,0.49389698423734407,0.6144272682401779,0.834876868208681,2.102246052119417,-1.9032090328466689
3208.7999999930616,0.49380164886349454,0.614214677850458,0.79816820480438,2.102771229146955,-1.9036613773034905
3217.1999999845866,0.4937362575194769,0.614649398665379,0.7071057690575019,2.1016809654578905,-1.903664466020497
3225.6000000052154,0.49398444264721436,0.6142003417339343,0.7085180934072747,2.10280549381442,-1.9030068051848597
3233.9999999967404,0.49403522172401004,0.6140893254633444,0.774250339521239,2.1031004605442525,-1.9028957004030467
3242.3999999882653,0.49408781289805026,0.6146557282128484,0.8413391370408753,2.1016976211443064,-1.9024167147315763
3250.800000008894,0.49402668044280007,0.6145569628783729,0.7054700943120265,2.101940503377971,-1.9026865265512953
3259.200000000419,0.49421271982062664,0.6136203076284512,0.754623074875967,2.1042638462961745,-1.9024944848145364
3267.599999991944,0.49454805301710814,0.6140703125439049,0.9634959396723208,2.103161469119937,-1.9010629189975665
3275.999999983469,0.4944575770630178,0.6141166575230523,0.707477912848095,2.1030124690991636,-1.9013394031196602
3284.400000004098,0.49429236977653995,0.6134635901848302,0.7926084417105438,2.1046265826715107,-1.902266267385997
3292.799999995623,0.4920856419807662,0.6094278117063142,0.697146878310118,2.1145648749056725,-1.9123451965571268
3301.1999999871477,0.4945189849127841,0.613174838512021,0.7284966094609385,2.105391560751302,-1.9016324197037893
3309.6000000077765,0.49413130385584847,0.6136446180382384,0.9003052105644095,2.104157061757803,-1.902739954843624
3317.9999999993015,0.49468345770320277,0.609495102944231,0.7074814172390074,2.114522561916044,-1.9029260949033506
3326.3999999908265,0.4945903250652791,0.6098685350941284,0.8729769839763265,2.1136182427296695,-1.9030900364704049
3334.8000000114553,0.4941059330528166,0.6135553212326694,0.7905254828480942,2.1043892483031965,-1.9028860216097514
3343.2000000029802,0.4943047523005471,0.6137533120172292,0.8169158899611013,2.10392615445068,-1.9020873409443808
3351.599999994505,0.49206947911085647,0.6095871057443016,0.7015718384666788,2.1142013746760426,-1.9123449604317
3359.99999998603,0.4922520959905091,0.6099594800596532,0.9920926890137589,2.113282841088109,-1.911483570533557
3368.400000006659,0.4945243514012042,0.6131928362761292,0.7186503362895346,2.105332968711134,-1.9015928712208037
3376.799999998184,0.49457883804970704,0.613495659918631,0.7185079365941628,2.1045804072369374,-1.9012399243648919
3385.199999989709,0.4945132162764775,0.6133835447433984,0.7144310430539126,2.1048731024104304,-1.9015459698995665
3393.6000000103377,0.4947307325792969,0.6134294193259945,0.7279495101347161,2.1047704889412575,-1.9007446720692138
3402.0000000018626,0.4950063560998178,0.6135839961186786,0.8470795485348355,2.104396038258388,-1.8996768736398064
3410.3999999933876,0.49449039645281134,0.6136028626519164,0.7034825735876252,2.1043128375938043,-1.9015036478496694
3418.7999999849126,0.4944740247542111,0.6136652851601528,0.7161404462561588,2.104152821880221,-1.9015268738501192
3427.2000000055414,0.4945913532381606,0.6133405397546519,0.7288279373543456,2.1049782605614524,-1.9012841304782448
3435.5999999970663,0.49452173143153716,0.6137818409686933,0.8442343398515595,2.103855397313389,-1.9012883482982628
3443.9999999885913,0.4945029749227904,0.6137083755678365,0.7383498646979819,2.1040472346838905,-1.901401207471393
3452.40000000922,0.49477872892480923,0.6140975049767448,0.7413031506579609,2.103114082374051,-1.9002316395961012
3460.800000000745,0.4942111127831093,0.6139766859891032,0.9091923504056144,2.1033992535149455,-1.902332827554632
3469.19999999227,0.4941269004518259,0.6139373084551621,0.795890932948947,2.103451914776819,-1.9026220654055996
3477.599999983795,0.4941156233543305,0.6139260807305036,0.7263180243434408,2.1035004729002518,-1.9026849139150825
3486.000000004424,0.49414193566425,0.61444123637063,0.7276110644747205,2.1022224987370746,-1.9023255024607575
3494.3999999959487,0.49417993034412505,0.6142734374453309,0.7386942893183985,2.102653803842382,-1.9022860905938919
3502.7999999874737,0.493891420171581,0.6144636219327291,0.7868752067148579,2.1021569521911347,-1.9032113023461315
3511.2000000081025,0.4937453471900578,0.6144299134343847,0.7538797949584561,2.102233814511902,-1.9037513090726124
3519.5999999996275,0.49399530387270796,0.6145880416447601,0.7603784232371082,2.1018565367134165,-1.9027785036964144
3527.9999999911524,0.49393933711325255,0.6145621211512469,0.7661218455528621,2.101922414683046,-1.9029952650524486
3536.4000000117812,0.49431852954621097,0.6144891000335667,0.813345180654245,2.1021277392183872,-1.9016820131669079
3544.800000003306,0.49425199952921545,0.6144882282165564,0.7345915729915063,2.1021278295518773,-1.9019211053741063
3553.199999994831,0.4940995054913569,0.6142464052062335,0.7132959281399525,2.102727990594985,-1.9025962217379444
3561.599999986356,0.49430578996205365,0.6148799507772252,0.8172955222799236,2.101163316501927,-1.9015322399100663
3578.39999999851,0.4942455871343661,0.6139811619512592,0.7019938220026699,2.1034205994189406,-1.9022314219876075
3586.799999990035,0.4942193646412246,0.614066639712864,0.686464597443612,2.1031550107065526,-1.9022402867439843
3595.2000000106636,0.49430326089905446,0.613498978794455,0.7877247966437858,2.1045795987532983,-1.902240776052577
3603.6000000021886,0.49456526342379936,0.6137178487524746,0.7749640482216771,2.104095616024778,-1.9012275178697942
3611.9999999937136,0.4943583614484699,0.6134074312397135,0.785901826760649,2.10487837214841,-1.9021446090602059
3620.3999999852385,0.494604199126656,0.6134726552375842,0.7367874336425647,2.104705066072368,-1.9012128812678846
3628.8000000058673,0.4947239133012216,0.6139691010126371,0.7030992622842605,2.1034815732851637,-1.9005332726653479
3637.1999999973923,0.49472435266693304,0.6139772505461989,0.7995315198821007,2.1034723132384756,-1.9005361043961422
3645.5999999889173,0.4950553742323568,0.6135656487264352,0.7105086557064447,2.1045062984605973,-1.8995595230266085
3654.000000009546,0.49468567785776985,0.6135665658641887,0.8261705013176696,2.104492801242773,-1.9008865209443047
3662.400000001071,0.4947109814107538,0.6135147422481233,0.6688332944469951,2.104591687012418,-1.9007982597593582
3670.799999992596,0.494586709904637,0.6130241599799209,0.873709713121395,2.1058306384764123,-1.9015154992201333
3679.199999984121,0.49459822314294427,0.6133376630962332,0.7215675422921755,2.1050625597370605,-1.90132115156951
3687.6000000047497,0.4946600393963666,0.612915402288414,0.8554401878553356,2.106106606472395,-1.901310475798161
3695.9999999962747,0.49458355749085464,0.613391005432689,0.7876318765796733,2.1049290923521147,-1.901346060880847
3704.3999999877997,0.4945756871545042,0.6132770770859591,0.6602324272727815,2.105164527065821,-1.9013958043306918
3712.8000000084285,0.49426039779707204,0.6127797057903266,0.7303908501120958,2.106426524155497,-1.9028142721192383
3721.1999999999534,0.49428209827563974,0.6127799753657801,0.6561806148892595,2.106407941378229,-1.9027214398895005
3729.5999999914784,0.4941626579833569,0.6131055985005387,0.8525863726798198,2.1056439159792886,-1.9030212138519764
3737.9999999830034,0.4944800860804378,0.6133274908940316,0.8097318659401402,2.105110040274927,-1.9017712200818981
3746.400000003632,0.4939398039612694,0.6124745636902693,0.8971453921124246,2.1072143684704256,-1.9041580357065961
3754.799999995157,0.4945637759565448,0.6130317659896085,0.9141168488766669,2.1058912886688774,-1.901656878741199
3763.199999986682,0.49389842678202645,0.612860964536718,0.814086857434921,2.106265116868909,-1.9041160300635325
3771.600000007311,0.4938000739709817,0.6134879086721721,0.7305020417514525,2.104708440476305,-1.9041478987020863
3779.999999998836,0.49374093715938605,0.6129497322438173,0.8454994660663169,2.106043231044276,-1.904639905965152
3788.399999990361,0.49396310348150135,0.6134488388828284,0.7528892746837692,2.104778172506845,-1.9035561266861423
3796.8000000109896,0.4941755309416932,0.6132912554715655,0.8205554603889321,2.1052167030063296,-1.9029054374985162
3805.2000000025146,0.4937736784858841,0.6132442726426772,0.8855833781065041,2.105301450465756,-1.9043602761598584
3813.5999999940395,0.4937425791332525,0.6131873393593892,0.7153340161928085,2.1054300827441677,-1.9044924265380763
3821.9999999855645,0.4938757373513102,0.6128847983593023,0.7963989035576832,2.106196293931269,-1.9041783430213772
3830.4000000061933,0.49404583884779124,0.6133648670474237,0.7020965160359381,2.105023783314172,-1.9033291379036796
3838.7999999977183,0.4940051580714299,0.6132587425224256,0.6818470253992797,2.1052343553709285,-1.9034895597966492
3847.199999989243,0.49414255284750064,0.6134516507479654,0.8178629327883373,2.104819672966483,-1.9029431374530288
3855.600000009872,0.4942407554459238,0.6131614658332823,0.7847697803531686,2.1055313043894297,-1.902730089552209
3864.000000001397,0.4941150028869924,0.6131898848701864,0.8155633022291149,2.105482920882514,-1.9031883525543047
3872.399999992922,0.4940607462187644,0.6131560071749991,0.7364159447394961,2.105524346029885,-1.9033687644023474
3880.799999984447,0.49436198083789734,0.6129750535940783,0.8011439938994603,2.1060289120581968,-1.902414291999268
3889.2000000050757,0.4942857368572944,0.6133700421059004,0.7072280342512914,2.1050138077805456,-1.9024601459671235
3897.5999999966007,0.4942818106098592,0.6132839250083864,0.6798257742348324,2.1051986045394933,-1.9024958727210584
3905.9999999881256,0.49389140899596445,0.6130773276187076,0.829190953421024,2.105725964781393,-1.904027951169003
3914.4000000087544,0.49437766325351556,0.6130288396779318,0.7193412705583662,2.1058882466433917,-1.9023242367696904
3922.8000000002794,0.4939853436370756,0.613368725270929,0.8119949248247745,2.105052448299257,-1.9035763954929292
3931.1999999918044,0.4941401493817025,0.6131986371842185,0.701418536108979,2.105441207986484,-1.9030770268093329
3948.000000003958,0.4941092426999657,0.6131380200924033,0.6023705677515356,2.105541580975496,-1.9031807844302773
3956.399999995483,0.4936529292421869,0.6124957193005006,0.822798029579061,2.107149760980257,-1.9051784981134678
3964.799999987008,0.49409534553197443,0.6135363534470262,0.8025890634106733,2.1045987414597818,-1.9030620085979664
3973.200000007637,0.4937874699267656,0.6136044117684394,0.7409102680246,2.1044559744808145,-1.9041623427787673
3981.599999999162,0.49390934860078184,0.6135262735282263,0.9524602190898135,2.1046418568340663,-1.9037549243947394
3989.999999990687,0.49367432204988243,0.6129620408737584,0.8660876084454415,2.1059891731070013,-1.9048565018744361
3998.4000000113156,0.49372885096292773,0.6132420836414416,0.7768743854284466,2.105319218579732,-1.9045336203772814
4006.8000000028405,0.49349115437183455,0.6131665316150439,0.9354012800888084,2.105526263376023,-1.9054500137157613
4015.1999999943655,0.4937566371271654,0.6130539832628439,0.7547039577743002,2.1058217816517493,-1.9045584845046128
4023.5999999858905,0.49359283267303045,0.6136819037226455,0.7689471737108986,2.1042314159569977,-1.9048017509395703
4032.0000000065193,0.4935917337266643,0.6135780086273466,0.6873631157750953,2.1044509456128306,-1.9048291819782432
4040.399999998044,0.4934649132359599,0.613163337084459,0.7689950682767471,2.1055210605753953,-1.9055364267250352
4048.799999989569,0.4934634292633204,0.6131781542341861,0.7924742219036421,2.1054509769604177,-1.905507693931296
4065.600000001723,0.4938326523115658,0.6138753950882239,0.795383414146264,2.103770392008954,-1.9038485058832095
4073.999999993248,0.4940378228682718,0.6134286760848695,0.7904629828956156,2.10489769289952,-1.903350721198294
4082.399999984773,0.4940087766545823,0.6134486914389932,0.668126782154099,2.1047891848507256,-1.9033992140362983
4090.8000000054017,0.49372695832332525,0.6131516477570846,0.8030527173648132,2.1055799978640866,-1.904616015399082
4099.199999996927,0.4937597545577569,0.6131679646293025,0.7051716698241065,2.1054862293088994,-1.9044465738687129
4107.599999988452,0.4935684963289219,0.61250663386032,0.8368000055393816,2.1071357999114753,-1.9054896963946122
4116.00000000908,0.4935940604316233,0.6125699661560314,0.6944909422518373,2.1069660106423433,-1.9053540343697732
4124.400000000605,0.49367532847870343,0.6124866612614748,0.8691521608937599,2.107184211855195,-1.9051113640406574
4132.79999999213,0.493365557673504,0.6124137625583874,0.8636762939015443,2.1073738247213356,-1.9062808819689114
4141.199999983655,0.4934033900573758,0.6126355610468572,0.8142754688755534,2.1068254467910332,-1.9060296871143543
4149.600000004284,0.4931979310435689,0.6125483712244157,0.771269844466875,2.1070078461124595,-1.9067942213618965
4157.999999995809,0.49322324589588895,0.6125516329030898,0.7499119647374467,2.1070125377431657,-1.9067107369739018
4166.399999987334,0.4934752682382661,0.613015745711478,0.8394154127359644,2.1058851388736115,-1.9055737618606792
4174.800000007963,0.4933792113892966,0.6132919755275831,0.7561370205548213,2.105184099129448,-1.90576634487579
4183.199999999488,0.49338965728573136,0.6132566588673725,0.7215792604653083,2.1052676603370646,-1.905743572956544
4191.599999991013,0.4931322691028005,0.6130710251395595,0.7081023597676825,2.1057390023838423,-1.9067824659534738
4200.0000000116415,0.4934547992611745,0.6135015435462929,0.7026034904396522,2.1046616439237957,-1.9053816119139018
4208.4000000031665,0.49325948277517595,0.613349949931111,0.7178109094048432,2.10505306216052,-1.9061806040936444
4216.7999999946915,0.4934546437669992,0.6131065552901224,0.7659774366801729,2.105684756073472,-1.9056212279625466
4225.199999986216,0.49065713179692194,0.6130602429596561,0.6657110410627337,2.105598335429119,-1.9156559285992736
4241.99999999837,0.49464327536836256,0.6147242194341489,0.7194166246808009,2.1017014077607428,-1.9005128428382823
4250.399999989895,0.49411284356173624,0.6145117435078984,0.6812837482576024,2.1022064913065326,-1.902519699271477
4258.800000010524,0.49431520411048646,0.6138145575113929,0.9107769151396806,2.1039312633230605,-1.9021415724641726
4267.200000002049,0.49407286333976624,0.6142541576438383,0.7401940149139855,2.102850418199467,-1.9028002240917308
4275.599999993574,0.4942264909825786,0.6142834722924622,0.6803962071221715,2.1027822687690296,-1.9022334014749422
4283.999999985099,0.4939204743505872,0.6140510446011087,0.7541394011302709,2.103349261985839,-1.9034518024488645
4300.799999997253,0.4941316347708063,0.6146375404709389,0.7803637964590744,2.1019208329559214,-1.9024081458443782
4309.199999988778,0.4942498912385546,0.6146383004666098,0.6884156527162759,2.1019173830932987,-1.9019792983111838
4326.000000000931,0.4936486545937518,0.61462982109679,0.7516006748094255,2.101915824127304,-1.9041388242806738
4334.399999992456,0.4937138899710541,0.6145912546106783,0.7538970605697835,2.1020233845594967,-1.903932216470655
4342.799999983981,0.4938091706899086,0.6146718745044377,0.6499591500434331,2.10181019077813,-1.903535780727048
4351.20000000461,0.4938884188269344,0.6147408639977121,0.6316654527534277,2.1016358384851075,-1.9032113443549317
4359.599999996135,0.49351766490622434,0.6146867307304018,0.7071218974103711,2.1017636962739186,-1.9045744891586405
4367.99999998766,0.49337269385284516,0.6145744161534505,0.7808421021535317,2.1020371691883852,-1.9051528749895876
4376.400000008289,0.4934751274000523,0.6146611592959932,0.7189689795238636,2.101813072194634,-1.9047303795754278
4384.799999999814,0.4933637520150788,0.6144755198331426,0.771097014761292,2.10229101055554,-1.905243173320573
4393.199999991339,0.49309491969184,0.6141803254765591,0.8705803654745977,2.102992475552639,-1.9063451032222347
4401.599999982864,0.49215970714306,0.6154688650514403,0.8589693368143188,2.0997869773334727,-1.9090522146025481
4410.0000000034925,0.49228059330809887,0.6160931784931574,0.8818962569169165,2.098254277459784,-1.908300934379793
4418.399999995017,0.49217914815182146,0.6160413447303257,0.8328242845257043,2.0983574446091047,-1.9086743797684125
4426.799999986542,0.4922178682958262,0.6159292610469307,0.7134254973328135,2.098637645052448,-1.9085947436011206
4435.200000007171,0.49230197841001777,0.6160017172312583,0.7988244137659569,2.0984702522756598,-1.9082626154918942
4443.599999998696,0.4923871502517073,0.6160497299525878,0.9597715297793539,2.098359245228125,-1.9079361021045513
4451.999999990221,0.4922710270441201,0.6159119028298317,0.7887307888331216,2.098672822982598,-1.9084051951512175
4460.40000001085,0.49016582803345676,0.6119451255476226,0.6555955178344545,2.108409486356034,-1.9180880265438427
4468.800000002375,0.492527639162892,0.6157508520785631,0.7095013185683244,2.099100337565825,-1.9075838184094953
4477.1999999939,0.4923385416513527,0.6154418886503632,0.7159496865705892,2.0998461940057753,-1.9084127554255037
4485.599999985425,0.49253708594024365,0.6158087948315009,0.7397791304507078,2.0989670354323615,-1.9075278339926809
4494.000000006054,0.4924101043541838,0.6162446269879376,0.7997270109999718,2.0978746180305907,-1.9077504845462219
4502.399999997579,0.4903000418767647,0.6122025963136224,0.7127588304800486,2.1077813201050044,-1.917466770333739
4510.7999999891035,0.4926116308934141,0.6157965141867647,0.8694077397566455,2.0989941862452905,-1.9072620386393837
4519.200000009732,0.4923063116853414,0.6165880716487091,0.8872186045535363,2.097013755562854,-1.907939090345432
4527.600000001257,0.49227786534344115,0.615838128910424,0.8399473016628903,2.098851810899367,-1.9084158059391334
4535.999999992782,0.4919283204844958,0.6157031523674151,0.7176098758474788,2.0991666181783843,-1.9097352869281834
4544.399999984307,0.4926460310932267,0.6163017123232754,0.8145968864225576,2.097751728303355,-1.9068834128817604
4552.800000004936,0.4921633430972515,0.6161623454776088,0.7855902189887226,2.098055576694755,-1.90866681849983
4561.199999996461,0.4922264538013955,0.6160961783582706,0.9372727306726907,2.0981929485498094,-1.9084516344826352
4569.599999987986,0.49204307650648194,0.6162113501260924,0.730950340469419,2.09793848906403,-1.9090796742350253
4578.000000008615,0.49207255379874343,0.6160565371415181,0.7972348520520254,2.0982965400847835,-1.9090331908553815
4586.40000000014,0.4922195691632128,0.6160158676581269,0.7029240177499828,2.0984088092635256,-1.9085319759100445
4594.799999991665,0.49213816545374733,0.6164512193080257,0.7111306015928067,2.0973421022581125,-1.9086091773546725
4603.19999998319,0.49186704777280116,0.6161074111816857,0.7722199585610192,2.09817348132395,-1.909752469922817
4611.600000003818,0.4921633187759264,0.6161806066249429,0.7952925261431562,2.0979903771936517,-1.908641271820127
4619.999999995343,0.4900063634947321,0.6121866181751706,0.6664697177764611,2.1077929642547937,-1.9185257959298383
4628.399999986868,0.4920278019642897,0.6160070739200044,0.7386219823632557,2.0984061470371578,-1.9092104156395868
4636.800000007497,0.49198682736584987,0.6159395074446348,0.859770906017785,2.0985466190558526,-1.9093721478098775
4645.199999999022,0.49195762684170036,0.6165436149298869,0.8118504097743234,2.097077257333933,-1.90918447201838
4653.599999990547,0.49199130910458305,0.6157918324969711,0.7017950994006973,2.0989212377267354,-1.9094401586532876
4662.000000011176,0.49175161033389514,0.6162819783700773,0.838512545206533,2.097698299633175,-1.9100441394924421
4670.400000002701,0.4921174933144097,0.6163253255351825,0.8564164309467776,2.0976355666667454,-1.9087345687171975
4678.799999994226,0.49197892577701835,0.6166576844295488,0.8369956184988172,2.0968103673348444,-1.9090607180648889
4687.199999985751,0.49186885769374705,0.6158875967648325,0.8356886709862513,2.0986787498403348,-1.9098290190395304
4695.60000000638,0.4919801057497928,0.6163444619281881,0.7895514571461267,2.097565219712721,-1.909202733219463
4703.9999999979045,0.4918573481542829,0.616277519895659,0.8505466882587844,2.097702171935541,-1.909658195606221
4712.3999999894295,0.49213178969416405,0.6162979116534821,0.9850976618788351,2.0976586702440634,-1.9086609483324082
4720.800000010058,0.4899727037653312,0.612306443659244,0.7187291490665866,2.1074685227149055,-1.9185614117218144
4729.200000001583,0.49195966880839126,0.6161489942368589,0.8262661969883249,2.0980403262490896,-1.9093712680497772
4737.599999993108,0.49233309935589825,0.6161022952992489,0.8646305918729178,2.0981809428593423,-1.9080654401073005
4745.999999984633,0.49229670463661634,0.6156242760211498,0.8712502332304528,2.0992944853116415,-1.908388731351511
4754.400000005262,0.4920951031843045,0.6158719279120366,0.8535959338881165,2.098722440153496,-1.9090224842533077
4762.799999996787,0.4920962727378114,0.6156373747837096,0.9011660712428964,2.0993077510923976,-1.9091440465444192
4771.199999988312,0.4921111451885857,0.6153040629734098,0.8763054549906597,2.1000862359702053,-1.9092260342834393
4779.600000008941,0.4921573419987701,0.6154112633272617,0.7467087344977794,2.0998445637490772,-1.9090221206586697
4788.000000000466,0.49210355334111144,0.6147351225246992,0.9071475320099059,2.101479833689175,-1.9095380112387732
4796.399999991991,0.4917713184006577,0.6149585084186087,0.7679154571632788,2.100915083926555,-1.9106161349875
4804.799999983516,0.48968820164102383,0.6109343728525867,0.7232338671913945,2.110836003314068,-1.9203199857849624
4813.200000004144,0.49210470362874065,0.6148058804438158,0.7800058146192043,2.101302129650245,-1.9094949010785771
4821.599999995669,0.49184108389280956,0.6150479435452876,0.8527140051212361,2.100650069843294,-1.9102811618621593
4829.999999987194,0.4917934545208781,0.6151706965538104,0.7062226721806555,2.1003489493119623,-1.9103917999190256
4838.400000007823,0.48968052257894146,0.6111579738840426,0.7237645204580672,2.110275967853875,-1.920221584669777
4846.799999999348,0.4918729840099287,0.6141524926734578,0.7268904357293388,2.1028899863213706,-1.9106527467442254
4855.199999990873,0.49178449440229566,0.614911214966168,0.7833474855626783,2.100993622725244,-1.9105618964856033
4863.600000011502,0.49202226484994177,0.615042831213946,0.909710547404513,2.1006772995912955,-1.909639155652462
4872.000000003027,0.4917856013514116,0.6146999492384831,0.7691491763461372,2.1015257389070507,-1.9106758541636815
4880.399999994552,0.49189151037691226,0.6145905061395468,0.7209629573626357,2.1018009556339043,-1.9103525050179706
4888.799999986077,0.49214787616678785,0.6151168868323085,0.7497536626957223,2.1005228823851922,-1.909168919674343
4897.2000000067055,0.492145039843557,0.6148734151108006,0.7687673755775337,2.1011347529409687,-1.9093133849956416
4905.5999999982305,0.49195235550903416,0.6144345361761141,0.7363817850037896,2.102201744756883,-1.9102252448225847
4913.999999989755,0.4920596520168215,0.6149749272631782,0.7226219406872993,2.1008644418356988,-1.9095545034840729
4922.400000010384,0.49224820810772246,0.6147409820785519,0.7488236794489176,2.101466568460754,-1.909011730830462
4930.800000001909,0.4921455539108022,0.6150896374909587,0.7864634134928622,2.1005887725217995,-1.9091902554246636
4939.199999993434,0.49227229287450874,0.6148692305094352,0.7658973594086355,2.101115195530767,-1.9088304434413028
4947.599999984959,0.49013515539431934,0.610878047770352,0.7296727658492262,2.110959491338754,-1.9186993965992387
4956.000000005588,0.49222318829939554,0.614496310580954,0.76991482477768,2.1020685639339733,-1.9092268317662648
4964.399999997113,0.49221924892638613,0.614189953918651,0.7894500859947292,2.1027884803699934,-1.9093697711428697
4972.799999988638,0.49007438861570485,0.6101591301555456,0.7609980485208363,2.1127364194373666,-1.9193079730121245
4981.200000009267,0.4903264474535887,0.6105995407332043,0.9156061691225496,2.1116693477812762,-1.9181654082232504
4989.600000000792,0.4920980419661297,0.6144780564285127,0.8961363419969347,2.1020946126243074,-1.9096746484905023
4997.999999992317,0.4921238922798543,0.6144419070565739,0.7883660788015039,2.102185017993599,-1.9096005127223652
5006.399999983842,0.4899707035012063,0.6103656537282532,0.7504008192071883,2.112220831937292,-1.9195730404757148
5014.80000000447,0.4924569784786542,0.6147134173078158,0.9797697417717564,2.101517573262077,-1.9082558670638725
5023.199999995995,0.49224565026680295,0.6151570279235424,0.7498557335387236,2.1003887431041752,-1.90876595296798
5031.59999998752,0.49205707280327315,0.6149008041817072,0.9203832308483628,2.101042660413587,-1.9095982428856038
5040.000000008149,0.49205431591462884,0.6142822941943564,0.7854070726561045,2.102566605148023,-1.9099252395448194
5048.399999999674,0.49250712224425125,0.6143304310154994,0.7882571225335568,2.102472568759842,-1.9082785869953367
5056.799999991199,0.4922125067377837,0.6143725992427488,0.7932277595000576,2.102330432916422,-1.9092942603169498
5065.200000011828,0.49256940522082565,0.6141800449674826,0.7654423966061777,2.102831275253374,-1.9081200242787801
5073.600000003353,0.49260529764572886,0.6141620147842966,0.7887797739355635,2.102880714552425,-1.9080031381920444
5081.999999994878,0.4924688617178413,0.6142353334204695,0.8527824798413548,2.10270556538789,-1.9084647248474964
5090.399999986403,0.4928704434117325,0.6147294902660893,0.7868986257982029,2.1015206076059934,-1.9067848159108487
5098.8000000070315,0.49292581231410565,0.6147197175973891,0.7441227583776657,2.1015109096711933,-1.9065623723821359
5107.199999998556,0.49285148268502194,0.6147173739395682,0.7396259602326833,2.1015205920666427,-1.906835695651113
5115.599999990081,0.4928181422409236,0.6140760545313292,0.8213544196346336,2.1031120114576463,-1.9072911039315403
5124.00000001071,0.49270199302550405,0.6139809895818373,0.7880322156044169,2.1033303297371178,-1.9077477075127969
5132.400000002235,0.4930592176079279,0.6147607564145778,0.8667885053959076,2.1014402357767734,-1.9060831900114765
5140.79999999376,0.4927713778725423,0.614820930180595,0.7189046049063088,2.1012599350309276,-1.9070686628583284
5149.199999985285,0.49284750205960065,0.6148501090458907,0.7252414647586796,2.1012173754678387,-1.9068018421903308
5157.600000005914,0.4925407297128589,0.6146710751989611,0.7926925750518008,2.101652345403519,-1.9079985486887647
5165.999999997439,0.4930236474679825,0.6149657750144084,0.8271001955423273,2.1009413557461265,-1.906113148904451
5174.399999988964,0.49285145878063963,0.6149677597729228,0.7984006099855672,2.1009387691558055,-1.9067368903588373
5182.800000009593,0.4926755682536208,0.6145637120467066,0.7628421649211514,2.1019068826717606,-1.9075568072469915
5191.200000001118,0.4926557899744772,0.6143151466671577,0.7763940687170632,2.1025385547774857,-1.9077703380857767
5199.599999992643,0.4926977803550536,0.6143731355547832,0.7745082904777103,2.102390666401571,-1.9075846769340636
5207.9999999841675,0.49261998489147685,0.6148806991534707,0.9245020323717502,2.1011031094377093,-1.907578603821375
5216.400000004796,0.4928839989433628,0.6148727671769724,0.7143236362085869,2.1011661197551197,-1.9066619419374016
5224.799999996321,0.4928850674666195,0.6150993428110689,0.8995243164700856,2.100632710879031,-1.9065631426336063
5233.199999987846,0.4926300007055879,0.6151359376210004,0.7561687940374059,2.100496784786877,-1.9074306926829085
5241.600000008475,0.49252548520309436,0.6150925720342486,0.796299782174657,2.1006107378130743,-1.9078366817457637
5250.0,0.4928202492973826,0.6151226236924712,0.8478505485620296,2.100555588475969,-1.9067699961297584
5258.399999991525,0.4927595141775541,0.6147736619126697,0.8090766918962625,2.1014031547028242,-1.907157032691457
5266.79999998305,0.4928009217351856,0.6148487916207221,0.7727811659025476,2.101230062568391,-1.9069786434848217
5275.200000003679,0.49268469948749616,0.6148952816468022,0.7280658881267411,2.1011020735177843,-1.9073649264478072
5283.599999995204,0.49292955603417665,0.6146366203608944,0.8787003494988992,2.101741283333523,-1.906611426511709
5291.999999986729,0.4931917518295698,0.6149960013926934,0.750541421822051,2.100885458530462,-1.9055047665736298
5300.400000007357,0.4932022066089042,0.6149943194230797,0.7614941442119103,2.1008986993881518,-1.9054750639584384
5308.799999998882,0.49105599565113767,0.6109470038044502,0.6811697270689281,2.1108295632360443,-1.9153257752865989
5317.199999990407,0.492435284160799,0.6140085835763786,0.7672218377989125,2.1032807916041483,-1.9087155242270795
5325.600000011036,0.49302068371282093,0.6146146258802566,0.977746697754206,2.101810289357615,-1.9063045715987617
5334.000000002561,0.49283154826469644,0.6143139480131377,0.8211897520201871,2.102551034009655,-1.9071417981835044
5342.399999994086,0.492877660241026,0.6143545614325601,0.6849311290202483,2.102446987353388,-1.9069509718177076
5350.799999985611,0.49282541242000927,0.6143407630682374,0.7255500920892543,2.1024832764025465,-1.9071490558789017
5359.20000000624,0.492844574244394,0.6140170889875354,0.9417637988338001,2.1032835414261943,-1.907246264744916
5367.599999997765,0.49255945708061655,0.6134188713625947,0.8307096449457312,2.104772183058169,-1.9085969423183087
5375.99999998929,0.49273353253005886,0.6133656781366892,0.9231095678631038,2.104912381481539,-1.9079995336106441
5384.400000009919,0.49275158490950915,0.6140520855263268,0.7617489585340496,2.1032015002608695,-1.9075688618275541
5392.800000001444,0.49277910446142464,0.6139885048123415,0.6817678020543364,2.1033672177837395,-1.9075086964272443
5401.1999999929685,0.492829683634828,0.6133751765420001,0.7935469241203125,2.1049082128708934,-1.9076611291181902
5409.5999999844935,0.4928212336073883,0.6132863270863975,0.8390943829301759,2.105128138162504,-1.9077378303205357
5418.000000005122,0.4936314821267273,0.6137718794898366,0.831111127202313,2.103967170093563,-1.9045827537873203
5426.399999996647,0.4943720279148943,0.6138748216534303,0.7243074732202595,2.1037122104765285,-1.9018505932781877
5434.799999988172,0.495379053031347,0.6158472287180718,0.8310325948026557,2.09886297232519,-1.8972527404629418
5443.200000008801,0.4977731317963312,0.6174296722810997,0.8314539000300681,2.0951230086721035,-1.8880311630117685
5569.199999998091,0.4995148597420161,0.6069549872779874,0.6556618893498312,2.1211677151246686,-1.8868927769173438
5577.599999989616,0.5000954578451152,0.6135583571835689,0.9944233989866951,2.1047450278951803,-1.881596156701374
5586.000000010245,0.5006979180115373,0.6088481736579843,0.6174156688419057,2.1164782303177625,-1.881704512983989
5594.4000000017695,0.49799144855347316,0.6092325168342674,0.7388348471693084,2.1154448941909707,-1.8912485843740192
5602.7999999932945,0.4995970089816734,0.6112199261314032,0.9342223234010922,2.110550508773227,-1.8845072263005633
5611.199999984819,0.4988916380234487,0.6113568554901798,0.8440260892574063,2.110196195566662,-1.886971662270001
5619.600000005448,0.4986904832498994,0.6114706032444429,0.9022971622965952,2.1099060891707992,-1.8876356515873496
5627.999999996973,0.4980238086814174,0.6120637334049306,0.8639682622823398,2.1084418901078634,-1.8897550769444373
5636.399999988498,0.4975564312737866,0.612465799277571,0.8638049098663348,2.107380637016676,-1.8911945972456294
5644.800000009127,0.49703184488086594,0.6122218100392001,0.856366635398955,2.1079862358858565,-1.8932080666409374
5653.200000000652,0.4970936605694142,0.61272942984516,0.7390379965902315,2.1067500510656303,-1.892750903666783
5661.599999992177,0.4968768982693577,0.6134058944818606,0.7612043329669653,2.105070976216745,-1.8931964550979028
5669.999999983702,0.4963538668050947,0.6131077382588069,0.7046440445475975,2.1057683161260177,-1.8951987303242557
5678.400000004331,0.49628432901382274,0.6135718063796498,0.7712971889091322,2.1046331447383917,-1.8952300673371218
5686.799999995856,0.4961798774793639,0.6137374435301142,0.8441217836501773,2.104194387596523,-1.8955025385968292
5695.199999987381,0.4962456641611793,0.6137409670863585,0.6778278384388391,2.1041760048589606,-1.8952561778044272
5703.600000008009,0.49629368309716054,0.6137717047626188,0.6386802827607011,2.1041012667375405,-1.8950688826314566
5711.999999999534,0.4963429682931461,0.6138054312672785,0.6672685922187868,2.104026055243993,-1.8948808920363858
5720.399999991059,0.4956337497811451,0.6144432507572533,0.7290420226381672,2.102437788021141,-1.8971131317157763
5728.800000011688,0.4954801420965175,0.6146553882728105,0.7208541585334267,2.1018920975984137,-1.8975449839081289
5737.200000003213,0.4956147892254788,0.6148839689024286,0.7149127354236007,2.1013562408954014,-1.896969034947772
5745.599999994738,0.49580215998275906,0.6151862544531009,0.8062334243932483,2.100596262674731,-1.8961349485048566
5753.999999986263,0.4954681891160521,0.6154562690929504,0.7600204848572105,2.099950628201824,-1.8972202054489913
5762.400000006892,0.49553452331756687,0.6154679696762424,0.6471396874588035,2.0998829302807285,-1.8969455584595474
5770.799999998417,0.49556809287852743,0.6156735113672781,0.7171869998521447,2.099425294184828,-1.8967621170943496
5779.200999997556,0.49594765538482954,0.6149731435551535,0.8546916575314846,2.1011814179478456,-1.895761589971089
5787.600999989081,0.4959388500766827,0.6150892542671516,0.6351248129255619,2.100852527004787,-1.8957036689144726
5796.00100000971,0.49597376884310834,0.6151307624432675,0.6864649882535457,2.1007358738741186,-1.8955467008521931
5804.401000001235,0.4966535563840691,0.6149034115579353,0.8533925453589046,2.1013839385784623,-1.8932793175771103
5812.80099999276,0.4978514445781587,0.6164663919919823,0.7393763860165231,2.09759646447922,-1.8882828834124479
5821.200999984285,0.4977743042325238,0.6163570556368241,0.766366702503995,2.0978474193022585,-1.8885968845494197
5829.601000004914,0.4994270906033617,0.6258670887752493,0.7854234250629182,2.07451655299437,-1.8783919365368777
5972.401000006357,0.499951045322228,0.6157564650277308,0.9953737402040127,2.0994160625606857,-1.8811611969566424
5989.200999989407,0.4998149919160982,0.613093242438052,0.758015288924399,2.106035322780011,-1.8829235386087482
5997.601000010036,0.4991771673679355,0.6135877320501207,0.8939562013866023,2.1047484626995194,-1.8849314697964912
6006.001000001561,0.4985290131474981,0.6142392640237725,0.971400405758666,2.103086513736853,-1.8869092527729636
6014.400999993086,0.4984063250037639,0.6138018022556249,0.9199883025338104,2.104189484369327,-1.8875751805623295
6022.800999984611,0.4974765699937292,0.6144185023381261,0.7432556212375034,2.102614862344419,-1.8905811752184083
6031.20100000524,0.4969959470135426,0.6144164919735897,0.834095153551717,2.10258421391104,-1.8922830950862417
6039.600999996765,0.4967561647371408,0.6139939136062577,0.9288644124137246,2.103596654738039,-1.8933278292532634
6048.00099998829,0.4967551424433944,0.6144612651532168,0.8273085993687598,2.1023791651500607,-1.8930553956093301
6056.401000008918,0.49646473660829454,0.6140874697293215,0.9986240249647935,2.1032953416294005,-1.8942778075398774
6064.801000000443,0.49616946948921054,0.614178312940282,0.7676651037092175,2.1030753388530137,-1.8953001654241397
6073.200999991968,0.49609332995114014,0.6142346724044283,0.8042670232182179,2.102899417515872,-1.8955185060835038
6081.600999983493,0.4940310953105135,0.6099475373491132,0.7699827875570924,2.1134657400989276,-1.9051198341890379
6090.001000004122,0.4956096621454308,0.6140226385252445,0.7493854231193617,2.103380824481831,-1.8973339055452263
6098.400999995647,0.4954778132511334,0.6145082639772834,0.9218268251397338,2.1021862057379295,-1.8975725085368562
6106.800999987172,0.4953155992719972,0.6137245135651401,0.7836970129752189,2.104102332732337,-1.898531479176058
6115.201000007801,0.49540762200508065,0.6145021857451243,0.7523813284934419,2.102209355610205,-1.8978348585432379
6123.600999999326,0.4933080563766296,0.610143740988034,0.7640894642038691,2.1129186041204466,-1.9076055938683447
6132.000999990851,0.4953014174087932,0.6135049473143629,0.8997869509537123,2.104640525528655,-1.8986887394724061
6140.4010000114795,0.4924261611823021,0.6129085695941359,0.7720931604569299,2.1060157998461593,-1.9093310715293719
6148.801000003004,0.49279936440846817,0.6127167690126893,0.8512281252929034,2.106510295617888,-1.908090541734279
6157.200999994529,0.4952751316400299,0.613563440242382,0.8267201950020944,2.1044705200755933,-1.8987347277624116
6165.600999986054,0.4950282439656779,0.6139890809734605,0.7859860703898756,2.103432008222785,-1.8994240269011275
6174.001000006683,0.4948794534276978,0.6138192973036949,0.7926607302729746,2.1038163155616085,-1.9000188296866254
6182.400999998208,0.4950590655542255,0.6141475501860942,0.9121900593631409,2.1030094238761654,-1.8992094374358013
6190.800999989733,0.49529681096643163,0.6140991824755893,0.7715480902171642,2.103138491433323,-1.8983831266302855
6199.201000010362,0.49482777503033326,0.614193737405496,0.8664946910420721,2.102906162977459,-1.9000296805165342
6207.601000001887,0.4946254101177067,0.6140802056074,0.760427193172489,2.1031879231168653,-1.90081838009603
6216.000999993412,0.49442353564739766,0.6144040819708085,0.8525696827275913,2.102354200262496,-1.9013584811614768
6224.400999984937,0.492347497495897,0.6101271617359167,0.7453436676572212,2.1129060306331144,-1.9110774892639544
6232.801000005566,0.494276331201487,0.6148331111237443,0.7375648996213209,2.101282234179619,-1.9016646487716669
6249.6009999886155,0.49416445415249993,0.6146474988683023,0.8001214587455012,2.1017509616896284,-1.9021700889567659
6258.001000009244,0.4942486556409783,0.6146148217163827,0.8009368388528919,2.101855206178582,-1.901900987025132
6266.401000000769,0.49212222501589464,0.6103865052198872,0.7157590170253989,2.112247525925037,-1.9117507298854852
6274.800999992294,0.49414052404973463,0.6150170261774391,0.7048451445439864,2.1008407391335413,-1.9020723421514576
6283.200999983819,0.4943010306318313,0.6148196324787123,0.806216234049182,2.1013364191610475,-1.9015987126058305
6291.601000004448,0.4941176984918985,0.6146978617327199,0.8016830500843749,2.101670283904641,-1.9023480320618444
6300.000999995973,0.49389957415853997,0.6146239987238777,0.703792220012165,2.1018405984050483,-1.9031637819902762
6316.801000008127,0.49126969997796366,0.6143129494858297,0.6985221206603341,2.1025065549630857,-1.9127702901441308
6325.200999999652,0.49393742989409295,0.615403354508486,0.8750703714210082,2.0999134948779004,-1.9026318984490713
6333.600999991177,0.4940033960501684,0.6149768876236728,0.9778697151943319,2.100956913697676,-1.9026010403976383
6342.001000011805,0.4939643476315928,0.6155625782997682,0.814425896240555,2.099526861884378,-1.9024597577229005
6350.40100000333,0.49396716279376573,0.6154437986910903,0.7894576121296479,2.099804588521929,-1.9024970994483303
6358.800999994855,0.49379233500577036,0.6156935521072981,0.7985536264362062,2.099191167454936,-1.903004559729341
6367.20099998638,0.49367823986542547,0.6156489769066913,0.7363924244154565,2.0992955258138912,-1.9034341958453256
6375.601000007009,0.4936749723186553,0.61550213057715,0.7433674291004119,2.0996355591262064,-1.9035022862148345
6384.000999998534,0.4937888384687805,0.6158429396773062,0.7256953209096615,2.0988175192465715,-1.9029380503606266
6392.400999990059,0.4940051453879274,0.615320261390462,0.8223377632552537,2.1000768180707583,-1.9023963321531778
6400.801000010688,0.493931196914214,0.6152777207727361,0.7899526098841001,2.1001800805671116,-1.9026832000158738
6409.201000002213,0.4939269725959998,0.6151729434966838,0.7288099588062071,2.10045380114962,-1.9027631197603532
6417.600999993738,0.4940471695297128,0.6154598689956443,0.7564446964637036,2.0997326414197253,-1.9021748995922432
6426.000999985263,0.4937858464971977,0.6154219255741019,0.8477920413912182,2.0997921146808602,-1.9031097697459591
6434.401000005892,0.4936780514988267,0.615319238657623,0.7172702382539262,2.1000249397335335,-1.9035342789016723
6442.8009999974165,0.4939596893912321,0.6153297380027465,0.7642734074945946,2.1000200667334217,-1.9025292194842833
6451.2009999889415,0.4917262654588453,0.6111424646969962,0.7225813621958336,2.110305776969129,-1.912741106931794
6459.60100000957,0.4935539725163123,0.6150092060963444,0.808569818401208,2.1007814880561124,-1.9041321543425158
6468.001000001095,0.493652900645264,0.6149496166981769,0.7751548994556982,2.1009382709195212,-1.9038126060537752
6476.40099999262,0.4936065668956566,0.6147985488671353,0.7446515070068973,2.1013290559288667,-1.904070602606175
6484.800999984145,0.49353675443351186,0.615067723747519,0.8782642621228384,2.100610378120104,-1.9041435673371587
6493.201000004774,0.49134729143924905,0.6108629481891336,0.763813072973215,2.1109758055307717,-1.9142555001740957
6501.600999996299,0.4915481799697166,0.6111640204323117,0.8985580514721587,2.1102178137033842,-1.9133518124995186
6510.000999987824,0.4933758342042093,0.6152467971412342,0.9061616752735004,2.100126664034536,-1.9046009431829984
