timestamp,norm_posX,norm_posY,confidence,theta,phi
0.0,0.4306194704303509,0.6883448218263972,0.9990158398433395,2.183886361421373,-2.2595223209523234
8.399999991524965,0.43097325249616764,0.6878726518851553,0.9986857658846471,2.185262410828643,-2.2585086942898265
16.79999998304993,0.43068776511794865,0.688523218922697,0.9993148325202132,2.1833543489616947,-2.258772508961065
25.199999974574894,0.4306188758607896,0.6878718630600715,0.9991383140791981,2.1832836013829753,-2.260298890490193
33.59999996609986,0.4305634006586714,0.687929627843066,0.9992246675006801,2.1831270631632638,-2.26051110515937
42.000000015832484,0.43037381043233747,0.6884649740921243,0.9988741406333664,2.181590492464017,-2.2605381291298405
50.40000000735745,0.4298067180191178,0.6887493302794379,0.9991010820928505,2.180656402025927,-2.2629171170444367
58.79999999888241,0.42979463165280807,0.688717136553326,0.9987821209559001,2.18073147186972,-2.2630148009732194
67.19999999040738,0.42979821642393556,0.688073490776693,0.9988176398411044,2.1825331804419132,-2.264145929862737
75.59999998193234,0.4296772257638762,0.6884501501356672,0.9990585320654695,2.181424844647968,-2.264045763165791
83.9999999734573,0.42940500013648003,0.6886328924530507,0.9989034416703597,2.1808762001544557,-2.2651594750999346
92.39999996498227,0.4297676707169534,0.6886758761351104,0.999009648020624,2.1808601061499653,-2.26326058359449
100.8000000147149,0.42973769319050126,0.6890231781635144,0.9987747663510184,2.179883651526172,-2.2627987417862285
109.20000000623986,0.4297419360511416,0.6891623382499099,0.9990775800585213,2.1794940696954472,-2.262527178766922
117.59999999776483,0.42964503276776034,0.6892833188498015,0.998993649982605,2.1790896837262803,-2.2627301883529776
125.99999998928979,0.4294496660399913,0.6898321458700779,0.9989131499659448,2.1775604194016966,-2.2628419868826986
134.39999998081475,0.4295286747030317,0.6892320315466907,0.9988061046622084,2.1792239228040167,-2.263447403696258
142.79999997233972,0.4295869908633831,0.6891902061762993,0.9988613869657792,2.1793663342052145,-2.263244830210203
151.19999996386468,0.4298679973742348,0.6883494618052755,0.9990594376214131,2.181755696670936,-2.2632573594983247
159.6000000135973,0.4299641748389599,0.6876288552959284,0.9992362834317939,2.1837932062659617,-2.264050738391964
168.00000000512227,0.43021568279574146,0.6874155174238902,0.9993423374976177,2.1844581387584663,-2.263159455020016
176.39999999664724,0.4306582078345838,0.6872662143711948,0.9992672874087124,2.1849521959516185,-2.2611128808753165
184.7999999881722,0.4310279266522751,0.6870105928029219,0.9994485693472664,2.185742896168468,-2.2596585349832816
193.19999997969717,0.43139319305828094,0.686677934626449,0.9992162846622669,2.186753168968939,-2.258373123034769
201.59999997122213,0.4313385366090675,0.6865052638975007,0.9990664639571221,2.187187509571862,-2.258895644276199
209.9999999627471,0.4319241278034121,0.686022006338746,0.9991360419716969,2.188665999242371,-2.2567438068732715
218.40000001247972,0.43223538182779986,0.6856437854107975,0.9986396629173735,2.1897469051207974,-2.2557378163002393
226.8000000040047,0.4321734275672724,0.6857031261442694,0.9989492099091659,2.1895676712032333,-2.2559511891451813
235.19999999552965,0.43212642132725226,0.6859193569151503,0.998904857275439,2.1890191832810344,-2.255925831908997
243.59999998705462,0.43202724817567695,0.6859329578820534,0.9991927514702764,2.1889379192056464,-2.2563728599407846
251.99999997857958,0.4322494436324483,0.6858974542161298,0.9991633441489948,2.1891234504194133,-2.2553620652928608
260.39999997010455,0.43163484695116344,0.6865741747042564,0.9992389275733565,2.1870898319570777,-2.257306294751331
268.7999999616295,0.4317587407948193,0.686485477888761,0.9992765275628503,2.187381494750285,-2.256856555715929
277.20000001136214,0.43164972134763396,0.686894333347259,0.9990050057106521,2.1862355375497753,-2.2567310293380096
285.6000000028871,0.43132293618526807,0.68737311874594,0.9992873791109123,2.1848505975405406,-2.257604247107109
293.99999999441206,0.4318049280899635,0.6869609506301939,0.9990156816446617,2.1860564989849016,-2.255773479584019
302.39999998593703,0.4311019090449227,0.6872162736158929,0.9993066266423072,2.185179205650364,-2.2589064966189243
310.799999977462,0.43149739554350236,0.6871090388576215,0.9991466544098028,2.185585603329418,-2.2571043552428316
319.19999996898696,0.43118527883550595,0.6875747663862906,0.9989250014642115,2.1842582687127887,-2.257956263847381
327.5999999605119,0.43109761558276105,0.6873713751179096,0.9990137573717336,2.1847572130555877,-2.258676313607529
336.00000001024455,0.4310873260748832,0.6872394370951185,0.9989765248921804,2.1851228068331237,-2.2589604601698086
344.4000000017695,0.4309561479449354,0.6874350940960519,0.9992141564577145,2.184561479014027,-2.2593122653929614
352.7999999932945,0.43099788210225054,0.6877539695789288,0.9988181849421224,2.18368227422683,-2.258540506431733
361.19999998481944,0.4309382383511304,0.6872642998177265,0.9992600275203005,2.1850411602223865,-2.25971705782605
369.5999999763444,0.4309428787264147,0.6874552432156212,0.9993381257707259,2.184497404056664,-2.2593362296476704
377.99999996786937,0.431435807436905,0.6876505613052388,0.9993604900878303,2.184040445063799,-2.256435838528698
386.400000017602,0.433205394077549,0.6881008233020485,0.9990254854135334,2.1832567667611897,-2.246811368676043
394.80000000912696,0.43491018166344464,0.6889005043995963,0.9989736211454988,2.18141951244986,-2.236929068689196
545.9999999729916,0.4365918199832285,0.7031049442076742,0.9237323791473909,2.143039600513928,-2.2074416994637356
554.3999999645166,0.4368406323237952,0.7013053378172522,0.7724650704588271,2.148062567656973,-2.2089538751868676
562.8000000142492,0.4364947035109563,0.6995648790436872,0.7030667158024504,2.1527395293771483,-2.213143159520311
571.2000000057742,0.43575138573442673,0.6990854477337994,0.9245130881498924,2.153918783158908,-2.217470804919297
579.5999999972992,0.4357814172702502,0.6993565491543479,0.9413511279130821,2.153254454425071,-2.217038650660259
587.9999999888241,0.43548312275394163,0.6982174949659039,0.9901778935193946,2.156252446233973,-2.2200917168796055
596.3999999803491,0.43524346768893896,0.6982164821617246,0.999088864860906,2.156190424944788,-2.221231472784463
604.7999999718741,0.4351370291796736,0.6975277888764605,0.9988009747618041,2.1580019523028167,-2.222704023528922
613.199999963399,0.43437706477041804,0.6976082099422662,0.9987989805914753,2.1576393561397986,-2.226313641691844
621.6000000131316,0.43497684783353413,0.6979911639576191,0.9985799861944287,2.156749669966141,-2.2228640622195495
630.0000000046566,0.4342866366360779,0.6973371741005608,0.99870102177839,2.158412749766737,-2.2272533996217327
638.3999999961816,0.4342059005162482,0.6972304270161785,0.9993246667862494,2.15869549659576,-2.227824111332255
646.7999999877065,0.43418432305499055,0.6969685173739919,0.9987121053227922,2.1593841325098873,-2.2282912874067966
655.1999999792315,0.4341239484574597,0.6965274057983886,0.9982655446984526,2.16058144069597,-2.229268615911143
663.5999999707565,0.4340628298061698,0.6965541896369616,0.9986632660712065,2.1604785803392335,-2.229499386554417
671.9999999622814,0.4341261904869496,0.6952705301802122,0.9983043982136458,2.1640057081576622,-2.2311677290335545
680.4000000120141,0.4336480074063676,0.6955363480526106,0.9530628588153052,2.163201330907031,-2.2331532056183994
688.800000003539,0.4333527439459875,0.6948048409864265,0.9985338576367613,2.1650663133595107,-2.23562542451584
697.199999995064,0.4333254930961917,0.6942215864954651,0.998314785814281,2.166647558624694,-2.236657374504921
705.599999986589,0.43311588259281136,0.6938291038836214,0.9987953147794381,2.1676771562711075,-2.238314397764926
713.9999999781139,0.43297075800217294,0.6934153756447408,0.998823970604559,2.1688088406269697,-2.2397401154570304
722.3999999696389,0.4327139407362388,0.6937150047202658,0.9987396428613207,2.167926433480406,-2.240533070691062
730.7999999611638,0.4327462322202383,0.6934873801168366,0.9988879329946582,2.1685656675286036,-2.240748178248401
739.2000000108965,0.4327676282012039,0.69323532867618,0.9984251894251472,2.1692678348317993,-2.2410538243201277
747.6000000024214,0.432619448211135,0.692991671962907,0.9984252184867675,2.1698827857308363,-2.2421457914717986
755.9999999939464,0.43219296589354733,0.6935560289719878,0.9989649636589121,2.1682423835665894,-2.243371633396371
764.3999999854714,0.43215314624126144,0.6938039822315838,0.9983751890049132,2.1675479900765153,-2.2431637093756502
772.7999999769963,0.4318849626763678,0.6939217319667984,0.9984352852264256,2.1672395975876233,-2.2444385798284845
781.1999999685213,0.431932606137989,0.6935926329394659,0.9988264143979035,2.1681040564038576,-2.2446454564841054
789.5999999600463,0.4317893524902985,0.6937790279630119,0.9980859866703758,2.1676131422621214,-2.2451505234039835
798.0000000097789,0.431151174985178,0.693451105089298,0.9981812373428827,2.16831700963218,-2.248779726212629
806.4000000013039,0.43039941812144217,0.6940618078776366,0.9984272641557055,2.166545732339476,-2.2516837345270058
814.7999999928288,0.43025979683096194,0.6941366152064139,0.9986857139213865,2.166239268364336,-2.2521410839293527
823.1999999843538,0.4301935106650164,0.6938257451318565,0.999005154209155,2.167097575551277,-2.2530174582029905
831.5999999758787,0.4298954249405626,0.6938778104034129,0.9989926766220696,2.166874023287371,-2.254408441446441
839.9999999674037,0.4301272756052663,0.6934421737869028,0.9986548352331855,2.1681893842624067,-2.254073974594689
848.4000000171363,0.4296446724073518,0.6939938165058213,0.984046949025742,2.166595267320002,-2.255649761023787
856.8000000086613,0.42435971236357306,0.6986278511302768,0.9250361317588055,2.1527116534696367,-2.2747732056293146
865.2000000001863,0.41571654390383356,0.7092768540597423,0.9979263389220476,2.121953042599356,-2.301641194243036
873.5999999917112,0.40815907269544266,0.7178838821027489,0.9975398931449023,2.0971676514624114,-2.3269290442782466
881.9999999832362,0.4042128565285619,0.7222284076250389,0.999339899652781,2.0847139967884365,-2.340742575827581
890.3999999747612,0.4044143513778611,0.7220709674628377,0.9718268479720239,2.0851956109797443,-2.33996206030515
898.7999999662861,0.4040503429657716,0.7216353472382783,0.9994664354436944,2.0862396494933515,-2.3426029601290597
907.2000000160187,0.40376970346788904,0.7217897650970683,0.9886074200025979,2.08573089603907,-2.3437818088866575
915.6000000075437,0.40354568777209343,0.7218021325564405,0.9956145810433378,2.085613571477853,-2.3449008368028945
923.9999999990687,0.4037692080268068,0.721383613237238,0.9947161372849443,2.086808033859923,-2.3444764956967115
932.3999999905936,0.4032137125464644,0.7214218488550528,0.9949287132308586,2.0865115413111552,-2.347278740306543
940.7999999821186,0.4031237431253187,0.7212427801974054,0.9764155070004388,2.0869363063314554,-2.3480093689937673
949.1999999736436,0.4030549224168606,0.7204875304460087,0.9991113100523538,2.088884219599258,-2.3495960251563055
957.5999999651685,0.40311473575290024,0.7198388974007157,0.9898979962561778,2.0905435875595972,-2.3502184286473575
966.0000000149012,0.40269574076174663,0.7202420229555172,0.9985896132976612,2.089388301040207,-2.3518418896098705
974.4000000064261,0.40296157787118114,0.7193358551991974,0.996482157478732,2.0918054619009188,-2.3518461156884283
982.7999999979511,0.40287954505280765,0.7186650001228714,0.9967314547366397,2.0935052181046094,-2.35332641419946
991.199999989476,0.4027437123429249,0.71906023657481,0.9733487074992443,2.092447948971197,-2.3534365164203006
999.599999981001,0.4025832168401798,0.7192552145670588,0.9984837811711602,2.0919633071624926,-2.354140506628065
1007.999999972526,0.4028870108982151,0.718840394063869,0.9716290270418018,2.093061798599966,-2.3530254249103026
1016.399999964051,0.40311859197915945,0.7183575037011085,0.9730906764221643,2.0943746484456596,-2.3525432923929386
1024.8000000137836,0.40301272593941,0.7178258454198811,0.9979998005388762,2.0957384564774797,-2.3540049076984175
1033.2000000053085,0.40350592083286896,0.7165031358148697,0.9416521478603732,2.0992858576212297,-2.3534271095441337
1041.5999999968335,0.40410383528164023,0.7163840834154714,0.9942706819813296,2.0997735098582546,-2.3504180185823462
1049.9999999883585,0.40438655581196026,0.715861770470649,0.9836643214635212,2.1012459536587,-2.3498222439114023
1058.3999999798834,0.40516380234229504,0.7147440436164854,0.9723009857525606,2.10433431748408,-2.347372327632491
1066.7999999714084,0.4058085774503728,0.714405191063401,0.9347947816280302,2.105457494070685,-2.344598386022709
1075.1999999629334,0.40629439093784764,0.7136413819042083,0.9972869942269191,2.1076457580786285,-2.343373375470334
1083.600000012666,0.40672494526765757,0.7127461840733603,0.9654371479507418,2.1101521529956444,-2.3426369428690506
1092.000000004191,0.407954196379883,0.7112896455031695,0.9115639275005164,2.1143014250200958,-2.3384469903544107
1100.399999995716,0.40945214679844194,0.7082648570058077,0.9993026459536779,2.122534713369512,-2.3351923673960395
1108.7999999872409,0.41040309802124675,0.7068117162601686,0.9783521416159485,2.126633036842022,-2.3325682977909903
1117.1999999787658,0.41076290056281906,0.7059940607429892,0.9994758150137036,2.128937442520896,-2.3321242167199174
1125.5999999702908,0.4114816326067216,0.7055745019028516,0.9996036954947827,2.130233223558203,-2.328984675796752
1133.9999999618158,0.4127561058527913,0.7043302376528113,0.9993189965306564,2.1338653718875626,-2.3242984141215617
1142.4000000115484,0.4129455784496063,0.7041426731123799,0.9993216859754078,2.134449438840955,-2.323684461148181
1150.8000000030734,0.41350455801060326,0.7024417681634887,0.9995290107345239,2.1391264348224324,-2.323618175813199
1159.1999999945983,0.41431513973222805,0.700700312432541,0.9997533932129069,2.1439808976551844,-2.3222905057679375
1167.5999999861233,0.41485535102074583,0.6997818851635244,0.9994751400606308,2.1466626784963494,-2.321177291799377
1175.9999999776483,0.41578363130374874,0.6980744628327495,0.9994051623723565,2.151439227645525,-2.319124734810926
1184.3999999691732,0.41621430915011554,0.6980371999522985,0.9996519978143357,2.1516660374861245,-2.3169287332320683
1192.7999999606982,0.4166893238347676,0.6977911102924461,0.9996248979433567,2.1524368440156385,-2.3148096428162965
1201.2000000104308,0.4173145794307895,0.6981609976422285,0.9995693731472242,2.1516302288185636,-2.310913086425958
1209.6000000019558,0.4172997693885204,0.6984809988933971,0.9996864061109347,2.150766057702864,-2.310438468563044
1217.9999999934807,0.4178128611435194,0.6980822796369787,0.9997182327610087,2.151954661187827,-2.3083930349397703
1226.3999999850057,0.4178309171973888,0.6978822636450669,0.9996100064028411,2.1524952725731756,-2.308638610133426
1234.7999999765307,0.4184218971152177,0.6973143532578051,0.9997687690753944,2.154208851259202,-2.3065746791435733
1243.1999999680556,0.41851630864422174,0.6967816016116315,0.9995768731118206,2.155694263502403,-2.3070495958416273
1251.6000000177883,0.4192346728950646,0.6957297326385274,0.9994396531309442,2.158699757597543,-2.305062561681572
1260.0000000093132,0.42014786775038393,0.6951657000025989,0.9994666144721752,2.1604981313846143,-2.301325232199031
1268.4000000008382,0.4208038583353585,0.6942000429161055,0.9997575825490838,2.1632594595398773,-2.2995261068849113
1276.7999999923632,0.4212349119826525,0.6937750160089209,0.9998213609190406,2.1645749321130023,-2.298111124806181
1285.1999999838881,0.4219197191400991,0.6931792982980945,0.99948293096446,2.166353005452257,-2.295542172145205
1293.599999975413,0.4221709802820607,0.6926269212013376,0.9997047282659274,2.1679223005601953,-2.295200982213779
1301.999999966938,0.4231162463349392,0.6927411004900716,0.9994377485875706,2.1677902223012455,-2.2899600648645198
1310.4000000166707,0.424411114030236,0.6926779964222256,0.9996076344284442,2.168336373626353,-2.283452820161238
1318.8000000081956,0.42663511996165066,0.6923213585988757,0.9991732148986407,2.1698624721242226,-2.272639200260949
1327.1999999997206,0.4288291008047988,0.6929855870765432,0.9997955993423487,2.1684984445789177,-2.2602446003788774
1428.0000000144355,0.43045618617180903,0.6955229415105193,0.7081306982605892,2.1618544303123306,-2.247820156473784
1436.4000000059605,0.42911369750744555,0.6976316608988924,0.7372971352450413,2.155762413157659,-2.2510850697558866
1444.7999999974854,0.4287866152498639,0.6968721202145425,0.8094150276966469,2.157935644192073,-2.254241407403718
1453.1999999890104,0.428216672159469,0.695865176996137,0.8481146312256942,2.1605769491945153,-2.2587706056677126
1461.5999999805354,0.42727287795842317,0.6950407576921218,0.9990158551379226,2.162688493874386,-2.2650296036614344
1469.9999999720603,0.4273446924777987,0.69450487066262,0.999436625579337,2.1641014678506534,-2.2654316817782476
1478.3999999635853,0.4261178838345832,0.6946787575425692,0.999926371248199,2.1633678852116383,-2.271436157623576
1486.800000013318,0.4258070162031853,0.6942104691208877,0.9997026966303063,2.164553537599731,-2.2737764885115803
1495.2000000048429,0.4258699608658619,0.6942279560335028,0.999860431331989,2.1645829059534885,-2.2735383789057946
1503.5999999963678,0.4253677126672984,0.6946498529250819,0.9997525917958018,2.1632655892290105,-2.2753131055981752
1511.9999999878928,0.42500341122943974,0.6947835681159888,0.9997605110378213,2.162864692440527,-2.277047555309798
1520.3999999794178,0.4249072118397021,0.6951985145983963,0.9996076847723565,2.1617127843947808,-2.2768449102288444
1528.7999999709427,0.42476876658148505,0.6952262937500882,0.9994187624109682,2.161630793387052,-2.277557162729071
1537.1999999624677,0.4247008895875508,0.6954211251378392,0.9994740990158417,2.1610841760044366,-2.277577681505508
1545.6000000122003,0.4242813614929345,0.6964372158297091,0.9998015340087448,2.1582302777471574,-2.2780432751324375
1554.0000000037253,0.4244703641841774,0.6962655252119287,0.9997098016697699,2.1587739226832343,-2.277421136227683
1562.3999999952503,0.42441684009522024,0.6964655875750616,0.9991994852780953,2.158226207869334,-2.2773774745442457
1570.7999999867752,0.42461067435871847,0.6960024545584593,0.9994880992176197,2.159525483348993,-2.277147544885559
1579.1999999783002,0.42475242007174174,0.6960813724300773,0.9997187361997849,2.159356950569179,-2.2763128501349437
1587.5999999698251,0.42491750115690285,0.69608721096811,0.9995630823400776,2.1593642701028624,-2.2754293327944466
1595.99999996135,0.4250406766169739,0.696126061013072,0.9996259640569145,2.1593463556557957,-2.2748426501623262
1604.4000000110827,0.42502088150926776,0.6965726311316462,0.9994162857469864,2.1581498907546797,-2.274243251756376
1612.8000000026077,0.42524494677531643,0.6962089512819674,0.9993987980352579,2.159186064628371,-2.273692616702969
1621.1999999941327,0.4256003910909718,0.6965626599376558,0.9993100274163611,2.1582706311993753,-2.2712279388907812
1629.5999999856576,0.42637070003731586,0.6967624124271088,0.9985559849613903,2.1580182057668256,-2.267189067273619
1637.9999999771826,0.42661898759939787,0.6964879754268052,0.9994976657450687,2.1587516276040133,-2.2662516058008717
1646.3999999687076,0.42703158001517194,0.6964662057585808,0.999429238382543,2.158930804262303,-2.2642428292429626
1654.7999999602325,0.42713876250917215,0.6969492711508515,0.9995400670659434,2.1576968184126377,-2.2630162947890904
1663.2000000099652,0.4275414368460987,0.6964493909900179,0.9995266967227361,2.1591408646573633,-2.2617787528001725
1671.6000000014901,0.4287739642224935,0.6945000988519408,0.9986805918596987,2.164693802929779,-2.258651917324027
1679.999999993015,0.43013061927465535,0.6925772899832412,0.9989819619183666,2.1702578676924844,-2.25494501126121
1688.39999998454,0.4311676913710355,0.6908381629677287,0.9987313597471675,2.175289567812003,-2.2526162090119533
1696.799999976065,0.43191604630246305,0.6907177823184389,0.9991710209880648,2.175751691874771,-2.248977694214236
1705.19999996759,0.4322717839572269,0.6927880729921246,0.9988826743626421,2.1701603682740735,-2.2438583301568356
1713.6000000173226,0.43268523843116846,0.6951871032496657,0.9996112638271464,2.1637461038165995,-2.2381092961178854
1722.0000000088476,0.43336994720868144,0.6968405923614669,0.9989250365208374,2.159469356953926,-2.2323278141819896
1730.4000000003725,0.43388676251100194,0.6975101149537871,0.9986189708388606,2.1578311833643955,-2.2289046537783617
1738.7999999918975,0.43471131395740387,0.6981427110273017,0.999339091398073,2.156270855845552,-2.223912397684906
1747.1999999834225,0.4350123885946838,0.6984701804544506,0.9989526148269822,2.1554768144702043,-2.2220187641977427
1755.5999999749474,0.43534796387654595,0.6993649284540331,0.999510681322593,2.153106047875301,-2.219061811104694
1763.9999999664724,0.43552142193869176,0.7009987356091496,0.9996828739456175,2.1487988400221125,-2.2160022288468033
1772.400000016205,0.43591317739202173,0.7024406729039978,0.9995897965253895,2.145046842757274,-2.2121821387431067
1780.80000000773,0.4361216626466806,0.7040275284909585,0.9997798558108063,2.1408634705200744,-2.209059940624225
1789.199999999255,0.43564059178715403,0.705465952133911,0.9997509555144125,2.1369004783915986,-2.2093732172257505
1797.59999999078,0.43567262705276094,0.7053881796016674,0.9993942605766569,2.13716547367186,-2.2094087382320895
1805.9999999823049,0.4357834863620055,0.7048512521005426,0.999581528547124,2.1386336499420904,-2.209623242361558
1814.3999999738298,0.4359490264357978,0.702800973634014,0.9991775610402709,2.1441928818086975,-2.2116863961710918
1822.7999999653548,0.43691922598500665,0.6992927634411319,0.9996501878992671,2.1538036065846065,-2.2118809007160007
1831.2000000150874,0.4380771337609099,0.6952502864381286,0.9987784123097218,2.165018653566408,-2.2121313274128815
1839.6000000066124,0.4389880527869514,0.691271246191407,0.999574278377916,2.1760256820414767,-2.213521972686166
1847.9999999981374,0.43990176246017665,0.6891239548179493,0.9992145805183419,2.1820888017080695,-2.212272910068721
1856.3999999896623,0.44040446561859614,0.6883748446892983,0.9992177700474402,2.184255727881012,-2.210956894125357
1864.7999999811873,0.44077068545752385,0.6894807345946488,0.9989907592694984,2.1812758575913,-2.207476770356298
1873.1999999727122,0.44062592906040143,0.6919037474587564,0.9997101293563254,2.174609658299447,-2.204596389237678
1881.5999999642372,0.44032570493129136,0.6945476565420218,0.9995965585466382,2.1673573063874856,-2.2022523272076757
1890.0000000139698,0.44017912897331596,0.6966332020036272,0.9996226100054686,2.1616983804194527,-2.2000594171996553
1898.4000000054948,0.4402353998734402,0.6971672325129749,0.9996182833979825,2.1602788961622634,-2.1990704854434924
1906.7999999970198,0.44066157151713015,0.6944558204519886,0.9995844434854025,2.16770311398978,-2.2008146622256763
1915.1999999885447,0.4402613460821093,0.6928135446758104,0.999397803371683,2.172162077813563,-2.2052071865441163
1923.5999999800697,0.4408384427187733,0.6900303769405087,0.9993524262332049,2.1798839697184267,-2.206488233052457
1931.9999999715947,0.44060051371184894,0.6883042366763749,0.9994753065145464,2.184561141592113,-2.2102168976239005
1940.3999999631196,0.44052178000183273,0.6874602270801453,0.9996534115923357,2.1868117012519592,-2.2117994313398626
1948.8000000128523,0.44054394012803205,0.6875333702272988,0.999618058587871,2.186641959286043,-2.2116217454861125
1957.2000000043772,0.44029459440238217,0.6881085543516128,0.9996175698375661,2.1850485618875846,-2.2120312574842265
1965.5999999959022,0.4398187067613909,0.6882647100331991,0.9996378704844265,2.1845094671171674,-2.214108893674013
1973.9999999874271,0.43940722484460115,0.6873527102228641,0.9995619036654465,2.1869563932395133,-2.217572628645657
1982.399999978952,0.43959111741956763,0.6862364921403412,0.9997722612585851,2.1900290562944575,-2.2183337397926013
1990.799999970477,0.4392278609343615,0.6838621967351627,0.9995254318054608,2.196562779248009,-2.223975642859641
1999.199999962002,0.43904190259951437,0.6821366625908085,0.999480092818362,2.2013430197610653,-2.2277604259304873
2007.6000000117347,0.43891931253187993,0.6799360979415077,0.9995768915972002,2.2074183318407243,-2.2319905416893664
2016.0000000032596,0.43900157550874874,0.6793987712891213,0.9995761653335754,2.208958124399353,-2.2325151709804807
2024.3999999947846,0.4385330178027237,0.6790024143060852,0.9993042395088346,2.209944482010113,-2.2355350440441906
2032.7999999863096,0.43827630292082675,0.6794384396764017,0.9996455516425375,2.208720171573975,-2.2361791280476875
2041.1999999778345,0.4370640095712387,0.6795167004821446,0.9997116202291458,2.20822136243764,-2.2422008004568723
2049.5999999693595,0.4367925114243354,0.6798904887900253,0.9996629379460377,2.2071006089381355,-2.242915374409391
2057.9999999608845,0.4361477984985786,0.6805426434068612,0.9997626658027106,2.2051308256458273,-2.2450740252753283
2066.400000010617,0.4353739081104407,0.6805932142005894,0.9997194100461734,2.204793055624406,-2.248909080352234
2074.800000002142,0.4351680650880175,0.6804679451197783,0.999639384554383,2.205128065001123,-2.250237593661311
2083.199999993667,0.4350450329451444,0.6800908097431241,0.9993460467523735,2.2061418243389532,-2.2515117111390612
2091.599999985192,0.43503902001999417,0.6788039275354082,0.999683803919153,2.2098138785751944,-2.2539473079690175
2099.999999976717,0.4349667766735322,0.6781208780735177,0.9995342371061613,2.2117271078592453,-2.2555712226988742
2108.399999968242,0.43486029909084356,0.6778910923365518,0.9996503094998723,2.2123101483342853,-2.2564743747941693
2116.8000000179745,0.43490400591857714,0.6772836927791791,0.9996649507899731,2.214057517079442,-2.257402391707367
2125.2000000094995,0.4348636141278889,0.6772103561603754,0.9991247775269134,2.214256410641703,-2.2577495049426672
2133.6000000010245,0.4345041843933026,0.6771593682489944,0.999645443123392,2.2142730122053442,-2.259639030018315
2141.9999999925494,0.43354230874683514,0.6775500072961738,0.9998925416416736,2.213012798384414,-2.2640470971474387
2150.3999999840744,0.43349550286023203,0.6772252029167174,0.999482458726235,2.213893570436688,-2.2648552431444195
2158.7999999755993,0.4326797569313358,0.6785734998529964,0.9997070735317367,2.2098870949246434,-2.266583670889941
2167.1999999671243,0.4328228169190986,0.6786021958948345,0.9995981373686058,2.2098615278353524,-2.2658202535643825
2175.600000016857,0.4324356357002128,0.6784777176807415,0.9993954422412797,2.2101052066280635,-2.268049799920432
2184.000000008382,0.43235105789208594,0.6783270554535288,0.9995997412162481,2.2104976647401977,-2.2687537185249127
2192.399999999907,0.4324894618399159,0.677629735488565,0.9996690674795791,2.2125022893479542,-2.2693479031827724
2200.799999991432,0.4326407943100209,0.67721297690941,0.9993992294342793,2.213752342680618,-2.269405737598969
2209.199999982957,0.43273010378285653,0.6763914494723557,0.9992788179710732,2.2160747345114298,-2.2704592884776327
2217.5999999744818,0.43233118524282155,0.6771785162350706,0.9993757055529914,2.213788590038506,-2.2711213487447113
2225.9999999660067,0.43284132337965053,0.67692133869268,0.9995147602192253,2.2146138566949265,-2.26888635579115
2234.4000000157394,0.4329866529036045,0.6764147050014597,0.9993695626084591,2.2161135897565014,-2.2691404935024515
2242.8000000072643,0.43307581939399603,0.6765686706098937,0.9995440471300677,2.2157023631517894,-2.268384628982451
2251.1999999987893,0.43306115344729673,0.6761172138026257,0.9993099885483939,2.2169596866840715,-2.2692912221783077
2259.5999999903142,0.43286489216171614,0.6767578093993343,0.9993942472791735,2.215130444061744,-2.269157463887676
2267.999999981839,0.4330106736129585,0.6772963393499383,0.999346237209284,2.2136359296172605,-2.267361444944408
2276.399999973364,0.4332269358417336,0.6781744582378508,0.9988505269311047,2.211165470491571,-2.264511100865443
2284.799999964889,0.4337901974709249,0.6781071975000299,0.9995869411975505,2.211545815072934,-2.2617996033701386
2293.2000000146218,0.4347540883271491,0.6763946047726506,0.9988390778138473,2.2165757383855365,-2.2598993293139173
2301.6000000061467,0.43567757364397436,0.6733730188695272,0.9989056578616005,2.2253216776867295,-2.260689405358901
2309.9999999976717,0.4374226498600837,0.6700626143711144,0.9985078737694569,2.235162795034333,-2.2578428886821404
2318.3999999891967,0.43813682542185345,0.669783800107464,0.9979702687132256,2.236130543150123,-2.254624436035573
2326.7999999807216,0.43820162405095725,0.6730288663369037,0.9984090177223206,2.226875586406964,-2.2481344771368144
2335.1999999722466,0.43753863442510044,0.6769543127216788,0.9991307721518536,2.21562611685719,-2.244444482254112
2343.5999999637716,0.4373766134698787,0.6813845278794732,0.9994024016757596,2.203169664030877,-2.2375699402079445
2352.000000013504,0.4372452627779199,0.685105235508885,0.9992061811649264,2.1928131702712017,-2.2320686512682215
2360.400000005029,0.4373025688525039,0.6867134316957394,0.9993981823583067,2.1884096494410734,-2.2292341801608733
2368.799999996554,0.4373192990589117,0.687931668734077,0.9991088348250772,2.1850327075658846,-2.22717826499672
2377.199999988079,0.4375450164399587,0.6870098123949839,0.999582612848656,2.187565296690108,-2.2274256172313196
2385.599999979604,0.4372520430832777,0.6867206311810368,0.9993611726951381,2.1883203626111265,-2.229378718197583
2393.999999971129,0.4377283694418074,0.6842304783974071,0.999308272677697,2.1953301123628908,-2.231055898620334
2402.399999962654,0.43836086835526356,0.6808191203089408,0.999294221000082,2.205016662112798,-2.233629288331461
2410.8000000123866,0.43945059525890706,0.6781532217621445,0.9989584290219451,2.212699756777989,-2.2326117945911994
2419.2000000039116,0.4402807826277046,0.6751316524566668,0.9990833307996269,2.2214634702746343,-2.2337499053676595
2427.5999999954365,0.4406204803926187,0.674494189174629,0.9985960461395909,2.2233062590352604,-2.233080812085693
2435.9999999869615,0.44125338498000566,0.6753209081841347,0.9983772930344934,2.2210595407914986,-2.2283251719210773
2444.3999999784864,0.4412789090719123,0.6768908468795934,0.9989600989834702,2.216635098569604,-2.2254866476994626
2452.7999999700114,0.44140316111991995,0.6795565508531605,0.9990581491101024,2.2091722705892813,-2.2203711512953817
2461.1999999615364,0.4411319627135303,0.6820711684430766,0.9987499099471946,2.202063070662343,-2.2175685316351026
2469.600000011269,0.44041155892716616,0.6846152023085141,0.9989276571019702,2.194876682793758,-2.2171314074640645
2478.000000002794,0.44035685810722114,0.6853162395811953,0.9990222774260936,2.1928844898612003,-2.2162339441307934
2486.399999994319,0.4407902223340635,0.6850824639243935,0.9992181250590877,2.193650826764441,-2.2145055422091318
2494.799999985844,0.44086626037564897,0.6842589458536671,0.999089303047834,2.1959683144897726,-2.215457555063323
2503.199999977369,0.4406987845334102,0.6832560773416942,0.9988641332837499,2.1987198732170214,-2.2178881551134837
2511.599999968894,0.44094775838716516,0.6818846077867224,0.9993674744603279,2.202545530936638,-2.2187903819444394
2519.999999960419,0.44079844138398244,0.681994844189505,0.9992598966614431,2.2022057300518787,-2.2193542706283105
2528.4000000101514,0.440900230897626,0.6822307161827503,0.9992849967228813,2.201581298218144,-2.218482715981736
2536.8000000016764,0.4405470355949047,0.6829589722558843,0.9990992160600998,2.1994839114910714,-2.219072247840845
2545.1999999932013,0.4403695567825663,0.6829125419688051,0.9995796659711601,2.1995250742103023,-2.219950207949114
2553.5999999847263,0.4403649847309171,0.6823286574067684,0.9993087183602607,2.2012408420469347,-2.2210648054800086
2561.9999999762513,0.44010239355129455,0.68182650133585,0.9994121947724733,2.202579563626338,-2.223189150116133
2570.3999999677762,0.44016172706613066,0.6808872371562993,0.9992681283103115,2.2051774457781383,-2.2243812654969624
2578.800000017509,0.4398673973840378,0.6803884481484468,0.9997395206543472,2.20647790818845,-2.2266404927724985
2587.200000009034,0.439830289587375,0.6799175187778894,0.9993154566638228,2.207877240319091,-2.227760532359616
2595.600000000559,0.4396077559396038,0.6795567841370214,0.9992741214756383,2.2088091197391777,-2.229442851696078
2603.9999999920838,0.43977304669494754,0.6796628586352045,0.9989502385179008,2.208548575263792,-2.228430471558442
2612.3999999836087,0.43927873484644325,0.6803395877556369,0.9993890568696018,2.206536036990962,-2.2297668808689113
2620.7999999751337,0.4396869476004879,0.681154229846421,0.9993460555678012,2.2043672731642565,-2.226382416427488
2629.1999999666587,0.4406802442124196,0.6816528121915846,0.999277880841981,2.203182695789967,-2.2205778311163717
2637.6000000163913,0.4425886020561446,0.6817251320941662,0.9983482823287304,2.203350572424235,-2.2109198301892996
2646.0000000079162,0.4435003929373414,0.6834574336577068,0.9329789159575166,2.1985550040729462,-2.203448090106691
2780.399999988731,0.43973713212415494,0.6870448972879359,0.877163913751853,2.1876783793574344,-2.21611282794502
2788.799999980256,0.4397826976890963,0.6836847085206392,0.8518886758915418,2.197101309137774,-2.2213818736172657
2797.199999971781,0.43942295817294336,0.6830150133540015,0.9251868155034855,2.199043262236774,-2.2245133433496957
2805.599999963306,0.4393899520466061,0.682164506817837,0.9747538600143725,2.2013441197914645,-2.225975220476854
2814.0000000130385,0.43918567982349294,0.682844647761906,0.9989903611264557,2.199478413247527,-2.2259977563677635
2822.4000000045635,0.4385976983350666,0.6839886665597115,0.9976905841274268,2.1960998998204904,-2.2269539134123484
2830.7999999960884,0.43818508380371934,0.6850771864768781,0.9991211554516645,2.192979337410545,-2.227228184468292
2839.1999999876134,0.4379492706802809,0.686904929129333,0.9991393692157033,2.187905265930069,-2.225524700877121
2847.5999999791384,0.4373776446561526,0.6878953440559311,0.9991155322298526,2.1851221843342272,-2.226908348601535
2855.9999999706633,0.4371828143292662,0.6873760682139158,0.9985570424236452,2.186543640536343,-2.2287528787616813
2864.3999999621883,0.4374615751097995,0.6848128632647439,0.9979398306574148,2.1936758258256894,-2.2314711409602808
2872.800000011921,0.438626477381439,0.6784543826714752,0.9965150069612264,2.211663295650849,-2.2362673900065997
2881.200000003446,0.43985185269927946,0.6739634528440005,0.9957760572345374,2.224580754011989,-2.2378746844189012
2889.599999994971,0.4399120536480419,0.67577578743233,0.9959835181537664,2.219405400325586,-2.234246411594151
2897.999999986496,0.4385847612043966,0.6810770400688415,0.9973808588129329,2.2042072795083074,-2.2318388854216287
2906.399999978021,0.4376099717664895,0.6872834503413173,0.9988828866557186,2.186865441142384,-2.226734786252224
2914.7999999695458,0.4366560316669643,0.6934499310206946,0.9992258682719082,2.1697514970885012,-2.221915494973269
2923.199000011664,0.4369300685545182,0.6978629032485979,0.9991156857849447,2.157833794924786,-2.2141279341758766
2931.599000003189,0.4369593748141087,0.6999697513973689,0.9985839022292862,2.1522002189959704,-2.2110834465096754
2939.998999994714,0.43651215507481583,0.6997946133767337,0.9990005375082323,2.1525804447163757,-2.2134786302438942
2948.398999986239,0.43623797570747813,0.696740259355417,0.9988804941422275,2.160751707879547,-2.2191373399894463
2956.7989999777637,0.43630136645731465,0.6919376640200671,0.998603029389504,2.1738617789967978,-2.226043861034568
2965.1989999692887,0.4364689646441876,0.6859306565447872,0.9976771813381979,2.190434331026135,-2.2347370249927976
2973.5989999608137,0.43755388691908725,0.6807380476114966,0.9973747958097325,2.205034652887093,-2.2378046062480053
2981.9990000105463,0.4379567369237982,0.6781574573946252,0.9963610788920038,2.2123520947981232,-2.240205812706136
2990.3990000020713,0.43741672739774984,0.6796376337274281,0.9971892320225074,2.208122748321599,-2.2404588943068946
2998.798999993596,0.4370038857147004,0.6831731498118229,0.9983054613406419,2.1981303931251723,-2.236485170003997
3007.198999985121,0.4359641076198441,0.6884386433076826,0.998956318780107,2.1832768779349427,-2.23300339274124
3015.598999976646,0.43493013891177634,0.6931545353678404,0.9992709999288748,2.1701527191754404,-2.2307867904809724
3023.998999968171,0.43442219476060656,0.6971552262561295,0.9991502011327897,2.159173594789321,-2.227259043218799
3032.3990000179037,0.43401602126379074,0.6991339385274667,0.999364892652097,2.153792043185693,-2.2264267144454966
3040.7990000094287,0.4341245119558087,0.6982116611352361,0.998892530796482,2.1563320414812166,-2.227289634948225
3049.1990000009537,0.43442754770657377,0.6960365500230138,0.999094604451505,2.1622394477199185,-2.2289511632529226
3057.5989999924786,0.4352995435200583,0.69332073769051,0.9992014472108122,2.169850030350818,-2.2288294479700372
3065.9989999840036,0.4354200560065137,0.6919353880753205,0.998783915941779,2.1735902021141373,-2.2302491884607885
3074.3989999755286,0.4357213556221239,0.6921351679223633,0.998497941424006,2.173167395917214,-2.2285499975544045
3082.7989999670535,0.4351799273769032,0.6931279020692995,0.9991599318278481,2.1703484673360407,-2.2297106286402735
3091.199000016786,0.4352562050986128,0.6935343532568876,0.999177671987094,2.169240721351567,-2.2286880616388776
3099.599000008311,0.43509021194625974,0.6944775309117318,0.999337096526185,2.166680496206467,-2.228147007059811
3107.998999999836,0.4343864622433168,0.6942590967422149,0.9989346745303105,2.167094762990534,-2.2318944286822595
3116.398999991361,0.4348941890063568,0.6930238541232856,0.9992950987666807,2.170571930866372,-2.2312821916806187
3124.798999982886,0.4344922157260103,0.6918755286791582,0.9993254301103014,2.173583001463085,-2.234988126018859
3133.198999974411,0.4344517617603219,0.6899367558095338,0.9989834295181717,2.178925705502628,-2.2383194248543594
3141.598999965936,0.4342362101593455,0.6886459642128131,0.9992316323759853,2.1824323040140303,-2.241488256806591
3149.9990000156686,0.4345047678483465,0.6878298812066224,0.9991243739199572,2.1846804517760305,-2.2413688745086633
3158.3990000071935,0.4342498712586512,0.6872424283253294,0.9987514519025755,2.1863186180066707,-2.2437418370430833
3166.7989999987185,0.434086760733902,0.6868848893541747,0.9990374775114153,2.1871957812889917,-2.245031997422536
3175.1989999902435,0.4336380865230146,0.6870701235662224,0.9991290342767746,2.1865817678633057,-2.246988805223731
3183.5989999817684,0.43306037582038426,0.6871011052393617,0.999383525372881,2.1863901363889435,-2.249903917069502
3191.9989999732934,0.43272716460112226,0.6882297678271284,0.9992838501320706,2.1831550287444643,-2.24963064198988
3200.3989999648184,0.4321779157770882,0.6898444573518594,0.999017534564646,2.1785757340226333,-2.2497187559855885
3208.799000014551,0.4316361953221842,0.6911078193531361,0.999193458107642,2.175000863457347,-2.250408662740484
3217.199000006076,0.43118923332282055,0.6921512518168942,0.9993938611722628,2.172043990275125,-2.250966907651661
3225.598999997601,0.4306567590747454,0.6918334746765111,0.9996796296176675,2.172800085782547,-2.254180111549047
3233.998999989126,0.43076129210183767,0.6908971458205015,0.9996229740833521,2.175372317245128,-2.2551587671873086
3242.398999980651,0.4302307929586828,0.6899859116222296,0.9992708783008596,2.1776967923149244,-2.259268820678067
3250.798999972176,0.43065996650484467,0.6890725237296407,0.9992063500909817,2.180288021306064,-2.2585845886474827
3259.1989999637008,0.43045150983623337,0.6885041073801106,0.9991972476225836,2.1818334180783747,-2.2606583306194303
3267.5990000134334,0.42995964232708117,0.6889257554594931,0.9994171030102369,2.1805780172512255,-2.2624902183266333
3275.9990000049584,0.4298430065850846,0.6901551180362572,0.9993173389494874,2.1771499831528085,-2.2609725008389576
3284.3989999964833,0.4298619485726512,0.6903782911434784,0.9994053103059334,2.176545722043937,-2.260509175326411
3292.7989999880083,0.4297194288778063,0.6907193657161321,0.9992755280574288,2.17557406855089,-2.2606592437489827
3301.1989999795333,0.4301496032111367,0.6899276857740058,0.9992805811306331,2.177860111724328,-2.259818334069727
3309.598999971058,0.4302684065506493,0.6889775192625283,0.9989659439463582,2.180477118810046,-2.2607725898453777
3317.998999962583,0.43057124558895976,0.6877697814973002,0.999010148250974,2.183874965674127,-2.261278530649275
3326.399000012316,0.43075276673186946,0.6871760820858355,0.9986338818969943,2.185493058411894,-2.261256275427901
3334.799000003841,0.4309512141711285,0.6873449633575237,0.9985423509588137,2.1850878156203284,-2.2599779387496164
3343.1989999953657,0.43065245717948886,0.6883181317650517,0.9982466266228757,2.18229399597349,-2.259775916983456
3351.5989999868907,0.4304875325848118,0.6886611202117767,0.9986292711119534,2.181266793903732,-2.2599585864363485
3359.9989999784157,0.43048607669357414,0.6884458533029304,0.9984743159857979,2.181887135831151,-2.2603795831952236
3368.3989999699406,0.4308763915216132,0.6889465054808595,0.9987374241364869,2.1806531449754467,-2.2576399317648006
3376.7989999614656,0.4303619770233894,0.6899653778969137,0.9989777945162778,2.1777063240767434,-2.258500964213265
3385.199000011198,0.4302585884567375,0.6909735222226625,0.9982564023033653,2.174962071378495,-2.2574294064632334
3393.599000002723,0.4299058557693713,0.6917296051009345,0.998937360068697,2.172799894028047,-2.257951004529182
3401.998999994248,0.43085906927884066,0.689819947738082,0.9983468922983986,2.178207825420073,-2.256197801325241
3410.398999985773,0.4317789033147843,0.6864420654577283,0.9982702592447803,2.187764126824944,-2.257274933086985
3418.798999977298,0.4336436040368434,0.6821486692209966,0.9975587312792998,2.2000061856215716,-2.254976236120634
3427.198999968823,0.4340038045082662,0.6815716934679127,0.9972345063983781,2.201753114958309,-2.2542330459975206
3435.598999960348,0.43352918795358014,0.6853468916782095,0.998237973693217,2.1911604146712187,-2.250159096058817
3443.9990000100806,0.4322396335373145,0.6905102154418347,0.9987107034303601,2.176640941731555,-2.2481120416623686
3452.3990000016056,0.43151936416632103,0.6950439239857705,0.9982242818682133,2.164161627988137,-2.2446011822626857
3460.7989999931306,0.43112530877316113,0.6991631293225063,0.9988811991193445,2.1529122929716595,-2.2402424616546455
3469.1989999846555,0.43064192796814493,0.7011161075234759,0.9990774420143647,2.147560298324233,-2.23973847614727
3477.5989999761805,0.4306246068949687,0.7010807113627253,0.9989217905300789,2.1475945351311094,-2.2397771310147703
3485.9989999677055,0.4301329620749687,0.6994862225921882,0.9985652792148859,2.1518480671275535,-2.244699575434593
3494.399000017438,0.43008762898092756,0.6956349861571695,0.9983911664759327,2.1621919096382363,-2.2507443418153024
3502.799000008963,0.4301863482391391,0.6914069936780767,0.9983314609456072,2.173780017027167,-2.2571185671639884
3511.199000000488,0.4302000770304458,0.6873230430753022,0.9743656647722285,2.185011762184031,-2.263930201359451
3519.598999992013,0.43076265850140516,0.6843980126717871,0.9980048464568207,2.1931602892251965,-2.265997321972117
3527.998999983538,0.4303808590577126,0.6841433334031763,0.9976498367219219,2.1937758596383476,-2.2684221085496485
3536.398999975063,0.4298789184032795,0.6861810378530706,0.9961267690443705,2.1880006174613613,-2.267404310976706
3544.798999966588,0.4288619724866054,0.6900470319174776,0.9990740732709588,2.1771720019210923,-2.266082231340048
3553.1990000163205,0.4279549550094915,0.6939140053953892,0.9990132904944073,2.1663478388673316,-2.2641903826278407
3561.5990000078455,0.4265440444157832,0.6982859639939756,0.9937814414819512,2.1542090818316866,-2.2643649682714067
3569.9989999993704,0.4258162220387483,0.7007145602450784,0.999526922375705,2.147496043770101,-2.264213469369487
3578.3989999908954,0.42528082068409834,0.7013974752105436,0.9995546213536801,2.14546865600375,-2.265717904260405
3586.7989999824204,0.4244284312985993,0.7011970759223228,0.9968504156376377,2.145846774346477,-2.2703970805978035
3595.1989999739453,0.42457700446830177,0.7000246388972495,0.9588727855850356,2.1490395120098182,-2.271507422095999
3603.5989999654703,0.4247012366927995,0.6997253985574203,0.9902659309695674,2.1498771773247576,-2.2713588898601578
3611.999000015203,0.4249619027016992,0.6995961363312141,0.999366861548311,2.1502544212773276,-2.270185359348091
3620.399000006728,0.424706591822709,0.7004139490485255,0.9991087950301314,2.148042425624193,-2.270271734283744
3628.798999998253,0.4245829232951782,0.702502020114399,0.9932788527430894,2.1423854871239656,-2.267591056233587
3637.198999989778,0.4244110433612141,0.7037248769589264,0.999481147330565,2.1390610193085133,-2.2665529017398756
3645.5989999813028,0.42399335980116887,0.7045755460289861,0.9742040111029733,2.136695138372692,-2.2673562925996626
3653.9989999728277,0.4236717932586525,0.7041986861907235,0.9753553000017947,2.1376627443230958,-2.269612663847348
3662.3989999643527,0.4231540915761764,0.7036386430289727,0.9949943194344048,2.1390202558346947,-2.273050292272868
3670.7990000140853,0.4235663935719864,0.7010488163360822,0.99752383849799,2.1460610803094453,-2.2750312970881192
3679.1990000056103,0.4235594739844596,0.6992911937501044,0.9996653292916523,2.1507867915799945,-2.2778799475219698
3687.5989999971353,0.42380287186408766,0.6964662690960929,0.9999076475727616,2.1584190317918073,-2.2811592079536815
3695.99899998866,0.4239311218622982,0.6951994280971083,0.9996445083841367,2.1619002026451506,-2.282646823032463
3704.398999980185,0.42434513483919567,0.6943661217754783,0.9995071358497746,2.1642574871229727,-2.2819048697203033
3712.79899997171,0.424589954302947,0.6942003690791428,0.9857853115195314,2.164762329690665,-2.2809130660584263
3721.198999963235,0.4249034772552296,0.6936914537938413,0.9995555322526077,2.1662326095286835,-2.280175755646511
3729.5990000129677,0.4247312403640313,0.6944949292052081,0.9987350435220566,2.1640183688462113,-2.279730891185124
3737.9990000044927,0.4252516618192329,0.6950630862515401,0.9995585556375202,2.162599163318809,-2.2761070781376898
3746.3989999960177,0.4253569459567658,0.6952910481595097,0.9995348744018038,2.16201701789626,-2.2752108839533287
3754.7989999875426,0.42609429697911994,0.6954622534791032,0.999506161683871,2.161743529914167,-2.271191527283164
3763.1989999790676,0.4262393435109687,0.6952204576423788,0.9996667920902838,2.1624561291258484,-2.270888981774988
3771.5989999705926,0.4265321665731113,0.6951131654881424,0.9995945083433638,2.1627932654094906,-2.269530749118134
3779.9989999621175,0.42682796073896173,0.6952238288563491,0.9880079948373718,2.1625710710504604,-2.267860515900209
3788.39900001185,0.42671596021435326,0.6954170676893934,0.9683806019601504,2.1620619565881602,-2.268190041136382
3796.799000003375,0.4273109070975825,0.694721941885999,0.9995894410525207,2.164058971928683,-2.2662461472294435
3805.1989999949,0.4270116195436957,0.6947902741463386,0.9983231323553496,2.1638097808372625,-2.2676677036892494
3813.598999986425,0.42761102374754617,0.6942477670420047,0.9952862748209366,2.1654104023650893,-2.2654821804326843
3821.99899997795,0.428193995665891,0.6928055063620179,0.9992603722520585,2.169490591543165,-2.2649163133094685
3830.398999969475,0.4282470960282246,0.6933281948883574,0.9972890582373294,2.1680407541040845,-2.2637194040838136
3838.798999961,0.4283001640584251,0.6932607322190164,0.9995658166864025,2.1682302456368236,-2.2635486520789243
3847.1990000107326,0.4288786661094903,0.6927603027037651,0.9992959425086444,2.1697729716990737,-2.261511171351814
3855.5990000022575,0.42932972524916063,0.6915410977837029,0.9991404311851472,2.173211933882334,-2.261237226754714
3863.9989999937825,0.4302633106236847,0.690037679994785,0.9986964908749358,2.1775660444403178,-2.259023711423013
3872.3989999853075,0.4307812475390329,0.688578868161321,0.9987907801401272,2.181609723537606,-2.2586851784405244
3880.7989999768324,0.43168669617993716,0.6869368512850376,0.9980150102086647,2.1863587118548957,-2.256872526204646
3889.1989999683574,0.4321612953097508,0.6864024545348023,0.9983545996971898,2.187961329492844,-2.255390303089416
3897.59900001809,0.43226269151817254,0.6865395406375988,0.9982894256876788,2.1875794308046212,-2.2545951643226956
3905.999000009615,0.43240415646717867,0.6874367807276249,0.9988365781762251,2.1851340148895164,-2.2523609255240733
3914.39900000114,0.43229083887634145,0.6890378021118582,0.9985369953715085,2.18069893775902,-2.2502709504185154
3922.798999992665,0.4326816366886505,0.690291239389121,0.9988810504808826,2.1772983532645735,-2.246172803421884
3931.19899998419,0.4324310484137703,0.6921386809088921,0.9988351450241282,2.172212466589089,-2.244509141845586
3939.598999975715,0.43281678709856913,0.6917896583389942,0.9983218646227654,2.173231284342712,-2.2431002548659236
3947.99899996724,0.43384692495850163,0.6886677251856914,0.9979182484698154,2.182023810556612,-2.242965309742506
3956.3990000169724,0.4353826656100389,0.6825421220551241,0.9968425020245666,2.1994317158753156,-2.245614680260433
3964.7990000084974,0.4370761459699667,0.6779922030437696,0.99646090981167,2.2124134445386967,-2.244665075399574
3973.1990000000224,0.4372655869174332,0.6783421270752007,0.9974343932537663,2.211436034502539,-2.243016018850657
3981.5989999915473,0.4366795922068375,0.6826593723156291,0.9977477631262572,2.199195068557244,-2.2385011847331837
3989.9989999830723,0.4356753778892231,0.6877558338312059,0.9986464905781157,2.184915795126922,-2.235243410987848
3998.3989999745972,0.4355968618182514,0.6923500560447663,0.9978377303889145,2.172324488676084,-2.2284552208888515
4006.798999966122,0.4358469930044763,0.6951782304370375,0.9987426840548035,2.1646489913763456,-2.222915739297551
4015.199000015855,0.43565052153152833,0.6968015701560184,0.9983909835978864,2.1602087924787154,-2.221487423889654
4023.59900000738,0.43533130006133797,0.6949692222083705,0.997848862833081,2.1651681714997033,-2.22584947132119
4031.9989999989048,0.43483296767652313,0.6905144433631192,0.9975252365757925,2.1771934210556063,-2.2351150420459875
4040.3989999904297,0.43460582938661324,0.6848486907485962,0.9974442395462791,2.192730882417647,-2.245445006768044
4048.7989999819547,0.43447870015276846,0.6811685846819222,0.9972955920022337,2.2029694415373013,-2.2524717740033724
4057.1989999734797,0.4346968248701321,0.6797554054884982,0.9975896716523686,2.2068813350301015,-2.2536957129212194
4065.5989999650046,0.43433723113263867,0.6823569231564817,0.9978973362508381,2.1995628775613816,-2.2510199784561626
4073.9990000147372,0.43322040381435045,0.686972867311159,0.9976046336596217,2.18652165055692,-2.24886560188372
4082.399000006262,0.43203679603245215,0.6927938305844858,0.9988998190535364,2.1702575452150508,-2.2453057132203886
4090.798999997787,0.43108185449667424,0.6980352128882302,0.9984207641217909,2.155876730035963,-2.2420339338278006
4099.198999989312,0.4303949850751526,0.7017195474570385,0.9992233188101259,2.145748276439262,-2.2398254115860117
4107.598999980837,0.4292813976707343,0.7034759765069583,0.9990638342275657,2.140848548605456,-2.242808460256734
4115.998999972362,0.4291057188249261,0.7024860181722449,0.9994978625350325,2.143456328720413,-2.245116078950962
4124.398999963887,0.42950380976945696,0.7003281945307507,0.9991965373937551,2.1493459997290354,-2.2463774491524258
4132.79900001362,0.42894233107024365,0.6986624991029773,0.9991033429882151,2.1536702050114944,-2.251630086584849
4141.199000005145,0.42886982010566577,0.6975231565168156,0.9992337327236471,2.1567450538886344,-2.2537802302285637
4149.59899999667,0.42924105622545816,0.6970700980742726,0.9990557871201036,2.1580757134970545,-2.2526678459415574
4157.998999988195,0.4288233151387802,0.6983283963961355,0.9995639729257055,2.154521311916972,-2.2526965850256286
4166.3989999797195,0.42878929474458377,0.6987463868720083,0.9990694542779825,2.1534388560012787,-2.252315440297732
4174.7989999712445,0.4285645359627657,0.6987412365582092,0.9989348228203005,2.1533949803956522,-2.2534317839699973
4183.198999962769,0.42846021479836194,0.6979085759017581,0.9993572148476346,2.1556350545724006,-2.2552720167222673
4191.599000012502,0.4281103796908508,0.6968410120457869,0.9995402872567835,2.1584063652149483,-2.25863911481565
4199.999000004027,0.4279272630943415,0.6944548600442983,0.9991974772835492,2.1648585520725634,-2.263428159554909
4208.398999995552,0.42735098104256525,0.6937531669484078,0.9990574487301953,2.166631385007915,-2.267502220248745
4216.798999987077,0.42676237946550855,0.6940855062378279,0.999083833261952,2.1655862947725737,-2.2699503070645757
4225.198999978602,0.4259290020568832,0.6931386921191935,0.9995359026663687,2.167994763950173,-2.2758495069010714
4233.598999970127,0.4252301581975063,0.6938173782093611,0.9993905454584561,2.165934068141268,-2.278217066545558
4241.998999961652,0.42486918247477734,0.6939667570645611,0.9995610175023312,2.1654283054694976,-2.2798005754226804
4250.3990000113845,0.4246829669702743,0.6937444251168678,0.9996584939763326,2.166013266376472,-2.2811829540555966
4258.799000002909,0.42400887735023185,0.6947605259046893,0.9996814456620499,2.1630866486009857,-2.28294076482811
4267.198999994434,0.42363352440840635,0.6952334693732543,0.9994375240412576,2.16173067513711,-2.2841158566805704
4275.598999985959,0.42310889963678855,0.6963731209707477,0.9996593608135191,2.1585536682454536,-2.284982324939904
4283.998999977484,0.4223376021245754,0.6976102256582282,0.999639274764067,2.1549751561251704,-2.2868104351706893
4292.398999969009,0.42175898000883133,0.6983341975259411,0.9998131828446262,2.1528241655904505,-2.2884865584585
4300.798999960534,0.42156459751144737,0.6984749603907785,0.991695508673166,2.1523914085485343,-2.2892455783255348
4309.199000010267,0.4216004214818086,0.6971541262208054,0.9995351933804668,2.156016986956603,-2.2913691658344337
4317.599000001792,0.4217738795418711,0.6962163897823788,0.9995461576800191,2.158649177363193,-2.2921569838737565
4325.998999993317,0.4218972780342969,0.6954407366471826,0.9995891458383459,2.160717563822767,-2.2927178724705786
4334.398999984842,0.4216366979965719,0.6956633937301487,0.9974978182359688,2.160084275143409,-2.293759786361075
4342.798999976367,0.42202945918294776,0.6964332104098565,0.9994730701415591,2.158082090926319,-2.290380272363507
4351.198999967892,0.4224564075694913,0.6964464066212452,0.9997210645834066,2.158166114339997,-2.288174443528026
4359.599000017624,0.42257343752054777,0.696280610505922,0.9995474517280469,2.158670177460259,-2.287898337394567
4367.999000009149,0.4230961355862354,0.6950922164447162,0.999065466309467,2.162109864759941,-2.287372489137099
4376.399000000674,0.423806715170216,0.6929204419147694,0.9988378260075643,2.1681639190008215,-2.2873548689604397
4384.798999992199,0.42452553051070085,0.6912072832800071,0.999051675971001,2.1729648207034256,-2.286493041825083
4393.198999983724,0.42509568918627166,0.6895760316985122,0.9993690340193897,2.1775619760429183,-2.286367248160225
4401.598999975249,0.42609657016084307,0.6883535632649935,0.9989593833398726,2.181192340072104,-2.2833594273646836
4409.998999966774,0.4263746589542148,0.6875159166060457,0.9990479627571839,2.183577651738137,-2.283419705199598
4418.399000016507,0.4267181523999299,0.6871977203697959,0.9986777948878943,2.1845445541540007,-2.2822050803389584
4426.799000008032,0.42703930655916683,0.6873268013967675,0.9987443231742053,2.1842678268645344,-2.280301903402264
4435.198999999557,0.4268432823187216,0.687572214141886,0.9986350038494172,2.1835203977300024,-2.2808445209039037
4443.598999991082,0.4270228482953325,0.6878810868570195,0.9985144470443075,2.1826989822977008,-2.2793368183719354
4451.998999982607,0.4277644755491659,0.6871737830292363,0.9990877722894097,2.1848457341077077,-2.276765360872695
4460.398999974132,0.4290401224758401,0.6844660443594582,0.9985975724432358,2.192674957406872,-2.275014658136913
4468.798999965657,0.43103190874397806,0.6798313417593767,0.9972015133989676,2.206032361461543,-2.2729972113122865
4477.199000015389,0.433028977746727,0.6768061591192984,0.9968546618394034,2.2150032604925376,-2.2681521728695713
4485.599000006914,0.43394180160396634,0.6769383008595753,0.9967717939625633,2.2147773781954285,-2.2630037571006008
4493.998999998439,0.43295034523622933,0.6821196316569114,0.997516302681411,2.200100272531443,-2.2588927968174057
4502.398999989964,0.43217689220950906,0.6873966639889169,0.9986294512680404,2.185269406480514,-2.253714738727207
4510.798999981489,0.43179438886762733,0.6921844104200201,0.998798105560193,2.1720836696978756,-2.247862732456198
4519.198999973014,0.432543983160817,0.6941041934150319,0.999248809734148,2.166972230087064,-2.2410149757207187
4527.598999964539,0.43321526868420585,0.6938757810114603,0.9987556839421908,2.1678124825142264,-2.2381564226692725
4535.999000014272,0.4338229206980855,0.6912863513971534,0.9988241050634578,2.1750097727409634,-2.2391799059359188
4544.399000005797,0.43401013174262015,0.687207081415627,0.9985368058571512,2.1862530128328803,-2.2448242848195417
4552.7989999973215,0.4349808248722414,0.6831458828963961,0.9984347225888606,2.1977341189252155,-2.246750712562358
4561.1989999888465,0.43611058349287174,0.6798969740686591,0.9974675169483841,2.207039554542591,-2.246575329110553
4569.598999980371,0.4376421604715427,0.6769296551244548,0.9982232741240262,2.2156886438857932,-2.243906077643993
4577.998999971896,0.438272590605048,0.677358784659825,0.9977331202530443,2.2146526917273026,-2.2399652412496844
4586.398999963421,0.43866962913919877,0.6785250567129207,0.9981679159178063,2.2114078293484174,-2.235816765061207
4594.799000013154,0.4385548463570837,0.6819534354336712,0.9980042680953076,2.201814951928906,-2.2306203384556875
4603.199000004679,0.4389002816569949,0.6857106363240788,0.9979317945291394,2.1914879214012686,-2.2228294734131793
4611.598999996204,0.43850035286840916,0.6908448663195665,0.998297679027932,2.1772211057586026,-2.2167544830765364
4619.998999987729,0.4386666834637042,0.6926818900177177,0.999036974957899,2.1723035121715424,-2.2133065183594467
4628.398999979254,0.43845675215457486,0.6937821452216072,0.9988709971692212,2.1693048124956666,-2.212776845861435
4636.798999970779,0.4388599022724165,0.6926558431308824,0.9984734900152613,2.1724509121455613,-2.2124632004343097
4645.198999962304,0.4390846539646013,0.6915953988794525,0.9986491162472877,2.1753926694751198,-2.212940028264711
4653.599000012036,0.43979808081122007,0.6898660405476025,0.9983448110470623,2.180255126904891,-2.2120154442302904
4661.999000003561,0.4396315279177048,0.6888351533698561,0.9988371857746237,2.1830555094575774,-2.2143998808713388
4670.398999995086,0.4399250275089881,0.6893495439859298,0.9987387674938457,2.1816813353508047,-2.2121465374773734
4678.798999986611,0.43968970453898193,0.6899914332408734,0.9987158445621825,2.1798954186328596,-2.2123666234187778
4687.198999978136,0.439723666313402,0.6906122779151731,0.9987308917094276,2.178195642757051,-2.2112610909549297
4695.598999969661,0.4398811825179679,0.6905852292168386,0.9984190385494647,2.178324846606405,-2.2105696045412877
4703.998999961186,0.43960922526804647,0.6900534951352819,0.9989657169272692,2.1797196261298812,-2.212683974553609
4712.399000010919,0.4393541841361328,0.6881339064649756,0.9987116287420374,2.184953386259259,-2.21688060649832
4720.799000002444,0.4388740136697714,0.6872700359966983,0.999167449868389,2.1872153528222276,-2.2205631073298093
4729.198999993969,0.4389857926893527,0.6854789350917462,0.9989157960732675,2.1922513961527104,-2.2229415747682677
4737.598999985494,0.43899754619556675,0.6845011109104047,0.9990263561120152,2.1949325023056465,-2.224401333762034
4745.998999977019,0.4392404700687459,0.6836290170236448,0.9986647117933946,2.1974144315757527,-2.2246147375843766
4754.398999968544,0.43917385614248194,0.6832469338294961,0.9989238936210834,2.198456417378177,-2.2255600153768063
4762.798999960069,0.43950487202962985,0.6839541226593255,0.9991546730499302,2.1965936419672487,-2.222811371968562
4771.199000009801,0.43949431416797546,0.6845237825152228,0.9989605918157459,2.194957503070091,-2.2218628466359243
4779.599000001326,0.43960402151503236,0.6850610038690687,0.9987189106541111,2.193557368940384,-2.2205651027316757
4787.998999992851,0.43913936447871543,0.68599593740501,0.9990878581383402,2.190812476824325,-2.2212915505055864
4796.398999984376,0.4391543168483312,0.6863883470143157,0.9990735947245113,2.1897715907602264,-2.220662795071085
4804.798999975901,0.4391924448518848,0.6861636457815177,0.9989836651735678,2.1904048407060572,-2.220835230623014
4813.198999967426,0.43923890049906467,0.6859985792751984,0.9991655058440396,2.19085441561315,-2.220839246501708
4821.599000017159,0.4389981198539833,0.6853625601382785,0.998738545343844,2.192622187289526,-2.223140121086508
4829.999000008684,0.4390660233115257,0.6846224589762737,0.998622060340272,2.1947082166264056,-2.2240220729236593
4838.399000000209,0.4388413037379076,0.6843417992441314,0.9986473441229351,2.1953857977387288,-2.22551010960537
4846.798999991734,0.43863185160483653,0.6834243623784684,0.9989920958624338,2.1979100470677646,-2.2280855062553093
4855.198999983259,0.4388527561160528,0.6836495846892816,0.9983317067438752,2.1972915192288762,-2.2265467166742203
4863.5989999747835,0.4384802312068464,0.6836078217443873,0.9985927476488514,2.197402531913335,-2.228601659872712
4871.9989999663085,0.43778218552629766,0.684731285117189,0.9986811013973514,2.1940621057547833,-2.230146682777792
4880.399000016041,0.437352338906199,0.6855990760658061,0.9986746069093475,2.1915996082418743,-2.2309434033826077
4888.799000007566,0.437248089371586,0.6864436239026792,0.9985342599172047,2.1891916537434764,-2.2300184473190217
4897.198999999091,0.4372196509737267,0.6870514088374555,0.998728304881141,2.1875550395343466,-2.22926401499457
4905.598999990616,0.4373993889886821,0.6865932381693016,0.9980123768914202,2.1888548672451376,-2.2290953356740943
4913.998999982141,0.43756404261740156,0.6859998357578467,0.9987494327001508,2.1905075820427222,-2.2291903095597942
4922.398999973666,0.43898609137625577,0.6851659940476731,0.9980964986344503,2.1931392834295695,-2.2234744056308235
4930.798999965191,0.4410131347869636,0.6843574006092179,0.9970928059282639,2.195816888730896,-2.2147190775374663
4939.1990000149235,0.44236734421585455,0.6850237770872256,0.78053754800427,2.1940414453401775,-2.206681078281781
5065.199000004213,0.4429726372530386,0.6960052442794638,0.7475917268607687,2.1639831579186577,-2.1876819384530903
5073.598999995738,0.44219031328873815,0.6923494177033483,0.9621375691726164,2.173752272256819,-2.1964849999934937
5081.998999987263,0.4419661218620264,0.6860417280463534,0.7387281251265266,2.1910776604797295,-2.2069802911682492
5090.398999978788,0.44141814780221844,0.6796224508331086,0.7989833084262243,2.208959952931845,-2.220137871330869
5098.798999970313,0.4412682422565883,0.6753125541530673,0.9693507041908302,2.2210793091279935,-2.2282527971632162
5107.198999961838,0.4405836019200581,0.6763492846869306,0.9549452656876878,2.217976262202433,-2.2298907745556855
5115.599000011571,0.43920096482554777,0.6811893326871478,0.9968387220110451,2.204177227857132,-2.2287884059033503
5123.999000003096,0.43793312978126525,0.68710760639356,0.998815948620932,2.187463796001192,-2.225480436161221
5132.398999994621,0.4367755793480592,0.6920616411435963,0.9984795764195903,2.1736860685745016,-2.2236234370899233
5140.798999986146,0.43523924951173987,0.6964617599691365,0.9989875655809539,2.161380677749828,-2.224548869151801
5149.198999977671,0.4349357502850035,0.6978092931036655,0.9990108704380386,2.157656664103403,-2.224031310459664
5157.598999969196,0.43481667602964225,0.6978748829312282,0.9968513708129042,2.157466642490053,-2.2245362851599677
5165.9989999607205,0.43456888201451216,0.6958736132279503,0.9981179245709667,2.1627918308326075,-2.2286351471417984
5174.399000010453,0.43486643473291675,0.6948423926552834,0.9735000361504063,2.1656903328145156,-2.2287792766170136
5182.799000001978,0.43490055287434154,0.6935498441811985,0.9789820374632793,2.1692372480793702,-2.2306082769204427
5191.198999993503,0.43483647842379386,0.6933946803169202,0.9698176511640556,2.1696381460329426,-2.231148066314524
5199.598999985028,0.43456079014042065,0.6944830111383944,0.965127882510329,2.166591005279888,-2.2308081432069695
5207.998999976553,0.43444224644138335,0.6956248454400368,0.9588889443246569,2.1635355692770846,-2.2297891472838622
5216.398999968078,0.43415184374693566,0.6958117957563468,0.9881512393593053,2.1629281410553687,-2.2308723851479217
5224.799000017811,0.43407048633612727,0.6956706076881438,0.9213221304070668,2.163334605085844,-2.231553238269894
5233.199000009336,0.4337580515312194,0.6951708125621957,0.9343683627123119,2.1646249432108915,-2.2338497854389363
5241.5990000008605,0.43389923841818534,0.6936416002394961,0.9479373356797952,2.1687974838492337,-2.235461683303471
5249.9989999923855,0.43412378259004153,0.692308507425214,0.9276640385401667,2.1724397880702617,-2.2363433212289947
5258.3989999839105,0.4339577975483545,0.6907963381168023,0.9115205606010965,2.176549907526858,-2.239568459302636
5266.798999975435,0.4338537021566844,0.6903528639785401,0.9453690553223024,2.1777562299220987,-2.240819127006884
5275.19899996696,0.4332421605455199,0.6906500577380144,0.8644608699042444,2.176790061887902,-2.243378376153161
5283.599000016693,0.43250789056402494,0.6916354553947803,0.9791125108382562,2.1739343523803876,-2.2454897166923735
5291.999000008218,0.4323745921989769,0.6921061249506452,0.9969682752345184,2.1725993019955427,-2.2453743465042115
5300.398999999743,0.4320705749627104,0.6927343580436949,0.9418368494302883,2.170823951911142,-2.2459110757339955
5308.798999991268,0.43118877705364655,0.6941884034106968,0.9316993163915667,2.1666492068268886,-2.2479970063963295
5317.198999982793,0.4308920591643444,0.6954359907420065,0.9562799011421355,2.1632168111615218,-2.2475654104482015
5325.598999974318,0.43061256841316303,0.6959337159509515,0.9566847188144474,2.1617974601520142,-2.248173444421516
5333.998999965843,0.43030189433446936,0.6969374992249641,0.981873987086711,2.1590034865566694,-2.248157384461561
5342.399000015575,0.4300560741028587,0.6964134054431093,0.8975105164605202,2.160313138262061,-2.25010160739419
5350.7990000071,0.43019270797467185,0.6956864675707939,0.8938113807129253,2.1624254694595892,-2.2507475300968935
5359.198999998625,0.4300254911350736,0.6938683700131887,0.9956752698903102,2.167253250958007,-2.2543359249317647
5367.59899999015,0.42996075293683467,0.6927227988708012,0.9531732690123631,2.1703659287636956,-2.2565187135420683
5375.998999981675,0.429818731303856,0.69171736843809,0.9656972595677111,2.1731414588452846,-2.2589892905793376
5384.3989999732,0.42945079686473814,0.6926386123903692,0.9838533001816703,2.1704678574796934,-2.2592173177164994
5392.798999964725,0.42896927543876656,0.6935098015044048,0.9928082610756933,2.167997311429308,-2.2602644209771916
5401.199000014458,0.4289243336910265,0.6941824313081078,0.9411420371820135,2.166178871840001,-2.259442654842275
5409.599000005983,0.42939572042387475,0.6927400033466412,0.987453612941241,2.170218346870351,-2.2594010259135353
5417.998999997508,0.4299989503309808,0.6907565805233505,0.9680659523268822,2.175772051051213,-2.2595897787621175
5426.398999989033,0.43036291408111066,0.6894718222238266,0.975969732187133,2.1793414865630143,-2.25981169413032
5434.798999980558,0.43074582572609366,0.6881397664945106,0.9685665656672537,2.183116968057783,-2.2601439277373454
5443.198999972083,0.43061781547311473,0.6894167723746547,0.9698495889278822,2.1795572893708863,-2.258615655194036
5451.598999963608,0.430608953768405,0.6899691060633344,0.988730262962684,2.178066386631141,-2.2577876651009268
5459.99900001334,0.4303319397897571,0.6896711671369334,0.9741182145818041,2.1788089003843307,-2.2596741763226635
5468.399000004865,0.43063183870983596,0.6896223003266364,0.9569821706073477,2.178998604999172,-2.2582053385083425
5476.79899999639,0.4301324557338469,0.6899616574866981,0.9984354311762097,2.1779537978789825,-2.2601839698218282
5485.198999987915,0.42956275068450467,0.6910997960428734,0.9973982760127987,2.174650437316321,-2.261096294976565
5493.59899997944,0.4290170971200563,0.6915553649518544,0.9480589307779252,2.1733257604981135,-2.2632032924227454
5501.998999970965,0.42928212515881603,0.689288907366995,0.9976455543175693,2.1795643470971453,-2.2655936534457544
5510.39899996249,0.4305185282478413,0.6853950814597575,0.9780369600382184,2.1905830824882706,-2.2659337359929026
5518.799000012223,0.4317166239753936,0.6819814769328253,0.9971579914976214,2.2003154639012066,-2.265727139601894
5527.199000003748,0.4314990717070545,0.6846138438028426,0.9662997988138222,2.1929488415685614,-2.262195583682831
5535.598999995273,0.4300226398669656,0.6902133193691606,0.9979926762525986,2.1771263032037527,-2.260126582410928
5543.998999986798,0.42861064511431507,0.6944073232816327,0.9921686356751327,2.1654003290905774,-2.260497943458557
5552.3989999783225,0.42768350205837996,0.6981131550669801,0.883755043499729,2.155162275528982,-2.2593034631514195
5560.7989999698475,0.4272866428616336,0.7003146576938404,0.8949909154559074,2.1490828631943044,-2.2577750301497774
5569.1989999613725,0.4271071769852027,0.7010473748448921,0.9063820511235516,2.1471006394850964,-2.257598785449276
5577.599000011105,0.4265132314237675,0.6997929784330665,0.9184661064411594,2.150274519650779,-2.2623964599194655
5585.99900000263,0.4260727672317963,0.6979984842024729,0.8807734852817205,2.155071603957497,-2.2675583989726285
5594.398999994155,0.4258965833752394,0.6956325993483625,0.9202885557508238,2.161442741321731,-2.2722995789880396
5602.79899998568,0.4258006015887624,0.6938959319645306,0.84870690791449,2.1661598585428368,-2.275708686946371
5611.198999977205,0.4257797692186262,0.6919624320083912,0.9794681312923004,2.1714561522512694,-2.279142896053842
5619.59899996873,0.4258214053432596,0.6912335048819278,0.9717180439035707,2.1734669919729526,-2.2801947419252264
5627.998999960255,0.4259574002775689,0.6914225595026187,0.9710238908463287,2.1729360660325328,-2.279079946888403
5636.3990000099875,0.4257166670008906,0.6920173237382492,0.9878666660154481,2.1711093662814736,-2.2790418473908023
5644.7990000015125,0.42485522288076166,0.6960359171060042,0.9682936062811076,2.1599637684707265,-2.2767072582546244
5653.198999993037,0.42420662687117944,0.7001713127791154,0.9417548710901908,2.1486445585084195,-2.2733123074319717
5661.598999984562,0.42339587976229626,0.7035259552817392,0.8547292144655467,2.139487752008042,-2.272208215526973
5669.998999976087,0.42263744448679946,0.7056768387748551,0.9802546469297297,2.133541536715889,-2.272673662718046
5678.398999967612,0.4222440755133401,0.7064959032774305,0.9122968174919155,2.131288458074532,-2.2734434467060045
5686.799000017345,0.4222916568273044,0.7072182287990401,0.8714318187300358,2.1293700902505974,-2.2720950655099297
5695.19900000887,0.42246308984100034,0.7081015868095589,0.9566265044497995,2.1271105766154625,-2.269998883037171
5703.599000000395,0.4225883733103582,0.7072007905101145,0.811142814494862,2.129462472605974,-2.270589632698177
5711.99899999192,0.4229726094255416,0.7073972631852289,0.8658485206612383,2.1290511097849807,-2.268411773513078
5720.398999983445,0.4233583531651773,0.7076545311583202,0.9042325324042482,2.1284853270425232,-2.266155205134677
5728.79899997497,0.4231342608671108,0.708514581901585,0.8223820996920952,2.126149940593055,-2.2659979333205236
5737.198999966495,0.42338789931546666,0.7085009188504297,0.9500670317131565,2.1262551996381296,-2.264775125348842
5745.599000016227,0.4233329431798891,0.707349815601642,0.877047392842947,2.129266396829771,-2.266693103501236
5753.999000007752,0.4233013140562889,0.706105172228267,0.9941734278040992,2.1325640818017577,-2.268706248133453
5762.398999999277,0.4231634802681731,0.7048719985138395,0.8256066578023051,2.135851273556987,-2.2713323187893795
5770.798999990802,0.4233499634530468,0.7036614078767618,0.8988900465580474,2.139124708337033,-2.272248676017921
5779.198999982327,0.4234028038374431,0.7026703202451042,0.8570179632643543,2.141730264250866,-2.273412829386633
5787.598999973852,0.4234391549173922,0.702531406019888,0.9320143577088749,2.142173602032869,-2.2735626166171468
5795.998999965377,0.4236726159476555,0.7018498264172325,0.8614408720768528,2.144068960282097,-2.2734744052202527
5804.39900001511,0.42406762935602826,0.7014176035776574,0.9158853334760719,2.145256050899154,-2.2720331541112357
5812.799000006635,0.42440489994928726,0.7019865140362944,0.9167292898946693,2.143805191560407,-2.2694331982511766
5821.19899999816,0.4243420474249836,0.7029585638059361,0.9494645334991816,2.1412435992952283,-2.2683491855462408
5829.598999989685,0.4244964702465598,0.7027061496266132,0.9611413775715993,2.1419082957782383,-2.2678753064886057
5837.99899998121,0.42453184874499056,0.7036152697775236,0.9320374765191721,2.1394498906731307,-2.2662391942060816
5846.398999972735,0.4246637404977192,0.7032772033140304,0.9437668477237714,2.1404532828639513,-2.2662207511485275
5854.79899996426,0.42483724023208735,0.7028433888962506,0.9877455986631627,2.141577167674279,-2.2658736646067417
5863.199000013992,0.4247872406276095,0.7029084265011178,0.9104133917303409,2.1414099264988153,-2.2660585380899017
5871.599000005517,0.42525352128507893,0.7014815931386926,0.9608668091358543,2.145352340372808,-2.2659359023059022
5879.998999997042,0.4256110123903344,0.7009310588767663,0.9924402872785295,2.1469077845761415,-2.2649828708552935
5888.398999988567,0.4259118985308571,0.699779970081942,0.999597940927517,2.15007762083093,-2.265274171943284
5896.798999980092,0.4261062432832178,0.6998375767298108,0.9994793173698864,2.1499214742709336,-2.2641219284381173
5905.198999971617,0.42643037495140756,0.699162634492833,0.9181454227047489,2.151828597701581,-2.263574289170751
5913.598999963142,0.4264002867865756,0.6991087440914809,0.9987921460186315,2.1520069570060945,-2.2638828303614824
5921.999000012875,0.42693763928767536,0.6982698964538216,0.9683605912854922,2.154338450848727,-2.262397744458495
5930.3990000044,0.4269019558782067,0.6982305034592882,0.9914998351917583,2.1544624829860677,-2.262686202028708
5938.7989999959245,0.42667141553076837,0.698654648399753,0.9992341018958385,2.153210724570872,-2.2630815115911713
5947.1989999874495,0.42673291606600383,0.6983259613974493,0.999198879821778,2.1541462071683672,-2.263351958144221
5955.5989999789745,0.4275171853053131,0.697093700335133,0.9992098339125359,2.157623279834117,-2.261290341802088
5963.998999970499,0.42816243139090915,0.6955033279308868,0.9987989467828314,2.162128576188423,-2.2606584634928124
5972.398999962024,0.42874504401224584,0.6951009857307253,0.9985969179802058,2.1633297874216377,-2.258320134978021
5980.799000011757,0.4291942346034204,0.6944634053111434,0.9986086642444247,2.1651275531235856,-2.257011761461999
5989.199000003282,0.4291619806463293,0.694472087283119,0.9985176247945007,2.1650907611086776,-2.257150128927582
5997.598999994807,0.4292952981485419,0.6951372100248561,0.9990322479173807,2.163281581285728,-2.2553595672535374
6005.998999986332,0.4290557279950569,0.6961944899756247,0.9985793492775831,2.1604276893780594,-2.255009054112365
6014.398999977857,0.4286866062482518,0.697600213039107,0.9991872040496483,2.156501571619522,-2.2545877181274623
6022.798999969382,0.42889181508655333,0.6988466911208441,0.9987145728753033,2.15317893591964,-2.2516285142019083
6031.198999960907,0.42891709623240876,0.6987390709378751,0.9986087552473386,2.153504682541588,-2.25172033352216
6039.599000010639,0.4294205072233531,0.6972303300334908,0.9989690250669774,2.157663072483976,-2.251487601394596
6047.999000002164,0.43086110458732013,0.6910064313286235,0.9972121113470772,2.1750231627614784,-2.254348128293789
6056.398999993689,0.4329789787230478,0.6842073966036439,0.9964920463652094,2.1941094997949095,-2.254770079034346
6064.798999985214,0.43444633727126913,0.6822180723532831,0.9972903837904026,2.1999227540451542,-2.250614907468467
6073.198999976739,0.4330934178247971,0.6874844720025302,0.9977249495523777,2.184964411785744,-2.2484559990120747
6081.598999968264,0.4317321351379387,0.6934923309922223,0.9982988520796616,2.168252148957681,-2.2456661678858305
6089.999000017997,0.43087415521147826,0.6988397649849547,0.9981043544885156,2.1536502241771895,-2.241830238304965
6098.399000009522,0.43071011725884656,0.7039035020266787,0.9989284224604656,2.1399917319876303,-2.2351649285762463
6106.799000001047,0.4308541489669893,0.706669678869239,0.9981278021078597,2.1326470348036257,-2.2305737117782343
6115.198999992572,0.43045738954440615,0.7054657525081298,0.9986577820525461,2.1357567697771676,-2.2341586549062376
6123.598999984097,0.4301468304069214,0.6997974224682976,0.9985236872154556,2.150869392475023,-2.243913862845835
6131.998999975622,0.4303912891519458,0.6929571736596605,0.9975592954371144,2.1695381835764,-2.2534669344083182
6140.398999967147,0.43184677787596726,0.6854926822779834,0.9962654468238697,2.1902863766822134,-2.258349076981231
6148.799000016879,0.43233485785028536,0.6818975116992638,0.996646480465432,2.2002622962213154,-2.261921715581754
6157.199000008404,0.43241049043022317,0.6832854901001071,0.9977906548851727,2.196447313033805,-2.259132081661226
6165.598999999929,0.43186888456987804,0.6881003005900523,0.9975708017131977,2.1830709129987294,-2.253773111878424
6173.998999991454,0.43119080864323767,0.6943895028628646,0.9984322460720381,2.1657339743431754,-2.2470335643602413
6182.398999982979,0.4299932042534903,0.7001268436969206,0.9982543355223932,2.1499541427586153,-2.2441880063227084
6190.798999974504,0.42959650370261837,0.7044589199422935,0.9988097136927068,2.138201208567313,-2.23968783081645
6199.198999966029,0.42907870171986684,0.7055080420340165,0.9991842237700663,2.135274573736994,-2.2406873643311034
6207.599000015762,0.4292452968925928,0.7043628612557059,0.9981418342678561,2.138404863869185,-2.2415851311483235
6215.999000007287,0.43351311960999706,0.6992657293655228,0.9978663430121525,2.1530676889653404,-2.2282461945496834
6224.398999998812,0.43537991126469644,0.6950686588537652,0.9995867722444526,2.164780262275012,-2.225251152739959
6232.798999990337,0.4335851431356647,0.694360673593323,0.9990411920254082,2.1662764821602503,-2.2350765888445387
6241.198999981862,0.43309510858873707,0.6946201714241453,0.9992382771283508,2.1654607234831373,-2.2370954718341705
6249.5989999733865,0.43261872003233737,0.6965826041601713,0.9994795908533739,2.1600180457076297,-2.236432969374031
6257.9989999649115,0.43193296436448536,0.6973758782149827,0.9997222733466611,2.157712273947058,-2.2385995902774574
6266.399000014644,0.4311884623669792,0.6975347753193651,0.9995361457584994,2.157128278561844,-2.242051745471751
6274.799000006169,0.43104561761309945,0.6968903149299371,0.999474523877005,2.158832795427453,-2.2437300573683867
6283.198999997694,0.4307005052144704,0.6954929790047444,0.9991716210721446,2.1625472290599257,-2.247614516183669
6291.598999989219,0.4309352098368002,0.6938331200824154,0.9990928395350048,2.167133503850849,-2.2490913457195694
6299.998999980744,0.4308436571167185,0.6925956415473984,0.9991228047901433,2.1704904375556144,-2.251535159350248
6308.398999972269,0.43072294830092606,0.6922879650181393,0.9991368166656487,2.1713171422864224,-2.252663328354981
6316.798999963794,0.4305505615242298,0.6924498437446056,0.9991956938540275,2.170799191412317,-2.253205728889699
6325.1990000135265,0.4303084948745469,0.6923935635356615,0.9990561110999464,2.1709392035858426,-2.2545891974939294
6333.5990000050515,0.4298628522638063,0.6924940065693517,0.999050344521868,2.1705604334852064,-2.2566708114507947
6341.9989999965765,0.42931859621770807,0.6934622266540829,0.9993735611903346,2.167778168248829,-2.257817377865682
6350.398999988101,0.428993042226306,0.6938721007216581,0.9995442464277164,2.166572331485322,-2.2587716346426934
6358.798999979626,0.4288723025113338,0.6948499443833784,0.9992854383245003,2.163799914526174,-2.2576549948716216
6367.198999971151,0.4284986448916127,0.6951234145945471,0.9997451870677613,2.1630263653404342,-2.2591969503785196
6375.598999962676,0.42866505293776314,0.694977655654938,0.9997530283092285,2.1634303767572,-2.2585385656574277
6383.999000012409,0.4288536284828881,0.6952591628401497,0.9997401019197252,2.1626954881390867,-2.257114412440882
6392.399000003934,0.42928902166861127,0.6945263734664369,0.9994790030139744,2.164841643105243,-2.2561932792575963
6400.798999995459,0.42992082747620736,0.6933528069824917,0.999505011140415,2.1681830843353085,-2.2549026086666237
6409.198999986984,0.43064235760831115,0.691151013065187,0.9992287787889493,2.174390929660499,-2.2548923814481285
6417.598999978509,0.43065283509193597,0.6909463645912026,0.9993579461719766,2.174950974783629,-2.2551706094653676
6425.998999970034,0.43109589625284184,0.690255684483444,0.9993114798462069,2.176932866751241,-2.25404488138209
6434.398999961559,0.43120479828594493,0.6909944394816789,0.9996030976049625,2.174909214440638,-2.252241588666191
6442.799000011291,0.4308889594659767,0.691586556795655,0.9995457813928467,2.1732261382940927,-2.2528851937945533
6451.199000002816,0.43104230973218105,0.6917336870888686,0.9992883349771194,2.1728360689176993,-2.251834371831148
6459.598999994341,0.4320577575696021,0.6901196711107771,0.999086147067913,2.177479542968542,-2.249335096654038
6467.998999985866,0.4328500184702099,0.68861580016451,0.9989011148721622,2.181824834606871,-2.24786730889334
6476.398999977391,0.43363546993010627,0.6867823398915397,0.9989588837245005,2.1870430419461537,-2.246915762961778
6484.798999968916,0.434551376100213,0.6846756470348458,0.9990907044522451,2.193060213230837,-2.2457796423117244
6493.198999960441,0.4351611556818084,0.6836229161401335,0.9983404129786168,2.196077182342801,-2.2443971773054314
6501.599000010174,0.4354228595313006,0.6827861434444759,0.9983376309935291,2.1984777687017227,-2.244516891411252
6509.999000001699,0.4353129337472043,0.6819384923875857,0.9976228316090654,2.200812877943098,-2.2465285362231033
