imu_packets,1188
IMUtimestamp,quatI,quatJ,quatK,quatReal,quatRadianAccuracy
1582517942.838079,0.04205,0.00220,-0.99384,0.10284,0.0220
1582517942.843559,0.04205,0.00226,-0.99384,0.10278,0.0220
1582517942.850291,0.04211,0.00226,-0.99384,0.10278,0.0220
1582517942.8560781,0.04218,0.00226,-0.99384,0.10278,0.0220
1582517942.860354,0.04218,0.00226,-0.99384,0.10278,0.0220
1582517942.867195,0.04224,0.00226,-0.99384,0.10278,0.0220
1582517942.871774,0.04224,0.00226,-0.99377,0.10278,0.0220
1582517942.87839,0.04224,0.00226,-0.99377,0.10278,0.0220
1582517942.888892,0.04230,0.00226,-0.99377,0.10278,0.0220
1582517942.8889,0.04236,0.00232,-0.99377,0.10278,0.0220
1582517942.893273,0.04236,0.00232,-0.99377,0.10278,0.0220
1582517942.9013388,0.04242,0.00232,-0.99377,0.10278,0.0220
1582517942.904139,0.04242,0.00232,-0.99377,0.10278,0.0220
1582517942.910149,0.04242,0.00238,-0.99377,0.10278,0.0220
1582517942.91744,0.04248,0.00244,-0.99377,0.10278,0.0220
1582517942.924777,0.04254,0.00244,-0.99377,0.10278,0.0220
1582517942.939453,0.04254,0.00250,-0.99377,0.10278,0.0220
1582517942.939462,0.04254,0.00250,-0.99377,0.10278,0.0220
1582517942.939466,0.04260,0.00256,-0.99377,0.10278,0.0220
1582517942.9443939,0.04260,0.00256,-0.99377,0.10278,0.0220
1582517942.952516,0.04260,0.00262,-0.99377,0.10278,0.0220
1582517942.957827,0.04266,0.00269,-0.99377,0.10278,0.0220
1582517942.960694,0.04266,0.00269,-0.99377,0.10278,0.0220
1582517942.9664981,0.04266,0.00269,-0.99377,0.10278,0.0220
1582517942.972151,0.04272,0.00275,-0.99377,0.10284,0.0220
1582517942.978314,0.04272,0.00275,-0.99377,0.10284,0.0220
1582517942.983383,0.04272,0.00275,-0.99377,0.10284,0.0220
1582517942.993293,0.04272,0.00281,-0.99377,0.10284,0.0220
1582517942.997665,0.04279,0.00281,-0.99377,0.10284,0.0219
1582517943.0013912,0.04279,0.00287,-0.99377,0.10291,0.0219
1582517943.0050402,0.04279,0.00287,-0.99377,0.10291,0.0219
1582517943.012279,0.04279,0.00293,-0.99377,0.10297,0.0219
1582517943.019547,0.04279,0.00293,-0.99377,0.10297,0.0219
1582517943.025224,0.04285,0.00293,-0.99377,0.10303,0.0219
1582517943.027771,0.04285,0.00299,-0.99377,0.10303,0.0219
1582517943.033182,0.04285,0.00299,-0.99377,0.10309,0.0219
1582517943.039388,0.04291,0.00305,-0.99371,0.10309,0.0219
1582517943.044353,0.04291,0.00305,-0.99371,0.10309,0.0219
1582517943.049869,0.04297,0.00305,-0.99371,0.10309,0.0219
1582517943.0550761,0.04303,0.00311,-0.99371,0.10315,0.0219
1582517943.0609941,0.04309,0.00317,-0.99371,0.10315,0.0219
1582517943.0666912,0.04309,0.00317,-0.99371,0.10315,0.0219
1582517943.072247,0.04309,0.00317,-0.99371,0.10315,0.0219
1582517943.0781922,0.04309,0.00323,-0.99371,0.10315,0.0220
1582517943.083673,0.04309,0.00323,-0.99371,0.10309,0.0220
1582517943.088683,0.04315,0.00323,-0.99371,0.10309,0.0220
1582517943.0946891,0.04315,0.00323,-0.99371,0.10309,0.0220
1582517943.0996008,0.04321,0.00323,-0.99371,0.10303,0.0220
1582517943.105967,0.04321,0.00323,-0.99371,0.10297,0.0220
1582517943.1114721,0.04321,0.00317,-0.99371,0.10297,0.0220
1582517943.1170502,0.04321,0.00311,-0.99371,0.10291,0.0220
1582517943.122786,0.04327,0.00305,-0.99377,0.10291,0.0220
1582517943.128405,0.04327,0.00299,-0.99377,0.10284,0.0220
1582517943.1339068,0.04327,0.00293,-0.99377,0.10278,0.0220
1582517943.139296,0.04327,0.00287,-0.99377,0.10278,0.0220
1582517943.144528,0.04333,0.00262,-0.99377,0.10266,0.0220
1582517943.150513,0.04333,0.00250,-0.99377,0.10266,0.0220
1582517943.155329,0.04333,0.00238,-0.99377,0.10260,0.0219
1582517943.1612108,0.04333,0.00226,-0.99377,0.10260,0.0219
1582517943.166412,0.04333,0.00208,-0.99377,0.10254,0.0219
1582517943.172812,0.04333,0.00189,-0.99377,0.10254,0.0219
1582517943.1782532,0.04333,0.00171,-0.99377,0.10254,0.0219
1582517943.183265,0.04333,0.00153,-0.99377,0.10254,0.0219
1582517943.188573,0.04340,0.00134,-0.99377,0.10260,0.0219
1582517943.194567,0.04340,0.00110,-0.99377,0.10260,0.0219
1582517943.1997912,0.04340,0.00073,-0.99377,0.10266,0.0219
1582517943.205259,0.04340,0.00049,-0.99377,0.10266,0.0219
1582517943.211339,0.04340,0.00031,-0.99377,0.10272,0.0219
1582517943.216865,0.04340,0.00012,-0.99377,0.10278,0.0219
1582517943.223375,0.04333,-0.00006,-0.99377,0.10284,0.0219
1582517943.229235,0.04327,-0.00024,-0.99377,0.10291,0.0219
1582517943.2331462,0.04327,-0.00043,-0.99371,0.10303,0.0219
1582517943.239229,0.04321,-0.00067,-0.99371,0.10309,0.0219
1582517943.244523,0.04315,-0.00085,-0.99371,0.10321,0.0219
1582517943.250359,0.04297,-0.00128,-0.99371,0.10345,0.0219
1582517943.2560582,0.04285,-0.00146,-0.99371,0.10364,0.0219
1582517943.264218,0.04266,-0.00171,-0.99365,0.10388,0.0219
1582517943.267519,0.04254,-0.00189,-0.99365,0.10413,0.0219
1582517943.272758,0.04236,-0.00214,-0.99365,0.10449,0.0219
1582517943.278802,0.04218,-0.00244,-0.99359,0.10492,0.0219
1582517943.2842188,0.04199,-0.00262,-0.99353,0.10535,0.0219
1582517943.2890828,0.04175,-0.00293,-0.99347,0.10602,0.0219
1582517943.295275,0.04126,-0.00348,-0.99335,0.10742,0.0219
1582517943.302378,0.04108,-0.00366,-0.99329,0.10822,0.0219
1582517943.307389,0.04077,-0.00391,-0.99316,0.10925,0.0219
1582517943.312097,0.04053,-0.00415,-0.99304,0.11041,0.0219
1582517943.318523,0.04022,-0.00433,-0.99292,0.11145,0.0219
1582517943.323854,0.03992,-0.00452,-0.99280,0.11279,0.0219
1582517943.3296142,0.03961,-0.00470,-0.99268,0.11420,0.0219
1582517943.334781,0.03931,-0.00482,-0.99249,0.11566,0.0219
1582517943.3402822,0.03864,-0.00500,-0.99219,0.11871,0.0219
1582517943.3460422,0.03827,-0.00507,-0.99200,0.12042,0.0219
1582517943.351883,0.03784,-0.00513,-0.99176,0.12231,0.0219
1582517943.357573,0.03741,-0.00507,-0.99158,0.12402,0.0219
1582517943.365694,0.03699,-0.00500,-0.99133,0.12592,0.0219
1582517943.369324,0.03644,-0.00488,-0.99109,0.12805,0.0219
1582517943.3740401,0.03595,-0.00476,-0.99084,0.12988,0.0219
1582517943.379298,0.03503,-0.00446,-0.99042,0.13367,0.0219
1582517943.384725,0.03448,-0.00421,-0.99011,0.13574,0.0219
1582517943.391558,0.03394,-0.00397,-0.98987,0.13776,0.0219
1582517943.39602,0.03339,-0.00366,-0.98962,0.13971,0.0219
1582517943.401582,0.03296,-0.00342,-0.98938,0.14142,0.0219
1582517943.407431,0.03241,-0.00311,-0.98914,0.14331,0.0219
1582517943.415909,0.03192,-0.00275,-0.98889,0.14508,0.0219
1582517943.418366,0.03143,-0.00238,-0.98865,0.14703,0.0220
1582517943.423645,0.03101,-0.00201,-0.98840,0.14862,0.0220
1582517943.4294689,0.03058,-0.00159,-0.98816,0.15039,0.0220
1582517943.4344,0.03015,-0.00116,-0.98792,0.15204,0.0220
1582517943.439509,0.02942,-0.00043,-0.98749,0.15485,0.0220
1582517943.4456582,0.02905,0.00006,-0.98730,0.15631,0.0220
1582517943.451819,0.02875,0.00043,-0.98706,0.15753,0.0220
1582517943.457097,0.02850,0.00079,-0.98694,0.15869,0.0220
1582517943.462707,0.02826,0.00116,-0.98676,0.15973,0.0220
1582517943.468438,0.02795,0.00159,-0.98657,0.16083,0.0220
1582517943.47327,0.02777,0.00189,-0.98645,0.16168,0.0220
1582517943.479052,0.02753,0.00226,-0.98633,0.16260,0.0220
1582517943.4849322,0.02716,0.00287,-0.98608,0.16406,0.0220
1582517943.4912589,0.02698,0.00311,-0.98596,0.16467,0.0220
1582517943.4965801,0.02679,0.00330,-0.98590,0.16528,0.0220
1582517943.502083,0.02667,0.00342,-0.98578,0.16577,0.0220
1582517943.508055,0.02655,0.00354,-0.98572,0.16620,0.0220
1582517943.51314,0.02643,0.00366,-0.98566,0.16663,0.0220
1582517943.519217,0.02631,0.00372,-0.98560,0.16699,0.0220
1582517943.525483,0.02618,0.00378,-0.98553,0.16724,0.0220
1582517943.5340102,0.02600,0.00372,-0.98547,0.16760,0.0220
1582517943.5380218,0.02588,0.00372,-0.98547,0.16772,0.0220
1582517943.5418181,0.02582,0.00366,-0.98547,0.16779,0.0220
1582517943.547263,0.02576,0.00360,-0.98547,0.16779,0.0220
1582517943.5648909,0.02570,0.00348,-0.98547,0.16779,0.0220
1582517943.564899,0.02570,0.00336,-0.98547,0.16766,0.0220
1582517943.564903,0.02563,0.00330,-0.98553,0.16754,0.0220
1582517943.568783,0.02563,0.00311,-0.98553,0.16736,0.0220
1582517943.575213,0.02563,0.00293,-0.98560,0.16718,0.0220
1582517943.580399,0.02570,0.00262,-0.98566,0.16675,0.0220
1582517943.585648,0.02576,0.00244,-0.98572,0.16650,0.0220
1582517943.590695,0.02576,0.00232,-0.98572,0.16626,0.0220
1582517943.5965812,0.02576,0.00214,-0.98578,0.16602,0.0220
1582517943.60231,0.02582,0.00201,-0.98584,0.16571,0.0220
1582517943.607626,0.02582,0.00183,-0.98590,0.16541,0.0220
1582517943.612907,0.02582,0.00165,-0.98596,0.16504,0.0220
1582517943.6180842,0.02588,0.00153,-0.98596,0.16479,0.0220
1582517943.624129,0.02588,0.00134,-0.98602,0.16443,0.0220
1582517943.629623,0.02588,0.00110,-0.98615,0.16376,0.0220
1582517943.635582,0.02588,0.00098,-0.98621,0.16345,0.0220
1582517943.640745,0.02594,0.00085,-0.98627,0.16309,0.0220
1582517943.6468759,0.02594,0.00073,-0.98633,0.16272,0.0220
1582517943.653484,0.02594,0.00067,-0.98639,0.16241,0.0220
1582517943.657723,0.02600,0.00061,-0.98645,0.16205,0.0220
1582517943.663038,0.02600,0.00055,-0.98651,0.16168,0.0220
1582517943.669097,0.02600,0.00049,-0.98657,0.16125,0.0220
1582517943.67522,0.02606,0.00043,-0.98663,0.16089,0.0220
1582517943.6830752,0.02606,0.00031,-0.98676,0.16016,0.0220
1582517943.686891,0.02606,0.00024,-0.98682,0.15979,0.0220
1582517943.691815,0.02612,0.00024,-0.98688,0.15936,0.0220
1582517943.697527,0.02612,0.00018,-0.98694,0.15900,0.0220
1582517943.703416,0.02612,0.00012,-0.98700,0.15857,0.0220
1582517943.709236,0.02612,0.00006,-0.98706,0.15820,0.0220
1582517943.713381,0.02612,-0.00006,-0.98712,0.15778,0.0220
1582517943.719455,0.02606,-0.00012,-0.98718,0.15735,0.0220
1582517943.725009,0.02606,-0.00037,-0.98730,0.15656,0.0220
1582517943.730496,0.02606,-0.00055,-0.98737,0.15619,0.0220
1582517943.7375119,0.02600,-0.00067,-0.98743,0.15576,0.0220
1582517943.743516,0.02600,-0.00085,-0.98749,0.15540,0.0220
1582517943.750885,0.02600,-0.00104,-0.98755,0.15503,0.0220
1582517943.7533782,0.02600,-0.00122,-0.98761,0.15460,0.0220
1582517943.7592802,0.02600,-0.00140,-0.98767,0.15417,0.0220
1582517943.764259,0.02600,-0.00177,-0.98779,0.15344,0.0220
1582517943.770049,0.02606,-0.00201,-0.98785,0.15308,0.0220
1582517943.7759721,0.02606,-0.00220,-0.98792,0.15277,0.0220
1582517943.78164,0.02606,-0.00244,-0.98798,0.15240,0.0220
1582517943.787414,0.02612,-0.00262,-0.98804,0.15210,0.0219
1582517943.7926831,0.02612,-0.00281,-0.98810,0.15173,0.0219
1582517943.797811,0.02625,-0.00305,-0.98810,0.15137,0.0219
1582517943.803112,0.02631,-0.00330,-0.98816,0.15100,0.0219
1582517943.809265,0.02637,-0.00354,-0.98822,0.15063,0.0219
1582517943.814789,0.02667,-0.00409,-0.98834,0.14990,0.0219
1582517943.820758,0.02679,-0.00433,-0.98840,0.14960,0.0219
1582517943.827488,0.02698,-0.00458,-0.98840,0.14923,0.0219
1582517943.834443,0.02716,-0.00482,-0.98846,0.14886,0.0219
1582517943.837813,0.02734,-0.00494,-0.98853,0.14856,0.0219
1582517943.843331,0.02753,-0.00507,-0.98859,0.14819,0.0219
1582517943.8486059,0.02771,-0.00513,-0.98859,0.14789,0.0219
1582517943.854466,0.02789,-0.00513,-0.98865,0.14758,0.0219
1582517943.862658,0.02814,-0.00494,-0.98871,0.14716,0.0219
1582517943.865804,0.02826,-0.00476,-0.98871,0.14697,0.0219
1582517943.871868,0.02838,-0.00458,-0.98877,0.14685,0.0219
1582517943.877106,0.02844,-0.00433,-0.98877,0.14673,0.0220
1582517943.882768,0.02856,-0.00403,-0.98877,0.14667,0.0220
1582517943.888361,0.02863,-0.00366,-0.98877,0.14661,0.0220
1582517943.893728,0.02875,-0.00323,-0.98877,0.14655,0.0220
1582517943.899254,0.02881,-0.00244,-0.98877,0.14661,0.0220
1582517943.90468,0.02887,-0.00195,-0.98877,0.14673,0.0221
1582517943.9112792,0.02887,-0.00146,-0.98877,0.14679,0.0221
1582517943.918281,0.02887,-0.00104,-0.98871,0.14691,0.0221
1582517943.9222531,0.02887,-0.00061,-0.98871,0.14709,0.0222
1582517943.92792,0.02881,-0.00012,-0.98871,0.14728,0.0222
1582517943.933865,0.02875,0.00043,-0.98865,0.14746,0.0222
1582517943.940563,0.02869,0.00092,-0.98865,0.14771,0.0222
1582517943.944298,0.02844,0.00183,-0.98853,0.14813,0.0222
1582517943.949664,0.02832,0.00232,-0.98853,0.14844,0.0221
1582517943.956223,0.02820,0.00269,-0.98846,0.14862,0.0221
1582517943.96143,0.02808,0.00311,-0.98846,0.14893,0.0221
1582517943.967135,0.02789,0.00354,-0.98840,0.14917,0.0221
1582517943.972534,0.02777,0.00397,-0.98834,0.14948,0.0221
1582517943.979535,0.02753,0.00446,-0.98834,0.14972,0.0221
1582517943.9838562,0.02740,0.00476,-0.98828,0.14996,0.0221
1582517943.9926221,0.02710,0.00543,-0.98822,0.15051,0.0221
1582517943.994872,0.02692,0.00574,-0.98816,0.15076,0.0221
1582517944.0011258,0.02679,0.00604,-0.98816,0.15100,0.0221
1582517944.0064619,0.02667,0.00629,-0.98810,0.15125,0.0221
1582517944.01204,0.02655,0.00647,-0.98810,0.15143,0.0221
1582517944.018264,0.02643,0.00671,-0.98804,0.15167,0.0221
1582517944.022752,0.02631,0.00696,-0.98804,0.15192,0.0221
1582517944.028307,0.02618,0.00714,-0.98798,0.15216,0.0221
1582517944.0337331,0.02606,0.00739,-0.98798,0.15234,0.0221
1582517944.0411289,0.02594,0.00781,-0.98792,0.15277,0.0221
1582517944.045897,0.02588,0.00800,-0.98785,0.15295,0.0221
1582517944.051137,0.02576,0.00830,-0.98785,0.15314,0.0221
1582517944.057516,0.02570,0.00848,-0.98779,0.15326,0.0221
1582517944.062688,0.02563,0.00879,-0.98779,0.15344,0.0220
1582517944.069231,0.02557,0.00903,-0.98773,0.15363,0.0221
1582517944.073879,0.02551,0.00928,-0.98773,0.15375,0.0221
1582517944.079625,0.02545,0.00977,-0.98767,0.15405,0.0222
1582517944.084407,0.02539,0.00995,-0.98767,0.15417,0.0222
1582517944.090081,0.02533,0.01025,-0.98767,0.15430,0.0222
1582517944.095747,0.02527,0.01050,-0.98761,0.15436,0.0222
1582517944.101215,0.02521,0.01068,-0.98761,0.15448,0.0222
1582517944.106783,0.02521,0.01086,-0.98761,0.15460,0.0222
1582517944.112336,0.02515,0.01093,-0.98761,0.15466,0.0222
1582517944.117989,0.02509,0.01099,-0.98755,0.15472,0.0222
1582517944.123244,0.02509,0.01093,-0.98755,0.15485,0.0222
1582517944.128812,0.02502,0.01074,-0.98755,0.15491,0.0222
1582517944.1342359,0.02502,0.01019,-0.98755,0.15497,0.0222
1582517944.139605,0.02496,0.00983,-0.98755,0.15497,0.0222
1582517944.1463108,0.02490,0.00940,-0.98755,0.15497,0.0222
1582517944.152225,0.02484,0.00891,-0.98755,0.15497,0.0223
1582517944.156799,0.02472,0.00836,-0.98755,0.15497,0.0223
1582517944.163243,0.02466,0.00787,-0.98755,0.15497,0.0223
1582517944.170827,0.02454,0.00720,-0.98761,0.15497,0.0224
1582517944.173058,0.02441,0.00659,-0.98761,0.15497,0.0224
1582517944.178588,0.02435,0.00586,-0.98761,0.15491,0.0224
1582517944.186013,0.02423,0.00525,-0.98761,0.15491,0.0224
1582517944.189504,0.02399,0.00385,-0.98767,0.15479,0.0224
1582517944.1951191,0.02386,0.00305,-0.98767,0.15472,0.0224
1582517944.2010381,0.02374,0.00238,-0.98767,0.15466,0.0224
1582517944.207372,0.02356,0.00159,-0.98767,0.15460,0.0224
1582517944.212982,0.02344,0.00079,-0.98773,0.15454,0.0224
1582517944.217599,0.02332,0.00000,-0.98773,0.15442,0.0224
1582517944.2245362,0.02313,-0.00085,-0.98773,0.15430,0.0224
1582517944.229685,0.02289,-0.00262,-0.98779,0.15399,0.0224
1582517944.23397,0.02277,-0.00348,-0.98779,0.15387,0.0225
1582517944.2414641,0.02271,-0.00427,-0.98785,0.15369,0.0225
1582517944.245568,0.02258,-0.00507,-0.98785,0.15350,0.0225
1582517944.2517529,0.02252,-0.00580,-0.98792,0.15332,0.0225
1582517944.25714,0.02240,-0.00647,-0.98792,0.15320,0.0225
1582517944.2644281,0.02234,-0.00708,-0.98798,0.15302,0.0225
1582517944.2679482,0.02228,-0.00775,-0.98798,0.15277,0.0225
1582517944.2752588,0.02228,-0.00830,-0.98798,0.15259,0.0226
1582517944.280604,0.02222,-0.00928,-0.98804,0.15222,0.0226
1582517944.285254,0.02222,-0.00970,-0.98810,0.15198,0.0227
1582517944.291622,0.02228,-0.01007,-0.98810,0.15179,0.0227
1582517944.29666,0.02234,-0.01038,-0.98816,0.15155,0.0227
1582517944.302471,0.02234,-0.01068,-0.98816,0.15137,0.0227
1582517944.3074539,0.02240,-0.01093,-0.98822,0.15112,0.0227
1582517944.313635,0.02252,-0.01117,-0.98822,0.15088,0.0227
1582517944.3185291,0.02271,-0.01147,-0.98828,0.15045,0.0228
1582517944.3241332,0.02289,-0.01154,-0.98834,0.15021,0.0228
1582517944.329692,0.02301,-0.01160,-0.98834,0.14996,0.0228
1582517944.334667,0.02319,-0.01160,-0.98840,0.14966,0.0228
1582517944.341032,0.02338,-0.01154,-0.98840,0.14948,0.0228
1582517944.347378,0.02350,-0.01135,-0.98846,0.14923,0.0228
1582517944.35201,0.02368,-0.01117,-0.98846,0.14899,0.0228
1582517944.357579,0.02380,-0.01093,-0.98853,0.14874,0.0228
1582517944.363304,0.02399,-0.01062,-0.98859,0.14850,0.0228
1582517944.368478,0.02411,-0.01025,-0.98859,0.14825,0.0228
1582517944.374635,0.02429,-0.00983,-0.98865,0.14801,0.0228
1582517944.37974,0.02448,-0.00903,-0.98871,0.14752,0.0228
1582517944.3858402,0.02460,-0.00867,-0.98877,0.14728,0.0228
1582517944.392292,0.02466,-0.00818,-0.98877,0.14703,0.0228
1582517944.399803,0.02478,-0.00781,-0.98883,0.14679,0.0228
1582517944.4026098,0.02484,-0.00739,-0.98889,0.14655,0.0229
1582517944.4081311,0.02484,-0.00702,-0.98889,0.14630,0.0229
1582517944.413723,0.02490,-0.00671,-0.98895,0.14600,0.0229
1582517944.4219048,0.02496,-0.00641,-0.98901,0.14557,0.0230
1582517944.424582,0.02502,-0.00635,-0.98907,0.14532,0.0230
1582517944.430183,0.02509,-0.00641,-0.98907,0.14514,0.0230
1582517944.436318,0.02521,-0.00647,-0.98907,0.14496,0.0230
1582517944.441717,0.02539,-0.00659,-0.98907,0.14484,0.0230
1582517944.448792,0.02557,-0.00665,-0.98914,0.14471,0.0230
1582517944.4528341,0.02582,-0.00671,-0.98914,0.14465,0.0231
1582517944.458465,0.02612,-0.00671,-0.98914,0.14453,0.0231
1582517944.464023,0.02637,-0.00671,-0.98914,0.14447,0.0231
1582517944.468949,0.02673,-0.00659,-0.98914,0.14441,0.0231
1582517944.4741068,0.02753,-0.00616,-0.98914,0.14435,0.0231
1582517944.479866,0.02795,-0.00586,-0.98914,0.14429,0.0231
1582517944.485793,0.02838,-0.00543,-0.98914,0.14423,0.0232
1582517944.491982,0.02881,-0.00494,-0.98914,0.14417,0.0232
1582517944.4967308,0.02924,-0.00452,-0.98914,0.14410,0.0232
1582517944.502338,0.02960,-0.00397,-0.98914,0.14404,0.0233
1582517944.507682,0.03003,-0.00342,-0.98914,0.14392,0.0233
1582517944.513537,0.03033,-0.00299,-0.98914,0.14386,0.0233
1582517944.519097,0.03094,-0.00232,-0.98914,0.14368,0.0233
1582517944.5248,0.03125,-0.00214,-0.98914,0.14355,0.0233
1582517944.530731,0.03143,-0.00208,-0.98914,0.14343,0.0234
1582517944.5363321,0.03168,-0.00214,-0.98914,0.14337,0.0234
1582517944.542457,0.03186,-0.00226,-0.98920,0.14325,0.0234
1582517944.547543,0.03204,-0.00244,-0.98920,0.14313,0.0234
1582517944.552642,0.03217,-0.00269,-0.98920,0.14307,0.0235
1582517944.55826,0.03229,-0.00293,-0.98920,0.14294,0.0235
1582517944.5638971,0.03229,-0.00323,-0.98920,0.14288,0.0235
1582517944.5691369,0.03235,-0.00378,-0.98920,0.14276,0.0235
1582517944.575344,0.03235,-0.00397,-0.98920,0.14270,0.0235
1582517944.580147,0.03229,-0.00415,-0.98926,0.14270,0.0235
1582517944.5857291,0.03229,-0.00433,-0.98926,0.14270,0.0236
1582517944.592124,0.03223,-0.00439,-0.98926,0.14270,0.0236
1582517944.5975091,0.03217,-0.00439,-0.98926,0.14270,0.0236
1582517944.6055412,0.03210,-0.00427,-0.98920,0.14276,0.0236
1582517944.608145,0.03204,-0.00403,-0.98920,0.14282,0.0236
1582517944.613711,0.03198,-0.00378,-0.98920,0.14288,0.0236
1582517944.619404,0.03186,-0.00311,-0.98920,0.14307,0.0237
1582517944.6279008,0.03180,-0.00262,-0.98920,0.14319,0.0237
1582517944.632266,0.03174,-0.00214,-0.98914,0.14337,0.0237
1582517944.63754,0.03168,-0.00165,-0.98914,0.14349,0.0238
1582517944.6433458,0.03168,-0.00128,-0.98914,0.14368,0.0238
1582517944.647983,0.03162,-0.00085,-0.98907,0.14386,0.0238
1582517944.65387,0.03162,-0.00043,-0.98907,0.14404,0.0238
1582517944.6593978,0.03168,0.00012,-0.98901,0.14447,0.0238
1582517944.6652339,0.03168,0.00037,-0.98895,0.14471,0.0238
1582517944.6705458,0.03174,0.00049,-0.98895,0.14490,0.0239
1582517944.6760461,0.03174,0.00055,-0.98889,0.14520,0.0239
1582517944.681368,0.03174,0.00061,-0.98889,0.14539,0.0239
1582517944.6895502,0.03174,0.00055,-0.98883,0.14563,0.0239
1582517944.6923032,0.03180,0.00049,-0.98877,0.14594,0.0239
1582517944.697851,0.03180,0.00043,-0.98877,0.14618,0.0239
1582517944.704392,0.03180,0.00031,-0.98871,0.14642,0.0240
1582517944.7085912,0.03180,0.00018,-0.98865,0.14667,0.0240
1582517944.7140942,0.03180,-0.00018,-0.98859,0.14716,0.0240
1582517944.719388,0.03174,-0.00037,-0.98859,0.14734,0.0241
1582517944.727576,0.03174,-0.00055,-0.98853,0.14758,0.0241
1582517944.731013,0.03168,-0.00073,-0.98853,0.14777,0.0241
1582517944.736795,0.03168,-0.00085,-0.98846,0.14795,0.0241
1582517944.742228,0.03162,-0.00104,-0.98846,0.14807,0.0241
1582517944.750219,0.03156,-0.00122,-0.98846,0.14825,0.0241
1582517944.753281,0.03149,-0.00134,-0.98840,0.14838,0.0241
1582517944.758682,0.03149,-0.00146,-0.98840,0.14850,0.0242
1582517944.764197,0.03137,-0.00165,-0.98840,0.14868,0.0242
1582517944.770398,0.03131,-0.00171,-0.98840,0.14874,0.0242
1582517944.7755651,0.03125,-0.00183,-0.98834,0.14886,0.0242
1582517944.7823098,0.03125,-0.00189,-0.98834,0.14893,0.0242
1582517944.787446,0.03119,-0.00201,-0.98834,0.14905,0.0242
1582517944.792166,0.03119,-0.00208,-0.98834,0.14917,0.0243
1582517944.79845,0.03113,-0.00220,-0.98828,0.14929,0.0243
1582517944.803359,0.03113,-0.00232,-0.98828,0.14935,0.0243
1582517944.808722,0.03107,-0.00250,-0.98828,0.14948,0.0243
1582517944.815704,0.03101,-0.00293,-0.98822,0.14972,0.0244
1582517944.8204968,0.03094,-0.00317,-0.98822,0.14990,0.0244
1582517944.8259258,0.03088,-0.00348,-0.98816,0.15009,0.0244
1582517944.83149,0.03088,-0.00372,-0.98816,0.15021,0.0244
1582517944.8371232,0.03082,-0.00409,-0.98816,0.15039,0.0244
1582517944.842371,0.03076,-0.00439,-0.98810,0.15057,0.0244
1582517944.847935,0.03076,-0.00476,-0.98810,0.15076,0.0245
1582517944.8530219,0.03070,-0.00513,-0.98804,0.15094,0.0245
1582517944.858827,0.03070,-0.00549,-0.98804,0.15112,0.0245
1582517944.864608,0.03064,-0.00623,-0.98798,0.15149,0.0246
1582517944.8704472,0.03058,-0.00653,-0.98792,0.15167,0.0246
1582517944.878298,0.03052,-0.00690,-0.98792,0.15192,0.0246
1582517944.881772,0.03052,-0.00720,-0.98785,0.15210,0.0246
1582517944.887157,0.03046,-0.00751,-0.98785,0.15228,0.0246
1582517944.892619,0.03046,-0.00781,-0.98779,0.15247,0.0246
1582517944.8979478,0.03040,-0.00818,-0.98779,0.15265,0.0247
1582517944.9037728,0.03040,-0.00848,-0.98773,0.15283,0.0247
1582517944.9091148,0.03040,-0.00922,-0.98767,0.15326,0.0247
1582517944.9153779,0.03046,-0.00958,-0.98767,0.15338,0.0247
1582517944.924469,0.03046,-0.00995,-0.98761,0.15356,0.0247
1582517944.9282901,0.03052,-0.01038,-0.98761,0.15369,0.0247
1582517944.932437,0.03058,-0.01074,-0.98755,0.15381,0.0248
1582517944.938155,0.03070,-0.01123,-0.98755,0.15393,0.0248
1582517944.94364,0.03076,-0.01172,-0.98755,0.15399,0.0248
1582517944.948628,0.03088,-0.01227,-0.98749,0.15411,0.0248
1582517944.954943,0.03107,-0.01343,-0.98749,0.15424,0.0249
1582517944.960008,0.03113,-0.01398,-0.98743,0.15424,0.0249
1582517944.965724,0.03125,-0.01465,-0.98743,0.15430,0.0249
1582517944.971585,0.03137,-0.01532,-0.98743,0.15436,0.0249
1582517944.976644,0.03137,-0.01575,-0.98737,0.15436,0.0249
1582517944.982327,0.03143,-0.01617,-0.98737,0.15442,0.0249
1582517944.987676,0.03143,-0.01660,-0.98737,0.15442,0.0250
1582517944.9933162,0.03137,-0.01685,-0.98737,0.15448,0.0250
1582517944.999124,0.03113,-0.01715,-0.98737,0.15460,0.0250
1582517945.004847,0.03101,-0.01721,-0.98730,0.15466,0.0250
1582517945.0111418,0.03076,-0.01715,-0.98730,0.15472,0.0250
1582517945.01842,0.03058,-0.01709,-0.98730,0.15485,0.0250
1582517945.0230389,0.03033,-0.01685,-0.98730,0.15497,0.0251
1582517945.026842,0.03009,-0.01660,-0.98730,0.15503,0.0251
1582517945.032191,0.02985,-0.01624,-0.98730,0.15515,0.0251
1582517945.03806,0.02960,-0.01587,-0.98730,0.15533,0.0252
1582517945.043317,0.02936,-0.01544,-0.98730,0.15540,0.0252
1582517945.0491788,0.02893,-0.01453,-0.98730,0.15564,0.0252
1582517945.054005,0.02875,-0.01404,-0.98730,0.15570,0.0252
1582517945.060409,0.02856,-0.01367,-0.98730,0.15576,0.0252
1582517945.066437,0.02844,-0.01331,-0.98730,0.15582,0.0252
1582517945.071297,0.02832,-0.01300,-0.98730,0.15588,0.0253
1582517945.0772438,0.02832,-0.01282,-0.98730,0.15588,0.0253
1582517945.082535,0.02832,-0.01263,-0.98730,0.15588,0.0253
1582517945.0883589,0.02838,-0.01251,-0.98730,0.15588,0.0253
1582517945.0936089,0.02856,-0.01227,-0.98730,0.15582,0.0253
1582517945.1003158,0.02863,-0.01215,-0.98730,0.15576,0.0253
1582517945.105779,0.02869,-0.01202,-0.98730,0.15570,0.0253
1582517945.111412,0.02869,-0.01196,-0.98730,0.15564,0.0254
1582517945.116998,0.02863,-0.01190,-0.98737,0.15558,0.0254
1582517945.122189,0.02856,-0.01190,-0.98737,0.15552,0.0254
1582517945.1276002,0.02838,-0.01196,-0.98737,0.15546,0.0254
1582517945.134016,0.02826,-0.01215,-0.98737,0.15546,0.0255
1582517945.139832,0.02795,-0.01276,-0.98737,0.15546,0.0255
1582517945.1444328,0.02777,-0.01312,-0.98737,0.15552,0.0255
1582517945.1504672,0.02765,-0.01349,-0.98737,0.15558,0.0255
1582517945.156565,0.02759,-0.01385,-0.98730,0.15564,0.0255
1582517945.1618402,0.02759,-0.01416,-0.98730,0.15570,0.0255
1582517945.168993,0.02759,-0.01447,-0.98730,0.15576,0.0256
1582517945.1725209,0.02765,-0.01471,-0.98730,0.15588,0.0256
1582517945.178137,0.02771,-0.01489,-0.98724,0.15594,0.0256
1582517945.183935,0.02789,-0.01526,-0.98724,0.15607,0.0257
1582517945.189387,0.02795,-0.01544,-0.98724,0.15613,0.0257
1582517945.195621,0.02802,-0.01556,-0.98718,0.15619,0.0257
1582517945.200981,0.02808,-0.01569,-0.98718,0.15625,0.0257
1582517945.207008,0.02808,-0.01575,-0.98718,0.15631,0.0257
1582517945.212254,0.02808,-0.01581,-0.98718,0.15637,0.0257
1582517945.217709,0.02802,-0.01575,-0.98718,0.15643,0.0257
1582517945.223453,0.02795,-0.01563,-0.98718,0.15649,0.0258
1582517945.228411,0.02783,-0.01538,-0.98718,0.15656,0.0258
1582517945.233692,0.02759,-0.01477,-0.98712,0.15674,0.0258
1582517945.239881,0.02740,-0.01447,-0.98712,0.15674,0.0258
1582517945.24557,0.02716,-0.01404,-0.98718,0.15680,0.0258
1582517945.251554,0.02698,-0.01355,-0.98718,0.15686,0.0258
1582517945.257128,0.02673,-0.01318,-0.98718,0.15686,0.0259
1582517945.262422,0.02649,-0.01270,-0.98718,0.15692,0.0259
1582517945.268356,0.02625,-0.01227,-0.98718,0.15692,0.0259
1582517945.2728431,0.02600,-0.01184,-0.98718,0.15698,0.0259
1582517945.2793012,0.02576,-0.01141,-0.98718,0.15698,0.0260
1582517945.285516,0.02533,-0.01074,-0.98718,0.15704,0.0260
1582517945.29006,0.02509,-0.01044,-0.98718,0.15710,0.0260
1582517945.296011,0.02490,-0.01019,-0.98718,0.15717,0.0260
1582517945.3014789,0.02472,-0.01001,-0.98718,0.15723,0.0260
1582517945.307318,0.02460,-0.00983,-0.98718,0.15729,0.0260
1582517945.314336,0.02441,-0.00970,-0.98718,0.15735,0.0261
1582517945.3174028,0.02423,-0.00964,-0.98718,0.15741,0.0261
1582517945.3234181,0.02411,-0.00958,-0.98718,0.15747,0.0261
1582517945.328589,0.02374,-0.00964,-0.98718,0.15765,0.0261
1582517945.334613,0.02356,-0.00970,-0.98712,0.15778,0.0261
1582517945.339814,0.02344,-0.00977,-0.98712,0.15790,0.0261
1582517945.346267,0.02325,-0.00989,-0.98712,0.15802,0.0261
1582517945.35114,0.02307,-0.00995,-0.98712,0.15808,0.0262
1582517945.357381,0.02289,-0.01007,-0.98706,0.15820,0.0262
1582517945.362242,0.02271,-0.01013,-0.98706,0.15833,0.0262
1582517945.367639,0.02252,-0.01025,-0.98706,0.15839,0.0262
1582517945.373197,0.02240,-0.01031,-0.98706,0.15851,0.0263
1582517945.3786829,0.02222,-0.01031,-0.98706,0.15857,0.0263
1582517945.385098,0.02191,-0.01038,-0.98700,0.15875,0.0263
1582517945.390259,0.02179,-0.01038,-0.98700,0.15881,0.0263
1582517945.396132,0.02167,-0.01038,-0.98700,0.15887,0.0263
1582517945.401664,0.02155,-0.01038,-0.98700,0.15894,0.0263
1582517945.406948,0.02148,-0.01038,-0.98700,0.15900,0.0264
1582517945.414368,0.02136,-0.01044,-0.98700,0.15900,0.0264
1582517945.4193249,0.02130,-0.01050,-0.98700,0.15906,0.0264
1582517945.424533,0.02124,-0.01056,-0.98700,0.15912,0.0264
1582517945.430295,0.02118,-0.01093,-0.98694,0.15924,0.0264
1582517945.437304,0.02118,-0.01117,-0.98694,0.15930,0.0264
1582517945.4405289,0.02118,-0.01141,-0.98694,0.15936,0.0264
1582517945.4463181,0.02118,-0.01166,-0.98694,0.15936,0.0265
1582517945.451196,0.02118,-0.01196,-0.98694,0.15942,0.0265
1582517945.4574442,0.02118,-0.01227,-0.98688,0.15942,0.0265
1582517945.462013,0.02118,-0.01257,-0.98688,0.15942,0.0265
1582517945.467416,0.02124,-0.01294,-0.98688,0.15942,0.0266
1582517945.473112,0.02124,-0.01318,-0.98688,0.15942,0.0266
1582517945.479129,0.02124,-0.01373,-0.98694,0.15924,0.0266
1582517945.484263,0.02124,-0.01398,-0.98694,0.15912,0.0266
1582517945.490134,0.02124,-0.01422,-0.98694,0.15900,0.0266
1582517945.4959831,0.02124,-0.01447,-0.98700,0.15881,0.0266
1582517945.501566,0.02130,-0.01471,-0.98700,0.15863,0.0267
1582517945.507426,0.02130,-0.01495,-0.98706,0.15839,0.0267
1582517945.51262,0.02142,-0.01520,-0.98706,0.15814,0.0267
1582517945.517903,0.02148,-0.01544,-0.98712,0.15796,0.0267
1582517945.5237272,0.02161,-0.01575,-0.98712,0.15771,0.0267
1582517945.530329,0.02185,-0.01636,-0.98718,0.15723,0.0267
1582517945.535386,0.02197,-0.01666,-0.98718,0.15704,0.0267
1582517945.540799,0.02216,-0.01709,-0.98724,0.15680,0.0268
1582517945.546605,0.02234,-0.01740,-0.98724,0.15662,0.0268
1582517945.552748,0.02252,-0.01776,-0.98730,0.15643,0.0268
1582517945.55724,0.02271,-0.01807,-0.98730,0.15625,0.0268
1582517945.564121,0.02289,-0.01831,-0.98730,0.15607,0.0269
1582517945.5690172,0.02325,-0.01874,-0.98737,0.15570,0.0269
1582517945.573848,0.02344,-0.01892,-0.98737,0.15552,0.0269
1582517945.58042,0.02362,-0.01898,-0.98737,0.15533,0.0269
1582517945.5857239,0.02374,-0.01904,-0.98743,0.15515,0.0269
1582517945.5922759,0.02393,-0.01904,-0.98743,0.15497,0.0269
1582517945.5982609,0.02411,-0.01904,-0.98749,0.15479,0.0269
1582517945.6026938,0.02429,-0.01892,-0.98749,0.15454,0.0270
1582517945.6085079,0.02448,-0.01874,-0.98755,0.15430,0.0270
1582517945.613562,0.02484,-0.01819,-0.98761,0.15381,0.0270
1582517945.621025,0.02502,-0.01788,-0.98767,0.15350,0.0271
1582517945.625889,0.02515,-0.01758,-0.98773,0.15326,0.0271
1582517945.631525,0.02533,-0.01721,-0.98773,0.15295,0.0271
1582517945.63887,0.02545,-0.01697,-0.98779,0.15265,0.0271
1582517945.642356,0.02563,-0.01672,-0.98785,0.15234,0.0271
1582517945.6473322,0.02582,-0.01654,-0.98792,0.15204,0.0271
1582517945.653038,0.02606,-0.01648,-0.98792,0.15179,0.0271
1582517945.658419,0.02661,-0.01642,-0.98798,0.15137,0.0272
1582517945.66412,0.02698,-0.01642,-0.98798,0.15118,0.0272
1582517945.670012,0.02734,-0.01654,-0.98804,0.15100,0.0272
1582517945.675754,0.02771,-0.01666,-0.98804,0.15094,0.0272
1582517945.682521,0.02808,-0.01672,-0.98804,0.15088,0.0272
1582517945.689842,0.02844,-0.01691,-0.98798,0.15088,0.0272
1582517945.692158,0.02887,-0.01703,-0.98798,0.15088,0.0272
1582517945.698155,0.02917,-0.01721,-0.98798,0.15088,0.0273
1582517945.703309,0.02966,-0.01764,-0.98792,0.15100,0.0273
1582517945.7088032,0.02985,-0.01788,-0.98792,0.15106,0.0273
1582517945.714685,0.02997,-0.01819,-0.98792,0.15112,0.0274
1582517945.7225542,0.03003,-0.01862,-0.98785,0.15118,0.0274
1582517945.727478,0.03009,-0.01904,-0.98785,0.15125,0.0274
1582517945.731564,0.03015,-0.01947,-0.98785,0.15125,0.0274
1582517945.73708,0.03015,-0.01996,-0.98785,0.15125,0.0274
1582517945.743259,0.03015,-0.02032,-0.98785,0.15118,0.0274
1582517945.7480938,0.03015,-0.02075,-0.98785,0.15118,0.0274
1582517945.75379,0.03003,-0.02130,-0.98785,0.15106,0.0275
1582517945.759825,0.02997,-0.02148,-0.98785,0.15106,0.0275
1582517945.765505,0.02991,-0.02173,-0.98785,0.15100,0.0275
1582517945.771584,0.02985,-0.02197,-0.98785,0.15094,0.0275
1582517945.777256,0.02972,-0.02216,-0.98785,0.15094,0.0275
1582517945.782326,0.02966,-0.02240,-0.98785,0.15094,0.0275
1582517945.789742,0.02954,-0.02258,-0.98785,0.15094,0.0275
1582517945.793535,0.02936,-0.02283,-0.98785,0.15094,0.0276
1582517945.79901,0.02930,-0.02289,-0.98785,0.15100,0.0276
1582517945.8047202,0.02924,-0.02277,-0.98785,0.15100,0.0276
1582517945.810841,0.02917,-0.02258,-0.98785,0.15112,0.0276
1582517945.8173811,0.02911,-0.02234,-0.98785,0.15118,0.0277
1582517945.825212,0.02911,-0.02197,-0.98779,0.15131,0.0277
1582517945.82709,0.02911,-0.02148,-0.98779,0.15143,0.0277
1582517945.833196,0.02911,-0.02100,-0.98779,0.15155,0.0277
1582517945.8382342,0.02911,-0.01996,-0.98779,0.15179,0.0277
1582517945.843603,0.02911,-0.01929,-0.98779,0.15192,0.0277
1582517945.849795,0.02917,-0.01868,-0.98773,0.15210,0.0278
1582517945.85569,0.02924,-0.01807,-0.98773,0.15228,0.0278
1582517945.8621461,0.02930,-0.01752,-0.98773,0.15240,0.0278
1582517945.8672981,0.02942,-0.01697,-0.98773,0.15259,0.0278
1582517945.871943,0.02960,-0.01636,-0.98767,0.15277,0.0278
1582517945.877919,0.02972,-0.01581,-0.98767,0.15302,0.0278
1582517945.8827252,0.02997,-0.01526,-0.98761,0.15320,0.0278
1582517945.88857,0.03021,-0.01477,-0.98761,0.15344,0.0278
1582517945.893985,0.03070,-0.01404,-0.98749,0.15393,0.0279
1582517945.899662,0.03101,-0.01367,-0.98749,0.15417,0.0279
1582517945.905039,0.03131,-0.01337,-0.98743,0.15442,0.0279
1582517945.91112,0.03156,-0.01312,-0.98737,0.15466,0.0280
1582517945.9163258,0.03186,-0.01288,-0.98730,0.15491,0.0280
1582517945.922862,0.03223,-0.01270,-0.98730,0.15515,0.0280
1582517945.928083,0.03253,-0.01251,-0.98724,0.15540,0.0280
1582517945.934402,0.03284,-0.01233,-0.98718,0.15558,0.0280
1582517945.938117,0.03314,-0.01215,-0.98712,0.15582,0.0280
1582517945.943386,0.03363,-0.01172,-0.98706,0.15619,0.0280
1582517945.9503,0.03394,-0.01154,-0.98706,0.15637,0.0281
1582517945.954278,0.03412,-0.01135,-0.98700,0.15649,0.0281
1582517945.96063,0.03436,-0.01111,-0.98700,0.15662,0.0281
1582517945.969517,0.03455,-0.01093,-0.98700,0.15674,0.0281
1582517945.9716392,0.03479,-0.01068,-0.98694,0.15680,0.0282
1582517945.977257,0.03491,-0.01056,-0.98694,0.15686,0.0282
1582517945.982492,0.03516,-0.01044,-0.98694,0.15686,0.0282
1582517945.987871,0.03528,-0.01031,-0.98694,0.15692,0.0282
1582517945.9945621,0.03540,-0.01025,-0.98694,0.15692,0.0282
1582517945.998537,0.03564,-0.01025,-0.98694,0.15686,0.0282
1582517946.0038242,0.03577,-0.01031,-0.98694,0.15680,0.0282
1582517946.011144,0.03589,-0.01038,-0.98694,0.15674,0.0283
1582517946.015779,0.03595,-0.01050,-0.98694,0.15668,0.0283
1582517946.021216,0.03607,-0.01068,-0.98694,0.15662,0.0283
1582517946.027483,0.03613,-0.01080,-0.98694,0.15656,0.0283
1582517946.0349472,0.03619,-0.01105,-0.98694,0.15649,0.0283
1582517946.037666,0.03625,-0.01123,-0.98694,0.15643,0.0283
1582517946.043533,0.03625,-0.01141,-0.98700,0.15631,0.0283
1582517946.049196,0.03632,-0.01178,-0.98700,0.15613,0.0284
1582517946.0557718,0.03625,-0.01196,-0.98700,0.15607,0.0284
1582517946.0607271,0.03625,-0.01215,-0.98700,0.15601,0.0284
1582517946.0665421,0.03619,-0.01233,-0.98700,0.15594,0.0284
1582517946.071918,0.03607,-0.01251,-0.98706,0.15588,0.0284
1582517946.0772412,0.03601,-0.01270,-0.98706,0.15582,0.0285
1582517946.082937,0.03589,-0.01282,-0.98706,0.15582,0.0285
1582517946.088459,0.03558,-0.01318,-0.98706,0.15582,0.0285
1582517946.093652,0.03546,-0.01337,-0.98706,0.15588,0.0285
1582517946.0994718,0.03528,-0.01361,-0.98706,0.15594,0.0285
1582517946.104991,0.03516,-0.01392,-0.98706,0.15601,0.0285
1582517946.1119108,0.03497,-0.01428,-0.98700,0.15607,0.0285
1582517946.118356,0.03485,-0.01459,-0.98700,0.15613,0.0286
1582517946.121681,0.03473,-0.01501,-0.98700,0.15619,0.0286
1582517946.128067,0.03455,-0.01550,-0.98700,0.15625,0.0286
1582517946.134049,0.03442,-0.01599,-0.98700,0.15631,0.0286
1582517946.139209,0.03424,-0.01654,-0.98694,0.15643,0.0286
1582517946.144007,0.03400,-0.01764,-0.98694,0.15656,0.0286
1582517946.148814,0.03381,-0.01831,-0.98694,0.15656,0.0286
1582517946.1555572,0.03369,-0.01892,-0.98688,0.15662,0.0287
1582517946.160701,0.03357,-0.01941,-0.98688,0.15662,0.0287
1582517946.166362,0.03339,-0.01996,-0.98688,0.15668,0.0287
1582517946.172104,0.03320,-0.02039,-0.98688,0.15668,0.0287
1582517946.176901,0.03302,-0.02081,-0.98688,0.15668,0.0288
1582517946.182698,0.03278,-0.02106,-0.98688,0.15668,0.0288
1582517946.187893,0.03235,-0.02155,-0.98688,0.15674,0.0288
1582517946.193185,0.03210,-0.02161,-0.98688,0.15680,0.0288
1582517946.19882,0.03186,-0.02167,-0.98688,0.15680,0.0288
1582517946.20448,0.03156,-0.02161,-0.98688,0.15686,0.0288
1582517946.2103,0.03131,-0.02148,-0.98688,0.15692,0.0288
1582517946.2164109,0.03101,-0.02130,-0.98688,0.15698,0.0289
1582517946.221426,0.03076,-0.02106,-0.98688,0.15704,0.0289
1582517946.227563,0.03052,-0.02075,-0.98688,0.15717,0.0289
1582517946.2317991,0.03021,-0.02051,-0.98688,0.15729,0.0289
1582517946.237061,0.03003,-0.02026,-0.98688,0.15735,0.0289
1582517946.2426329,0.02985,-0.02002,-0.98688,0.15747,0.0289
1582517946.248512,0.02972,-0.01984,-0.98688,0.15759,0.0289
1582517946.2534752,0.02979,-0.01965,-0.98682,0.15778,0.0290
1582517946.259386,0.02991,-0.01959,-0.98682,0.15784,0.0290
1582517946.2648692,0.03015,-0.01953,-0.98682,0.15790,0.0290
1582517946.270423,0.03040,-0.01941,-0.98682,0.15796,0.0290
1582517946.276115,0.03058,-0.01929,-0.98682,0.15796,0.0290
1582517946.281246,0.03076,-0.01910,-0.98682,0.15790,0.0291
1582517946.286734,0.03088,-0.01892,-0.98682,0.15790,0.0291
1582517946.294296,0.03088,-0.01874,-0.98682,0.15790,0.0291
1582517946.297934,0.03088,-0.01874,-0.98682,0.15790,0.0291
1582517946.3031108,0.03070,-0.01898,-0.98682,0.15790,0.0291
1582517946.308981,0.03052,-0.01941,-0.98676,0.15796,0.0291
1582517946.314187,0.03040,-0.01984,-0.98676,0.15802,0.0291
1582517946.319533,0.03021,-0.02039,-0.98676,0.15814,0.0292
1582517946.325247,0.03003,-0.02100,-0.98669,0.15826,0.0292
1582517946.330931,0.02985,-0.02155,-0.98669,0.15833,0.0292
1582517946.336201,0.02966,-0.02203,-0.98669,0.15845,0.0292
1582517946.341644,0.02948,-0.02246,-0.98663,0.15857,0.0293
1582517946.347905,0.02930,-0.02289,-0.98663,0.15875,0.0293
1582517946.3542762,0.02911,-0.02319,-0.98657,0.15894,0.0293
1582517946.359759,0.02869,-0.02362,-0.98651,0.15930,0.0293
1582517946.3638651,0.02844,-0.02386,-0.98651,0.15955,0.0293
1582517946.370028,0.02820,-0.02399,-0.98645,0.15973,0.0293
1582517946.375633,0.02789,-0.02399,-0.98645,0.15997,0.0293
1582517946.381759,0.02765,-0.02399,-0.98639,0.16022,0.0294
1582517946.38732,0.02740,-0.02393,-0.98639,0.16052,0.0294
1582517946.391832,0.02704,-0.02374,-0.98633,0.16083,0.0294
1582517946.397609,0.02679,-0.02344,-0.98627,0.16113,0.0294
1582517946.404373,0.02612,-0.02264,-0.98621,0.16180,0.0294
1582517946.409088,0.02576,-0.02209,-0.98615,0.16217,0.0294
1582517946.415479,0.02545,-0.02161,-0.98615,0.16254,0.0294
1582517946.420853,0.02509,-0.02100,-0.98608,0.16296,0.0294
1582517946.4261591,0.02478,-0.02039,-0.98602,0.16339,0.0295
1582517946.431672,0.02441,-0.01971,-0.98602,0.16382,0.0295
1582517946.436741,0.02405,-0.01898,-0.98596,0.16425,0.0295
1582517946.442284,0.02380,-0.01837,-0.98590,0.16467,0.0295
1582517946.448299,0.02350,-0.01764,-0.98584,0.16516,0.0296
1582517946.453221,0.02295,-0.01630,-0.98572,0.16608,0.0296
1582517946.459145,0.02277,-0.01569,-0.98566,0.16650,0.0296
1582517946.464884,0.02258,-0.01501,-0.98560,0.16699,0.0296
1582517946.4707232,0.02240,-0.01440,-0.98553,0.16748,0.0296
1582517946.4767082,0.02228,-0.01385,-0.98547,0.16785,0.0296
1582517946.481642,0.02216,-0.01331,-0.98541,0.16827,0.0296
1582517946.487042,0.02209,-0.01282,-0.98535,0.16870,0.0297
1582517946.4926589,0.02203,-0.01227,-0.98529,0.16907,0.0297
1582517946.499039,0.02197,-0.01178,-0.98523,0.16943,0.0297
1582517946.5043268,0.02185,-0.01093,-0.98517,0.16998,0.0297
1582517946.509551,0.02185,-0.01044,-0.98511,0.17023,0.0297
1582517946.51533,0.02179,-0.01001,-0.98505,0.17047,0.0297
1582517946.520837,0.02179,-0.00958,-0.98505,0.17059,0.0297
1582517946.5275478,0.02173,-0.00916,-0.98505,0.17072,0.0298
1582517946.531641,0.02167,-0.00879,-0.98505,0.17084,0.0298
1582517946.53705,0.02167,-0.00842,-0.98499,0.17090,0.0298
1582517946.542675,0.02161,-0.00806,-0.98499,0.17096,0.0298
1582517946.5485692,0.02155,-0.00745,-0.98505,0.17096,0.0299
1582517946.554083,0.02155,-0.00720,-0.98505,0.17090,0.0299
1582517946.560063,0.02155,-0.00702,-0.98505,0.17084,0.0299
1582517946.566025,0.02155,-0.00684,-0.98505,0.17078,0.0299
1582517946.571048,0.02155,-0.00671,-0.98505,0.17072,0.0299
1582517946.577009,0.02161,-0.00659,-0.98511,0.17059,0.0299
1582517946.583622,0.02167,-0.00653,-0.98511,0.17047,0.0299
1582517946.587772,0.02173,-0.00653,-0.98511,0.17035,0.0299
1582517946.5932648,0.02191,-0.00659,-0.98517,0.17004,0.0300
1582517946.598529,0.02203,-0.00665,-0.98517,0.16986,0.0300
1582517946.6041741,0.02216,-0.00677,-0.98523,0.16968,0.0300
1582517946.61006,0.02228,-0.00690,-0.98523,0.16956,0.0300
1582517946.6162,0.02246,-0.00702,-0.98529,0.16937,0.0300
1582517946.6211462,0.02258,-0.00714,-0.98529,0.16919,0.0300
1582517946.627409,0.02283,-0.00726,-0.98529,0.16907,0.0300
1582517946.6318731,0.02295,-0.00739,-0.98535,0.16888,0.0300
1582517946.63844,0.02319,-0.00745,-0.98535,0.16864,0.0301
1582517946.643614,0.02356,-0.00751,-0.98541,0.16827,0.0301
1582517946.648874,0.02374,-0.00757,-0.98547,0.16803,0.0301
1582517946.65447,0.02393,-0.00757,-0.98547,0.16785,0.0302
1582517946.6593091,0.02411,-0.00763,-0.98553,0.16760,0.0302
1582517946.665226,0.02429,-0.00775,-0.98553,0.16736,0.0302
1582517946.6708689,0.02460,-0.00793,-0.98560,0.16711,0.0302
1582517946.676285,0.02484,-0.00806,-0.98566,0.16693,0.0302
1582517946.6818078,0.02515,-0.00836,-0.98566,0.16669,0.0302
1582517946.687005,0.02545,-0.00867,-0.98566,0.16644,0.0302
1582517946.693197,0.02582,-0.00916,-0.98572,0.16626,0.0302
1582517946.698039,0.02649,-0.01013,-0.98572,0.16602,0.0303
1582517946.703525,0.02686,-0.01080,-0.98572,0.16595,0.0303
1582517946.709128,0.02722,-0.01147,-0.98572,0.16589,0.0303
1582517946.715298,0.02753,-0.01215,-0.98566,0.16589,0.0304
1582517946.720709,0.02783,-0.01270,-0.98566,0.16595,0.0304
1582517946.72642,0.02820,-0.01331,-0.98566,0.16602,0.0304
1582517946.7314508,0.02850,-0.01385,-0.98560,0.16614,0.0304
1582517946.737194,0.02881,-0.01422,-0.98553,0.16632,0.0304
1582517946.742038,0.02911,-0.01447,-0.98553,0.16644,0.0304
1582517946.747987,0.02942,-0.01459,-0.98547,0.16663,0.0304
1582517946.753052,0.02997,-0.01447,-0.98541,0.16687,0.0304
1582517946.759775,0.03021,-0.01422,-0.98541,0.16699,0.0305
1582517946.764582,0.03052,-0.01392,-0.98535,0.16705,0.0305
1582517946.770047,0.03082,-0.01349,-0.98535,0.16711,0.0305
1582517946.776105,0.03107,-0.01300,-0.98535,0.16705,0.0305
1582517946.7814279,0.03131,-0.01239,-0.98535,0.16699,0.0305
1582517946.78664,0.03149,-0.01166,-0.98541,0.16693,0.0305
1582517946.792219,0.03174,-0.01105,-0.98541,0.16687,0.0305
1582517946.797184,0.03186,-0.01031,-0.98541,0.16675,0.0305
1582517946.803055,0.03204,-0.00977,-0.98547,0.16663,0.0306
1582517946.808565,0.03235,-0.00891,-0.98547,0.16638,0.0306
1582517946.81434,0.03247,-0.00867,-0.98553,0.16626,0.0306
1582517946.8197582,0.03265,-0.00861,-0.98553,0.16614,0.0306
1582517946.825949,0.03290,-0.00861,-0.98553,0.16608,0.0307
1582517946.8310778,0.03314,-0.00873,-0.98553,0.16602,0.0307
1582517946.836725,0.03345,-0.00897,-0.98553,0.16602,0.0307
1582517946.843423,0.03375,-0.00922,-0.98553,0.16595,0.0307
1582517946.847966,0.03455,-0.00989,-0.98547,0.16595,0.0307
1582517946.8531892,0.03497,-0.01019,-0.98547,0.16595,0.0307
1582517946.858506,0.03534,-0.01050,-0.98541,0.16595,0.0307
1582517946.866281,0.03577,-0.01086,-0.98541,0.16602,0.0307
1582517946.869225,0.03601,-0.01111,-0.98541,0.16602,0.0308
1582517946.8754492,0.03625,-0.01141,-0.98541,0.16602,0.0308
1582517946.882336,0.03644,-0.01172,-0.98535,0.16602,0.0308
1582517946.886313,0.03656,-0.01215,-0.98535,0.16602,0.0308
1582517946.891287,0.03668,-0.01263,-0.98535,0.16602,0.0308
1582517946.896669,0.03674,-0.01318,-0.98535,0.16595,0.0308
1582517946.9020648,0.03680,-0.01379,-0.98535,0.16589,0.0308
1582517946.910346,0.03680,-0.01440,-0.98535,0.16577,0.0308
1582517946.913354,0.03687,-0.01556,-0.98541,0.16547,0.0309
1582517946.9193118,0.03687,-0.01599,-0.98541,0.16528,0.0309
1582517946.924394,0.03687,-0.01642,-0.98547,0.16504,0.0309
1582517946.930341,0.03687,-0.01672,-0.98547,0.16486,0.0310
1582517946.93568,0.03680,-0.01697,-0.98553,0.16461,0.0310
1582517946.942444,0.03680,-0.01715,-0.98553,0.16437,0.0310
1582517946.947361,0.03674,-0.01733,-0.98560,0.16406,0.0310
1582517946.952181,0.03668,-0.01752,-0.98566,0.16382,0.0310
1582517946.958555,0.03662,-0.01758,-0.98572,0.16351,0.0310
1582517946.964011,0.03668,-0.01752,-0.98578,0.16302,0.0310
1582517946.972545,0.03674,-0.01740,-0.98584,0.16278,0.0310
1582517946.9750779,0.03680,-0.01709,-0.98590,0.16248,0.0311
1582517946.980654,0.03687,-0.01678,-0.98590,0.16223,0.0311
1582517946.98596,0.03699,-0.01630,-0.98596,0.16199,0.0311
1582517946.9918451,0.03711,-0.01581,-0.98602,0.16168,0.0311
1582517946.996755,0.03729,-0.01514,-0.98608,0.16138,0.0311
1582517947.002319,0.03748,-0.01465,-0.98615,0.16113,0.0311
1582517947.00781,0.03766,-0.01398,-0.98615,0.16077,0.0311
1582517947.0138812,0.03809,-0.01270,-0.98627,0.16022,0.0311
1582517947.0196118,0.03827,-0.01215,-0.98633,0.15997,0.0312
1582517947.024789,0.03851,-0.01154,-0.98633,0.15973,0.0312
1582517947.0309188,0.03876,-0.01099,-0.98639,0.15942,0.0312
1582517947.036032,0.03900,-0.01056,-0.98639,0.15924,0.0312
1582517947.042497,0.03918,-0.01013,-0.98645,0.15906,0.0313
1582517947.046769,0.03943,-0.00970,-0.98645,0.15887,0.0313
1582517947.052872,0.03967,-0.00934,-0.98651,0.15869,0.0313
1582517947.0581892,0.04004,-0.00885,-0.98651,0.15845,0.0313
1582517947.064217,0.04022,-0.00867,-0.98651,0.15839,0.0313
1582517947.069233,0.04041,-0.00848,-0.98651,0.15833,0.0313
1582517947.0754309,0.04059,-0.00836,-0.98651,0.15826,0.0313
1582517947.080769,0.04077,-0.00824,-0.98651,0.15820,0.0313
1582517947.0872488,0.04095,-0.00818,-0.98651,0.15820,0.0314
1582517947.091715,0.04114,-0.00812,-0.98651,0.15820,0.0314
1582517947.097492,0.04126,-0.00800,-0.98651,0.15820,0.0314
1582517947.103391,0.04156,-0.00787,-0.98651,0.15820,0.0314
1582517947.110104,0.04169,-0.00775,-0.98651,0.15820,0.0314
1582517947.114333,0.04175,-0.00769,-0.98651,0.15820,0.0314
1582517947.120896,0.04181,-0.00763,-0.98651,0.15820,0.0314
1582517947.126219,0.04187,-0.00763,-0.98651,0.15820,0.0314
1582517947.131608,0.04187,-0.00757,-0.98651,0.15814,0.0314
1582517947.137093,0.04187,-0.00757,-0.98651,0.15814,0.0315
1582517947.141881,0.04181,-0.00757,-0.98651,0.15814,0.0315
1582517947.149842,0.04175,-0.00751,-0.98651,0.15808,0.0315
1582517947.152972,0.04150,-0.00751,-0.98651,0.15808,0.0316
1582517947.159186,0.04138,-0.00745,-0.98651,0.15802,0.0316
1582517947.164478,0.04126,-0.00751,-0.98657,0.15802,0.0316
1582517947.171326,0.04108,-0.00751,-0.98657,0.15802,0.0316
1582517947.175597,0.04095,-0.00757,-0.98657,0.15802,0.0316
1582517947.182079,0.04077,-0.00769,-0.98657,0.15796,0.0316
1582517947.187217,0.04065,-0.00781,-0.98657,0.15796,0.0316
1582517947.192172,0.04047,-0.00793,-0.98657,0.15796,0.0316
1582517947.198106,0.04034,-0.00812,-0.98657,0.15796,0.0316
1582517947.2037141,0.04010,-0.00848,-0.98657,0.15796,0.0317
1582517947.209769,0.03998,-0.00873,-0.98657,0.15802,0.0317
1582517947.2148721,0.03986,-0.00891,-0.98657,0.15802,0.0317
1582517947.2204711,0.03967,-0.00909,-0.98657,0.15808,0.0317
1582517947.225875,0.03955,-0.00934,-0.98657,0.15820,0.0318
1582517947.2316658,0.03937,-0.00952,-0.98657,0.15826,0.0318
1582517947.2367449,0.03918,-0.00970,-0.98657,0.15845,0.0318
1582517947.2429051,0.03900,-0.00983,-0.98651,0.15857,0.0318
1582517947.247794,0.03857,-0.01013,-0.98645,0.15900,0.0318
1582517947.253763,0.03839,-0.01025,-0.98645,0.15924,0.0318
1582517947.26099,0.03827,-0.01038,-0.98639,0.15948,0.0318
1582517947.265263,0.03809,-0.01050,-0.98639,0.15979,0.0318
1582517947.271352,0.03796,-0.01062,-0.98633,0.16003,0.0319
1582517947.2761831,0.03778,-0.01074,-0.98627,0.16034,0.0319
1582517947.2817001,0.03766,-0.01086,-0.98621,0.16064,0.0319
1582517947.287318,0.03754,-0.01105,-0.98621,0.16101,0.0319
1582517947.292886,0.03735,-0.01123,-0.98615,0.16132,0.0319
1582517947.299208,0.03705,-0.01172,-0.98602,0.16187,0.0319
1582517947.304613,0.03693,-0.01202,-0.98602,0.16217,0.0319
1582517947.310296,0.03674,-0.01239,-0.98596,0.16241,0.0319
1582517947.315648,0.03656,-0.01282,-0.98590,0.16266,0.0320
1582517947.321017,0.03638,-0.01324,-0.98590,0.16284,0.0320
1582517947.32631,0.03619,-0.01373,-0.98584,0.16302,0.0320
1582517947.3318179,0.03595,-0.01410,-0.98584,0.16315,0.0320
1582517947.3376598,0.03571,-0.01447,-0.98584,0.16327,0.0320
1582517947.343023,0.03503,-0.01501,-0.98578,0.16351,0.0321
1582517947.34987,0.03467,-0.01520,-0.98578,0.16364,0.0321
1582517947.354817,0.03424,-0.01538,-0.98578,0.16370,0.0321
1582517947.362655,0.03387,-0.01544,-0.98578,0.16376,0.0321
1582517947.3687491,0.03339,-0.01550,-0.98578,0.16388,0.0321
1582517947.372122,0.03290,-0.01544,-0.98578,0.16400,0.0321
1582517947.3771331,0.03241,-0.01532,-0.98578,0.16406,0.0321
1582517947.38271,0.03186,-0.01520,-0.98578,0.16418,0.0321
1582517947.389196,0.03076,-0.01465,-0.98578,0.16449,0.0322
1582517947.394547,0.03027,-0.01428,-0.98578,0.16461,0.0322
1582517947.3999119,0.02979,-0.01398,-0.98578,0.16479,0.0322
1582517947.4056919,0.02930,-0.01367,-0.98578,0.16498,0.0322
1582517947.411059,0.02881,-0.01337,-0.98578,0.16516,0.0322
1582517947.416943,0.02838,-0.01312,-0.98572,0.16541,0.0322
1582517947.422202,0.02808,-0.01300,-0.98572,0.16559,0.0322
1582517947.427861,0.02759,-0.01282,-0.98566,0.16602,0.0323
1582517947.433147,0.02753,-0.01282,-0.98566,0.16620,0.0323
1582517947.439358,0.02747,-0.01282,-0.98560,0.16638,0.0323
1582517947.4448261,0.02747,-0.01282,-0.98560,0.16656,0.0323
1582517947.450451,0.02747,-0.01282,-0.98553,0.16675,0.0324
1582517947.4556959,0.02747,-0.01294,-0.98547,0.16693,0.0324
1582517947.463975,0.02747,-0.01306,-0.98547,0.16718,0.0324
1582517947.4670331,0.02734,-0.01331,-0.98541,0.16742,0.0324
1582517947.472311,0.02728,-0.01367,-0.98535,0.16766,0.0324
1582517947.4779232,0.02716,-0.01410,-0.98535,0.16791,0.0324
1582517947.483718,0.02692,-0.01526,-0.98523,0.16840,0.0324
1582517947.491318,0.02679,-0.01587,-0.98517,0.16864,0.0324
1582517947.495502,0.02667,-0.01654,-0.98511,0.16888,0.0324
1582517947.501054,0.02655,-0.01709,-0.98511,0.16919,0.0325
1582517947.507048,0.02649,-0.01764,-0.98505,0.16943,0.0325
1582517947.511639,0.02643,-0.01801,-0.98499,0.16968,0.0325
1582517947.517439,0.02637,-0.01837,-0.98492,0.16998,0.0325
1582517947.523378,0.02637,-0.01880,-0.98486,0.17035,0.0325
1582517947.5292149,0.02637,-0.01892,-0.98480,0.17053,0.0325
1582517947.53381,0.02637,-0.01910,-0.98480,0.17072,0.0325
1582517947.5393028,0.02637,-0.01923,-0.98474,0.17084,0.0325
1582517947.545314,0.02631,-0.01935,-0.98474,0.17096,0.0326
1582517947.5534122,0.02631,-0.01941,-0.98474,0.17102,0.0326
1582517947.556606,0.02625,-0.01947,-0.98474,0.17108,0.0326
1582517947.561559,0.02618,-0.01947,-0.98468,0.17114,0.0326
1582517947.567605,0.02600,-0.01941,-0.98468,0.17120,0.0326
1582517947.57259,0.02588,-0.01929,-0.98468,0.17126,0.0327
1582517947.577861,0.02551,-0.01892,-0.98468,0.17139,0.0327
1582517947.58543,0.02533,-0.01868,-0.98468,0.17139,0.0327
1582517947.58983,0.02509,-0.01843,-0.98468,0.17145,0.0327
1582517947.5955079,0.02484,-0.01819,-0.98468,0.17151,0.0327
1582517947.602158,0.02460,-0.01788,-0.98468,0.17151,0.0327
1582517947.60731,0.02429,-0.01758,-0.98474,0.17157,0.0327
1582517947.612798,0.02405,-0.01727,-0.98474,0.17157,0.0327
1582517947.61812,0.02356,-0.01660,-0.98474,0.17163,0.0328
1582517947.6238139,0.02332,-0.01624,-0.98474,0.17163,0.0328
1582517947.630015,0.02307,-0.01587,-0.98474,0.17163,0.0328
1582517947.6350589,0.02289,-0.01550,-0.98480,0.17163,0.0328
1582517947.640834,0.02264,-0.01508,-0.98480,0.17157,0.0329
1582517947.6465259,0.02246,-0.01471,-0.98480,0.17157,0.0329
1582517947.651623,0.02228,-0.01428,-0.98480,0.17157,0.0329
1582517947.657538,0.02216,-0.01385,-0.98480,0.17157,0.0329
1582517947.663418,0.02185,-0.01306,-0.98486,0.17157,0.0329
1582517947.669122,0.02173,-0.01270,-0.98486,0.17157,0.0329
1582517947.674796,0.02161,-0.01233,-0.98486,0.17157,0.0329
1582517947.680928,0.02155,-0.01196,-0.98486,0.17157,0.0329
1582517947.6870751,0.02148,-0.01166,-0.98486,0.17157,0.0330
1582517947.6918242,0.02142,-0.01129,-0.98486,0.17163,0.0330
1582517947.696885,0.02136,-0.01099,-0.98486,0.17163,0.0330
1582517947.7027059,0.02130,-0.01068,-0.98486,0.17169,0.0330
1582517947.709715,0.02124,-0.01019,-0.98486,0.17181,0.0330
1582517947.714284,0.02124,-0.01001,-0.98486,0.17188,0.0330
1582517947.721704,0.02124,-0.00983,-0.98480,0.17194,0.0330
1582517947.727359,0.02124,-0.00970,-0.98480,0.17206,0.0330
1582517947.730783,0.02130,-0.00958,-0.98480,0.17212,0.0331
1582517947.736334,0.02136,-0.00946,-0.98480,0.17224,0.0331
1582517947.7423072,0.02142,-0.00940,-0.98474,0.17236,0.0331
1582517947.747705,0.02155,-0.00940,-0.98474,0.17255,0.0331
1582517947.752848,0.02185,-0.00940,-0.98468,0.17279,0.0332
1582517947.759302,0.02203,-0.00940,-0.98462,0.17291,0.0332
1582517947.7653198,0.02222,-0.00946,-0.98462,0.17310,0.0332
1582517947.772306,0.02246,-0.00958,-0.98456,0.17322,0.0332
1582517947.7761931,0.02264,-0.00970,-0.98456,0.17334,0.0332
1582517947.781331,0.02289,-0.00983,-0.98450,0.17346,0.0332
1582517947.787462,0.02319,-0.00995,-0.98450,0.17365,0.0332
1582517947.792883,0.02350,-0.01013,-0.98444,0.17371,0.0332
1582517947.7980192,0.02405,-0.01044,-0.98444,0.17389,0.0332
1582517947.803864,0.02441,-0.01062,-0.98437,0.17395,0.0333
1582517947.809859,0.02472,-0.01080,-0.98437,0.17395,0.0333
1582517947.816103,0.02502,-0.01099,-0.98437,0.17395,0.0333
1582517947.820586,0.02533,-0.01111,-0.98437,0.17395,0.0333
1582517947.827559,0.02563,-0.01123,-0.98437,0.17389,0.0333
1582517947.831512,0.02594,-0.01141,-0.98437,0.17377,0.0333
1582517947.837465,0.02625,-0.01160,-0.98437,0.17371,0.0333
1582517947.844112,0.02692,-0.01215,-0.98444,0.17340,0.0333
1582517947.849101,0.02716,-0.01245,-0.98444,0.17328,0.0334
1582517947.854869,0.02753,-0.01288,-0.98444,0.17316,0.0334
1582517947.8610408,0.02783,-0.01331,-0.98444,0.17303,0.0334
1582517947.867446,0.02814,-0.01385,-0.98444,0.17297,0.0334
1582517947.871575,0.02850,-0.01453,-0.98444,0.17285,0.0334
1582517947.876864,0.02881,-0.01514,-0.98444,0.17279,0.0335
1582517947.8827069,0.02917,-0.01575,-0.98437,0.17279,0.0335
1582517947.8884149,0.02985,-0.01697,-0.98437,0.17279,0.0335
1582517947.89511,0.03021,-0.01752,-0.98431,0.17285,0.0335
1582517947.902791,0.03058,-0.01794,-0.98431,0.17285,0.0335
1582517947.90481,0.03101,-0.01837,-0.98425,0.17291,0.0335
1582517947.9105458,0.03143,-0.01868,-0.98425,0.17291,0.0335
1582517947.919023,0.03180,-0.01886,-0.98425,0.17291,0.0335
1582517947.92131,0.03223,-0.01898,-0.98425,0.17285,0.0336
1582517947.927568,0.03265,-0.01904,-0.98425,0.17279,0.0336
1582517947.934356,0.03302,-0.01904,-0.98425,0.17267,0.0336
1582517947.941634,0.03369,-0.01880,-0.98431,0.17224,0.0336
1582517947.9439209,0.03400,-0.01855,-0.98431,0.17200,0.0336
1582517947.949219,0.03424,-0.01825,-0.98437,0.17175,0.0336
1582517947.9573498,0.03436,-0.01801,-0.98444,0.17145,0.0336
1582517947.964074,0.03448,-0.01782,-0.98450,0.17120,0.0336
1582517947.967691,0.03455,-0.01758,-0.98450,0.17090,0.0336
1582517947.9732962,0.03455,-0.01740,-0.98456,0.17059,0.0337
1582517947.979311,0.03448,-0.01721,-0.98468,0.17004,0.0337
1582517947.983656,0.03442,-0.01715,-0.98474,0.16974,0.0337
1582517947.990556,0.03442,-0.01709,-0.98480,0.16943,0.0338
1582517947.995475,0.03436,-0.01709,-0.98486,0.16919,0.0338
1582517948.001467,0.03436,-0.01715,-0.98486,0.16901,0.0338
1582517948.0063,0.03442,-0.01721,-0.98492,0.16882,0.0338
1582517948.012086,0.03442,-0.01721,-0.98492,0.16870,0.0338
1582517948.0189,0.03436,-0.01727,-0.98492,0.16852,0.0338
1582517948.023072,0.03430,-0.01733,-0.98492,0.16852,0.0338
1582517948.028796,0.03418,-0.01733,-0.98499,0.16852,0.0338
1582517948.0361369,0.03412,-0.01740,-0.98492,0.16852,0.0338
1582517948.0404348,0.03400,-0.01752,-0.98492,0.16858,0.0339
1582517948.052002,0.03381,-0.01764,-0.98492,0.16864,0.0339
1582517948.0520508,0.03363,-0.01788,-0.98492,0.16870,0.0339
1582517948.05878,0.03345,-0.01813,-0.98492,0.16876,0.0339
1582517948.0626519,0.03326,-0.01825,-0.98492,0.16882,0.0339
1582517948.067946,0.03284,-0.01843,-0.98492,0.16888,0.0340
1582517948.089431,0.03259,-0.01843,-0.98492,0.16895,0.0340
1582517948.08946,0.03241,-0.01837,-0.98492,0.16895,0.0340
1582517948.089466,0.03223,-0.01825,-0.98492,0.16901,0.0340
1582517948.09091,0.03204,-0.01807,-0.98492,0.16901,0.0340
1582517948.09631,0.03198,-0.01794,-0.98492,0.16907,0.0340
1582517948.103186,0.03186,-0.01776,-0.98492,0.16907,0.0340
1582517948.106685,0.03180,-0.01764,-0.98492,0.16913,0.0340
1582517948.1158788,0.03174,-0.01752,-0.98492,0.16919,0.0340
1582517948.117886,0.03180,-0.01733,-0.98492,0.16925,0.0341
1582517948.123776,0.03186,-0.01727,-0.98492,0.16931,0.0341
1582517948.129971,0.03198,-0.01715,-0.98486,0.16937,0.0341
1582517948.13561,0.03210,-0.01703,-0.98486,0.16937,0.0341
1582517948.140585,0.03223,-0.01685,-0.98486,0.16943,0.0341
1582517948.146032,0.03235,-0.01660,-0.98486,0.16943,0.0341
1582517948.1517172,0.03253,-0.01624,-0.98486,0.16943,0.0341
1582517948.159382,0.03271,-0.01538,-0.98486,0.16943,0.0341
1582517948.162567,0.03278,-0.01483,-0.98486,0.16937,0.0342
1582517948.168326,0.03290,-0.01422,-0.98492,0.16937,0.0342
1582517948.17579,0.03296,-0.01355,-0.98492,0.16931,0.0342
1582517948.179884,0.03302,-0.01300,-0.98492,0.16925,0.0342
1582517948.185154,0.03314,-0.01233,-0.98492,0.16919,0.0342
1582517948.1911051,0.03326,-0.01166,-0.98499,0.16913,0.0343
1582517948.196657,0.03339,-0.01099,-0.98499,0.16907,0.0343
1582517948.201371,0.03351,-0.01038,-0.98499,0.16901,0.0343
1582517948.207377,0.03363,-0.00970,-0.98499,0.16895,0.0343
1582517948.213411,0.03381,-0.00842,-0.98505,0.16882,0.0343
1582517948.218378,0.03387,-0.00787,-0.98505,0.16876,0.0343
1582517948.22415,0.03394,-0.00720,-0.98505,0.16876,0.0343
1582517948.230569,0.03400,-0.00659,-0.98505,0.16870,0.0343
1582517948.236623,0.03406,-0.00604,-0.98505,0.16864,0.0344
1582517948.240808,0.03412,-0.00549,-0.98505,0.16864,0.0344
1582517948.246287,0.03412,-0.00507,-0.98505,0.16864,0.0344
1582517948.251659,0.03412,-0.00452,-0.98505,0.16864,0.0344
1582517948.257364,0.03406,-0.00415,-0.98505,0.16870,0.0344
1582517948.26352,0.03394,-0.00336,-0.98505,0.16876,0.0344
1582517948.2693582,0.03387,-0.00299,-0.98505,0.16882,0.0344
1582517948.274383,0.03381,-0.00262,-0.98505,0.16888,0.0344
1582517948.280701,0.03369,-0.00220,-0.98505,0.16895,0.0344
1582517948.297725,0.03357,-0.00183,-0.98505,0.16901,0.0345
1582517948.2977338,0.03345,-0.00140,-0.98505,0.16907,0.0345
1582517948.29777,0.03339,-0.00092,-0.98505,0.16913,0.0345
1582517948.301567,0.03333,-0.00049,-0.98505,0.16919,0.0345
1582517948.309509,0.03320,0.00000,-0.98505,0.16919,0.0345
1582517948.3368902,0.03308,0.00079,-0.98505,0.16925,0.0346
1582517948.336944,0.03308,0.00122,-0.98505,0.16919,0.0346
1582517948.336951,0.03302,0.00153,-0.98505,0.16919,0.0346
1582517948.3369558,0.03302,0.00183,-0.98505,0.16913,0.0346
1582517948.336962,0.03302,0.00208,-0.98505,0.16907,0.0346
1582517948.342669,0.03308,0.00232,-0.98505,0.16901,0.0346
1582517948.346122,0.03308,0.00250,-0.98511,0.16888,0.0346
1582517948.353248,0.03314,0.00262,-0.98511,0.16876,0.0346
1582517948.357145,0.03314,0.00275,-0.98511,0.16864,0.0347
1582517948.363394,0.03320,0.00281,-0.98517,0.16840,0.0347
1582517948.36894,0.03320,0.00287,-0.98517,0.16827,0.0347
1582517948.374731,0.03320,0.00287,-0.98523,0.16809,0.0347
1582517948.3810601,0.03320,0.00287,-0.98523,0.16797,0.0347
1582517948.386473,0.03320,0.00281,-0.98523,0.16785,0.0347
1582517948.395414,0.03320,0.00275,-0.98529,0.16772,0.0347
1582517948.397356,0.03314,0.00275,-0.98529,0.16766,0.0347
1582517948.40303,0.03314,0.00262,-0.98529,0.16754,0.0347
1582517948.408718,0.03308,0.00262,-0.98529,0.16748,0.0348
1582517948.4154398,0.03302,0.00269,-0.98529,0.16748,0.0348
1582517948.420457,0.03296,0.00269,-0.98529,0.16748,0.0348
1582517948.425743,0.03290,0.00275,-0.98529,0.16754,0.0348
1582517948.4311192,0.03284,0.00275,-0.98529,0.16760,0.0348
1582517948.436853,0.03278,0.00275,-0.98529,0.16766,0.0349
1582517948.4423811,0.03253,0.00256,-0.98529,0.16791,0.0349
1582517948.447693,0.03241,0.00244,-0.98523,0.16803,0.0349
1582517948.453784,0.03229,0.00220,-0.98523,0.16821,0.0349
1582517948.4596171,0.03217,0.00195,-0.98523,0.16833,0.0349
1582517948.465179,0.03204,0.00159,-0.98517,0.16858,0.0349
1582517948.470411,0.03186,0.00128,-0.98517,0.16876,0.0349
1582517948.475754,0.03168,0.00079,-0.98511,0.16895,0.0349
1582517948.481156,0.03149,0.00037,-0.98511,0.16913,0.0349
1582517948.4868941,0.03131,-0.00024,-0.98505,0.16943,0.0350
1582517948.492216,0.03107,-0.00073,-0.98505,0.16962,0.0350
1582517948.497786,0.03058,-0.00177,-0.98492,0.17010,0.0350
1582517948.5056262,0.03021,-0.00220,-0.98492,0.17035,0.0350
1582517948.510326,0.02991,-0.00256,-0.98486,0.17053,0.0351
1582517948.515211,0.02954,-0.00281,-0.98486,0.17084,0.0351
1582517948.5201228,0.02924,-0.00299,-0.98480,0.17102,0.0351
1582517948.526369,0.02881,-0.00311,-0.98480,0.17133,0.0351
1582517948.531706,0.02838,-0.00311,-0.98474,0.17163,0.0351
1582517948.5365791,0.02795,-0.00305,-0.98474,0.17188,0.0351
1582517948.542576,0.02753,-0.00293,-0.98468,0.17218,0.0351
1582517948.5481431,0.02673,-0.00250,-0.98456,0.17285,0.0351
1582517948.553647,0.02631,-0.00214,-0.98450,0.17322,0.0351
1582517948.55908,0.02594,-0.00183,-0.98450,0.17358,0.0352
1582517948.565609,0.02557,-0.00140,-0.98444,0.17401,0.0352
1582517948.5701911,0.02533,-0.00110,-0.98437,0.17438,0.0352
1582517948.575781,0.02509,-0.00073,-0.98431,0.17480,0.0352
1582517948.580962,0.02496,-0.00043,-0.98425,0.17517,0.0352
1582517948.586874,0.02484,-0.00012,-0.98413,0.17554,0.0352
1582517948.592221,0.02490,0.00049,-0.98401,0.17627,0.0352
1582517948.5979578,0.02502,0.00073,-0.98395,0.17657,0.0352
1582517948.604311,0.02515,0.00092,-0.98389,0.17688,0.0353
1582517948.609709,0.02533,0.00116,-0.98383,0.17725,0.0353
1582517948.615357,0.02545,0.00128,-0.98376,0.17755,0.0353
1582517948.621293,0.02557,0.00134,-0.98370,0.17786,0.0353
1582517948.626355,0.02570,0.00134,-0.98364,0.17816,0.0353
1582517948.6319082,0.02576,0.00116,-0.98364,0.17841,0.0354
1582517948.637193,0.02588,0.00073,-0.98352,0.17896,0.0354
1582517948.643091,0.02594,0.00049,-0.98346,0.17926,0.0354
1582517948.648454,0.02606,0.00024,-0.98340,0.17950,0.0354
1582517948.65419,0.02618,0.00000,-0.98334,0.17975,0.0354
1582517948.661292,0.02637,-0.00012,-0.98334,0.17993,0.0354
1582517948.665387,0.02661,-0.00024,-0.98328,0.18018,0.0354
1582517948.671229,0.02692,-0.00031,-0.98322,0.18036,0.0354
1582517948.676382,0.02716,-0.00043,-0.98322,0.18048,0.0354
1582517948.683326,0.02740,-0.00049,-0.98315,0.18060,0.0354
1582517948.687735,0.02765,-0.00055,-0.98315,0.18073,0.0355
1582517948.692422,0.02802,-0.00079,-0.98309,0.18085,0.0355
1582517948.6983712,0.02814,-0.00085,-0.98309,0.18085,0.0355
1582517948.705306,0.02820,-0.00092,-0.98309,0.18085,0.0355
1582517948.70941,0.02820,-0.00098,-0.98309,0.18085,0.0355
1582517948.7155032,0.02814,-0.00098,-0.98309,0.18085,0.0355
1582517948.7209349,0.02802,-0.00098,-0.98309,0.18085,0.0355
1582517948.726302,0.02783,-0.00092,-0.98309,0.18091,0.0355
1582517948.731343,0.02759,-0.00092,-0.98309,0.18091,0.0355
1582517948.7369971,0.02728,-0.00085,-0.98309,0.18097,0.0356
1582517948.7425122,0.02667,-0.00079,-0.98309,0.18109,0.0356
1582517948.750328,0.02631,-0.00079,-0.98309,0.18115,0.0356
1582517948.753124,0.02600,-0.00079,-0.98309,0.18121,0.0356
1582517948.758671,0.02563,-0.00073,-0.98309,0.18134,0.0357
1582517948.764543,0.02533,-0.00073,-0.98309,0.18140,0.0357
1582517948.770543,0.02496,-0.00067,-0.98309,0.18146,0.0357
1582517948.775742,0.02472,-0.00061,-0.98309,0.18152,0.0357
1582517948.781404,0.02441,-0.00055,-0.98303,0.18164,0.0357
1582517948.7899158,0.02399,-0.00031,-0.98303,0.18182,0.0357
1582517948.793399,0.02374,-0.00024,-0.98303,0.18195,0.0357
1582517948.7977128,0.02362,-0.00012,-0.98303,0.18207,0.0357
1582517948.803584,0.02344,-0.00006,-0.98297,0.18219,0.0357
1582517948.8109992,0.02332,0.00006,-0.98297,0.18231,0.0358
1582517948.815752,0.02325,0.00012,-0.98291,0.18243,0.0358
1582517948.822355,0.02319,0.00018,-0.98291,0.18262,0.0358
1582517948.827105,0.02313,0.00024,-0.98291,0.18274,0.0358
1582517948.832196,0.02313,0.00031,-0.98285,0.18292,0.0358
1582517948.8376052,0.02313,0.00043,-0.98279,0.18317,0.0358
1582517948.843369,0.02319,0.00055,-0.98279,0.18329,0.0358
1582517948.8489852,0.02325,0.00061,-0.98279,0.18335,0.0358
1582517948.854392,0.02332,0.00073,-0.98273,0.18347,0.0358
1582517948.860588,0.02338,0.00085,-0.98273,0.18353,0.0358
1582517948.8654451,0.02344,0.00098,-0.98273,0.18353,0.0359
1582517948.8707352,0.02356,0.00110,-0.98273,0.18359,0.0359
1582517948.8762612,0.02368,0.00122,-0.98273,0.18359,0.0359
1582517948.881993,0.02380,0.00134,-0.98273,0.18359,0.0359
1582517948.8871832,0.02411,0.00159,-0.98273,0.18347,0.0360
1582517948.892682,0.02429,0.00177,-0.98273,0.18341,0.0360
1582517948.899467,0.02448,0.00195,-0.98273,0.18335,0.0360
1582517948.905035,0.02472,0.00214,-0.98273,0.18329,0.0360
1582517948.9104698,0.02490,0.00226,-0.98273,0.18323,0.0360
1582517948.915154,0.02515,0.00244,-0.98279,0.18311,0.0360
1582517948.921879,0.02533,0.00262,-0.98279,0.18304,0.0360
1582517948.926153,0.02557,0.00281,-0.98279,0.18292,0.0360
1582517948.932348,0.02582,0.00299,-0.98279,0.18280,0.0360
1582517948.938289,0.02625,0.00317,-0.98285,0.18262,0.0361
1582517948.943694,0.02643,0.00323,-0.98285,0.18256,0.0361
1582517948.9492302,0.02667,0.00330,-0.98285,0.18243,0.0361
1582517948.955317,0.02686,0.00323,-0.98285,0.18237,0.0361
1582517948.9613109,0.02710,0.00323,-0.98285,0.18231,0.0361
1582517948.966135,0.02734,0.00311,-0.98285,0.18225,0.0361
1582517948.971861,0.02759,0.00305,-0.98285,0.18219,0.0361
1582517948.977719,0.02808,0.00293,-0.98291,0.18207,0.0361
1582517948.9826849,0.02832,0.00293,-0.98291,0.18195,0.0361
1582517948.988371,0.02850,0.00293,-0.98291,0.18176,0.0361
1582517948.994163,0.02869,0.00293,-0.98297,0.18164,0.0362
1582517948.999867,0.02881,0.00299,-0.98297,0.18152,0.0362
1582517949.0057359,0.02899,0.00305,-0.98297,0.18134,0.0362
1582517949.011704,0.02911,0.00305,-0.98303,0.18115,0.0362
1582517949.016663,0.02924,0.00305,-0.98303,0.18103,0.0362
1582517949.022089,0.02954,0.00293,-0.98309,0.18073,0.0363
1582517949.027885,0.02966,0.00281,-0.98309,0.18066,0.0363
1582517949.033886,0.02979,0.00269,-0.98309,0.18060,0.0363
1582517949.0431712,0.02997,0.00250,-0.98309,0.18048,0.0363
1582517949.045323,0.03009,0.00238,-0.98309,0.18048,0.0363
1582517949.050646,0.03027,0.00220,-0.98309,0.18042,0.0363
1582517949.05644,0.03052,0.00201,-0.98309,0.18042,0.0363
1582517949.062376,0.03076,0.00189,-0.98309,0.18042,0.0363
1582517949.0673769,0.03131,0.00171,-0.98309,0.18036,0.0363
1582517949.072336,0.03168,0.00171,-0.98309,0.18036,0.0364
1582517949.078184,0.03198,0.00177,-0.98309,0.18030,0.0364
1582517949.0837052,0.03241,0.00183,-0.98309,0.18018,0.0364
1582517949.0897658,0.03284,0.00195,-0.98309,0.18005,0.0364
1582517949.0952342,0.03314,0.00220,-0.98309,0.17993,0.0364
1582517949.1007512,0.03351,0.00244,-0.98315,0.17975,0.0365
1582517949.106318,0.03387,0.00281,-0.98315,0.17957,0.0365
1582517949.112154,0.03424,0.00323,-0.98322,0.17932,0.0365
1582517949.117805,0.03473,0.00409,-0.98328,0.17883,0.0365
1582517949.1233559,0.03497,0.00458,-0.98328,0.17859,0.0365
1582517949.1295092,0.03516,0.00507,-0.98334,0.17828,0.0365
1582517949.135375,0.03534,0.00549,-0.98340,0.17804,0.0365
1582517949.140718,0.03546,0.00586,-0.98340,0.17780,0.0365
1582517949.146018,0.03558,0.00623,-0.98346,0.17755,0.0365
1582517949.1518521,0.03571,0.00653,-0.98346,0.17737,0.0366
1582517949.157422,0.03595,0.00684,-0.98352,0.17706,0.0366
1582517949.163023,0.03613,0.00690,-0.98352,0.17700,0.0366
1582517949.1685052,0.03625,0.00696,-0.98352,0.17700,0.0366
1582517949.1745799,0.03644,0.00696,-0.98352,0.17700,0.0366
1582517949.1799629,0.03650,0.00696,-0.98352,0.17700,0.0366
1582517949.18681,0.03662,0.00702,-0.98346,0.17712,0.0366
1582517949.193861,0.03674,0.00702,-0.98346,0.17725,0.0366
1582517949.1962261,0.03680,0.00702,-0.98340,0.17737,0.0366
1582517949.201803,0.03693,0.00702,-0.98340,0.17755,0.0366
1582517949.207944,0.03705,0.00653,-0.98334,0.17798,0.0367
1582517949.213304,0.03705,0.00616,-0.98328,0.17816,0.0367
1582517949.219388,0.03711,0.00568,-0.98328,0.17828,0.0367
1582517949.225585,0.03711,0.00513,-0.98322,0.17841,0.0367
1582517949.230378,0.03711,0.00452,-0.98322,0.17853,0.0368
1582517949.235879,0.03711,0.00391,-0.98322,0.17859,0.0368
1582517949.242343,0.03711,0.00342,-0.98322,0.17865,0.0368
1582517949.2472022,0.03711,0.00293,-0.98322,0.17871,0.0368
1582517949.254328,0.03717,0.00220,-0.98322,0.17871,0.0368
1582517949.258361,0.03717,0.00195,-0.98322,0.17871,0.0368
1582517949.4668128,0.03717,0.00171,-0.98322,0.17871,0.0368
1582517949.466846,0.03723,0.00146,-0.98322,0.17871,0.0368
1582517949.466866,0.03729,0.00128,-0.98322,0.17871,0.0368
1582517949.46687,0.03735,0.00110,-0.98322,0.17865,0.0369
1582517949.4668741,0.03741,0.00092,-0.98322,0.17865,0.0369
1582517949.466945,0.03760,0.00079,-0.98322,0.17859,0.0369
1582517949.466951,0.03772,0.00073,-0.98322,0.17853,0.0369
1582517949.4669619,0.03802,0.00067,-0.98322,0.17834,0.0369
1582517949.466966,0.03827,0.00079,-0.98322,0.17828,0.0369
1582517949.4669702,0.03845,0.00098,-0.98328,0.17816,0.0369
1582517949.466974,0.03857,0.00116,-0.98328,0.17804,0.0369
1582517949.466978,0.03876,0.00140,-0.98328,0.17792,0.0369
1582517949.4669812,0.03894,0.00177,-0.98328,0.17780,0.0369
1582517949.466985,0.03912,0.00220,-0.98334,0.17761,0.0370
1582517949.466989,0.03925,0.00256,-0.98334,0.17749,0.0370
1582517949.4669929,0.03955,0.00360,-0.98340,0.17719,0.0370
1582517949.466996,0.03967,0.00409,-0.98340,0.17706,0.0370
1582517949.467,0.03979,0.00458,-0.98340,0.17694,0.0371
1582517949.4670029,0.03986,0.00513,-0.98340,0.17682,0.0371
1582517949.467006,0.03998,0.00562,-0.98346,0.17670,0.0371
1582517949.46701,0.04004,0.00616,-0.98346,0.17657,0.0371
1582517949.4670138,0.04010,0.00665,-0.98346,0.17651,0.0371
1582517949.467017,0.04016,0.00720,-0.98346,0.17645,0.0371
1582517949.46702,0.04016,0.00769,-0.98346,0.17645,0.0371
1582517949.4670231,0.04016,0.00848,-0.98346,0.17645,0.0371
1582517949.467027,0.04010,0.00885,-0.98346,0.17651,0.0371
1582517949.46703,0.04010,0.00916,-0.98340,0.17657,0.0372
1582517949.4670331,0.04004,0.00940,-0.98340,0.17670,0.0372
1582517949.467094,0.03998,0.00964,-0.98340,0.17682,0.0372
1582517949.467099,0.03992,0.00983,-0.98334,0.17694,0.0372
1582517949.467103,0.03986,0.00995,-0.98334,0.17712,0.0372
1582517949.467106,0.03979,0.01013,-0.98328,0.17737,0.0372
1582517949.46711,0.03967,0.01019,-0.98328,0.17755,0.0372
1582517949.467113,0.03943,0.01031,-0.98315,0.17810,0.0372
1582517949.467116,0.03931,0.01038,-0.98315,0.17834,0.0372
1582517949.4671202,0.03912,0.01038,-0.98309,0.17865,0.0372
1582517949.467123,0.03900,0.01031,-0.98303,0.17896,0.0373
