,subject_num,posture,cursor_type,repetition,target_num,wide,mean_offset,std_offset,overall_mean_offset,overall_std_offset,initial_contact_time,target_in_count,target_in_total_time,target_in_mean_time,mean_offset_horizontal,mean_offset_vertical,std_offset_horizontal,std_offset_vertical,mean_abs_offset_horizontal,mean_abs_offset_vertical,std_abs_offset_horizontal,std_abs_offset_vertical,longest_dwell_time,movement_length,entering_position,walking_speed,error
0,22,STAND,HEAD,4,0,SMALL,1.1238143943323784,0.13984846443717797,6.674801763943174,4.349626102899474,1.2980349999999987,1.0,0.28238633333333685,0.28238633333333685,0.2132256714410154,-1.1029382814829791,0.05936746934845623,0.13085067820834798,0.2132256714410154,1.1029382814829791,0.05936746934845623,0.13085067820834798,0.28238633333333685,12.073476400781125,"(-0.3374262453801542, -1.404630208773213)",0.012572356574522,
1,22,STAND,HEAD,4,1,SMALL,0.6448985806490122,0.3750109773122376,7.002516091949605,5.098422412965076,1.3314000000000021,1.0,0.4184933333333466,0.4184933333333466,-0.21821389867498228,-0.5853290470195228,0.14393201778902126,0.3830137527555924,0.22651259125902032,0.5853290470195228,0.12986652511684688,0.3830137527555924,0.4184933333333466,13.297549693632654,"(-0.09958431100845644, -1.3828324109005479)",0.015480639292098999,
2,22,STAND,HEAD,4,2,SMALL,1.1333312836525105,0.13199615974349935,7.035125973384334,4.3696517226819545,1.363835999999992,1.0,0.2662893333333348,0.2662893333333348,0.9523460125325678,0.6065809822799318,0.16517828852502825,0.01888576834515427,0.9523460125325678,0.6065809822799318,0.16517828852502825,0.01888576834515427,0.2662893333333348,12.125012588579464,"(-1.3034795805603743, 0.5712412151633828)",0.01809762190983868,
3,22,STAND,HEAD,4,3,SMALL,0.9615838459801064,0.19146154486669392,6.6961544015827705,4.676800135356783,1.3491050000000087,1.0,0.38395033333333306,0.38395033333333306,0.22755878360029494,0.9310298016152497,0.08998139499559678,0.18679583150193316,0.22755878360029494,0.9310298016152497,0.08998139499559678,0.18679583150193316,0.38395033333333306,12.623042123556218,"(-0.461644875813203, 1.326877958263836)",0.015435614987784492,
4,22,STAND,HEAD,4,4,SMALL,0.710516622971201,0.3586823058720228,6.407154104586306,4.865416034370514,1.5166090000000025,1.0,0.6004873333333355,0.6004873333333355,0.3184643925998739,0.6009129496175802,0.06184128765962231,0.41035499973493034,0.3184643925998739,0.6009129496175802,0.06184128765962231,0.41035499973493034,0.6004873333333355,12.062542383990797,"(-0.4745004755483002, 1.4084358748700225)",0.010028064134992763,
5,22,STAND,HEAD,4,5,SMALL,0.5252950976961239,0.38350108615633494,6.466196547458302,4.6763268203298844,1.2687889999999982,1.0,0.3824243333333205,0.3824243333333205,-0.030691762087548365,0.51233751928264,0.1446626559911158,0.37315467609948405,0.1043558543195151,0.51233751928264,0.10249586362169616,0.37315467609948405,0.3824243333333205,11.98211526096398,"(0.41037455336721607, 1.3616190334985419)",0.011751485376231436,
6,22,STAND,HEAD,4,6,SMALL,4.256956820735035,3.5005038474088983,5.176961391538768,3.8701250439623927,1.231537000000003,2.0,1.1797896666666683,0.5898948333333341,-2.8444684838202976,3.030898986022588,2.5458335336137834,2.573200496548425,2.8444684838202976,3.1298213017937013,2.5458335336137834,2.451221115087211,0.6164173333333186,12.544347237192571,"(0.7226058052892076, 1.2565495999573955)",0.018234984831285286,
7,22,STAND,HEAD,4,7,SMALL,0.6810548566265325,0.22661041980989866,6.081440515008259,4.585167530816259,1.2500759999999786,1.0,0.41832833333333685,0.41832833333333685,-0.47988081872862526,-0.45654383793058645,0.16744511469812115,0.22254064257612588,0.47988081872862526,0.45654383793058645,0.16744511469812115,0.22254064257612588,0.41832833333333685,12.149689691416166,"(0.9722690040001085, -0.906387939912733)",0.0192278468047313,
8,22,STAND,HEAD,4,8,SMALL,0.636725551808151,0.2800918330590942,4.66643526677854,4.766991473509311,1.51611299999999,1.0,1.2511833333333462,1.2511833333333462,-0.1519519197403072,-0.375552222536547,0.4936701382230841,0.2816685115793824,0.3828142093205971,0.4182114529309348,0.3443278613276851,0.21216019614761747,1.0,13.184077122183837,"(1.4364971103972461, 0.3452331705958045)",0.013439758033554617,
9,22,WALK,HEAD,4,0,SMALL,10.882851118423327,6.169701983731929,10.368649302440378,5.806149998218324,1.714476999999988,1.0,0.10009533333325937,0.10009533333325937,-10.78643881449353,0.7236774502611201,6.241701050923941,0.824533081226562,10.792895190041056,0.950753926925124,6.2304732473962625,0.5456105811263826,0.10009533333325937,21.991953906271434,"(-0.4832787045417888, 1.260029765638663)",0.8826358350167828,
10,22,WALK,HEAD,4,1,SMALL,1.1507004243738508,0.3132011662270085,14.507914391278423,6.87772801617919,4.564600000000041,2.0,0.41377366666660387,0.20688683333330193,1.1191556069807247,0.226484093416048,0.31464736898143775,0.14205702156459754,1.1191556069807247,0.23298644902926188,0.31464736898143775,0.13068147248616716,0.38044033333327054,60.583311327321795,"(-1.4651781016522278, -0.08778180077838726)",0.8784951336770521,
11,22,WALK,HEAD,4,2,SMALL,10.849404304608392,5.48616491714348,10.829929152722782,5.562394417112121,0.75,1.0,0.16553333333334497,0.16553333333334497,-10.806112464260789,-0.15108507394619955,5.556751870993371,0.3724780402923494,10.836180572789658,0.3288503082245013,5.4976564353331945,0.23042001509252746,0.16553333333334497,19.308109017541355,"(-1.401025788822487, -0.24901672121032448)",0.9055041500617201,
12,22,WALK,HEAD,4,3,SMALL,,,,,,,,,,,,,,,,,,,,,"('no success frames', 0)"
13,22,WALK,HEAD,4,4,SMALL,3.254169692450179,3.0306181876179354,6.2465258699956765,4.407775312114147,2.8351000000000113,3.0,0.43283600000004296,0.144278666666681,1.2942784853334715,0.7958739604860133,4.163695401856253,0.43991999350063166,3.0441046998821246,0.804748248878347,3.112249119574208,0.4233380517880205,0.3661693333333763,34.78538022886065,"(1.4495469312650044, 0.35211262237261565)",0.9344788569086332,
14,22,WALK,HEAD,4,5,SMALL,,,,,,,,,,,,,,,,,,,,,"('no success frames', 0)"
15,22,WALK,HEAD,4,6,SMALL,,,,,,,,,,,,,,,,,,,,,"('no success frames', 0)"
16,22,WALK,HEAD,4,7,SMALL,11.163354691066798,7.223733264020118,10.212294125787123,6.93568102993068,0.9472660000000133,2.0,0.48296166666665763,0.24148083333332881,-9.563572370887519,0.07786660104806067,9.232077368034947,0.4899061882277013,11.106056734997614,0.3957913081092769,7.295030417337618,0.2979946633541829,0.36636733333333116,12.695245657879262,"(1.2935584724109646, -0.29491966588639684)",0.9128000975413659,
17,22,WALK,HEAD,4,8,SMALL,1.3702241226325427,0.10920727387109144,10.973947295667807,4.880006216317217,4.966756000000032,1.0,0.0501333333333226,0.0501333333333226,1.3564770934165793,-0.1919283588623557,0.10311529496897208,0.05087786649500083,1.3564770934165793,0.1919283588623557,0.10311529496897208,0.05087786649500083,0.0501333333333226,69.86359285560681,"(-1.4293906177331905, -0.22790444327327464)",0.8610403987292474,
18,22,STAND,HEAD,5,0,LARGE,0.49671547221204254,0.44520896190414005,12.028222748027657,9.594529877438893,1.3487229999999784,1.0,0.3694233333333462,0.3694233333333462,0.12553726599981221,-0.4375462846712261,0.2003825913859099,0.44671437852087015,0.17953866931078966,0.45167013392582367,0.15117846366527204,0.43170200299947703,0.3694233333333462,26.67050820616032,"(-0.5124987483454806, -1.3338260316564288)",0.019628024211900526,
19,22,STAND,HEAD,5,1,LARGE,1.0673284062164852,0.3387247146396111,6.636574275164655,8.145395646919035,1.4823760000000163,1.0,1.56606333333332,1.56606333333332,0.6849093650664068,-0.8016589776988453,0.3080039871880883,0.21816993749513935,0.6853312378252524,0.8016589776988453,0.30705391318363884,0.21816993749513935,1.0,25.98589381347029,"(-0.7622587105818397, -1.212210718484485)",0.018678122839575578,
20,22,STAND,HEAD,5,2,LARGE,0.6663882892517212,0.36211536622352225,13.226849475744084,9.683538232983759,1.3520300000000134,1.0,0.2806833333333164,0.2806833333333164,0.6630629011623279,0.027330196404225404,0.36502589561188675,0.042456671337306864,0.6630629011623279,0.04260247391288807,0.36502589561188675,0.025755304628477395,0.2806833333333164,26.745437826798796,"(-1.4005917290221284, -0.04561287407294401)",0.027991697536537078,
21,22,STAND,HEAD,5,3,LARGE,0.8152044597064503,0.2627887092324205,12.529497748414897,9.750026666156486,1.6341250000000116,1.0,0.41761033333333064,0.41761033333333064,0.7173633934617208,0.10835812381385719,0.205997954433275,0.4133259252534805,0.7173633934617208,0.34060782263215056,0.205997954433275,0.24906332624025074,0.41761033333333064,25.63314925782722,"(-1.0415501924534034, 0.9443387774791319)",0.024131349532863996,
22,22,STAND,HEAD,5,4,LARGE,0.7415859725870564,0.3065651443873117,13.125191418351632,9.910715838827743,1.999336999999997,1.0,0.39690433333334074,0.39690433333334074,0.6376042747286155,0.1672851840890629,0.2130159262721234,0.4114356081110475,0.6376042747286155,0.34292599009192215,0.2130159262721234,0.2749399908729553,0.39690433333334074,25.906713915371178,"(-1.0164738280026473, 0.9866136599199677)",0.019256045170650583,
23,22,STAND,HEAD,5,5,LARGE,0.7961731336292676,0.2950912631758563,11.107745645372901,10.105436245505663,1.7002640000000042,1.0,0.6848153333333206,0.6848153333333206,-0.1470289620035396,0.7343034724072481,0.3225119613210852,0.24085492953276563,0.27375663649040194,0.7343034724072481,0.22208438153928392,0.24085492953276563,0.6848153333333206,25.848292313305166,"(0.7671695312164504, 1.2031224352749774)",0.019468726231675067,
24,22,STAND,HEAD,5,6,LARGE,0.8635615452247805,0.16983174153269087,10.27122365945813,9.50832162923869,1.315445000000011,1.0,0.7165913333333284,0.7165913333333284,0.10867214605233722,-0.7346847542643664,0.4163561162457821,0.23322394739572877,0.36071154613502604,0.7346847542643664,0.22839393124818888,0.23322394739572877,0.7165913333333284,25.78932144931543,"(1.2418228134270377, -0.09416453962498395)",0.02342049169872799,
25,22,STAND,HEAD,5,7,LARGE,0.6199919441686027,0.40968289214740317,8.850208922977894,9.531437190351756,1.3490600000000086,1.0,0.9339533333333369,0.9339533333333369,-0.5689294115624169,0.07615629082071626,0.46461376629278295,0.08888486237645285,0.6102575275826314,0.0973578768846592,0.407713016218502,0.06444856651959127,0.9339533333333369,26.57285545414541,"(1.416279433851412, 0.07306149573719267)",0.023118233810896782,
26,22,STAND,HEAD,5,8,LARGE,1.2634092703745843,0.09079463421979565,12.855709472439768,9.778568855303963,1.7689980000000105,1.0,0.31278233333333294,0.31278233333333294,-1.0223957415075209,-0.7412905804385832,0.05534083022048583,0.08161809349900259,1.0223957415075209,0.7412905804385832,0.05534083022048583,0.08161809349900259,0.31278233333333294,25.847230937237367,"(1.1000697720994017, -0.9245462729749789)",0.016940428549631868,
27,22,WALK,HEAD,5,0,LARGE,,,,,,,,,,,,,,,,,,,,,"('no success frames', 0)"
28,22,WALK,HEAD,5,1,LARGE,,,,,,,,,,,,,,,,,,,,,"('no success frames', 0)"
29,22,WALK,HEAD,5,2,LARGE,11.616429871475146,6.232532211088815,13.361864320638139,7.812936916709734,1.365000000000009,1.0,0.049670333333354695,0.049670333333354695,-11.574519656026515,-0.35243213433899506,6.27348534875403,0.582629633214662,11.574755270636551,0.5496233274175082,6.273048628369493,0.40095379463264136,0.049670333333354695,32.891012619578376,"(-0.02579979979891789, 1.4544770196021233)",0.9121144878331309,
30,22,WALK,HEAD,5,3,LARGE,,,,,,,,,,,,,,,,,,,,,"('no success frames', 0)"
31,22,WALK,HEAD,5,4,LARGE,,,,,,,,,,,,,,,,,,,,,"('no success frames', 0)"
32,22,WALK,HEAD,5,5,LARGE,,,,,,,,,,,,,,,,,,,,,"('no success frames', 0)"
33,22,WALK,HEAD,5,6,LARGE,10.096547546900076,3.9398881321469412,12.887954871274848,8.951401967978333,2.916033000000084,1.0,0.21683333333331423,0.21683333333331423,9.89980523663991,0.7061921606617135,4.2911092102274075,0.7563100459268204,10.05001089432992,0.7698142105076319,3.9234003618454985,0.6909030917885984,0.21683333333331423,40.19035679173511,"(1.3286009235805665, 0.5242231616850717)",0.9222690210300716,
34,22,WALK,HEAD,5,7,LARGE,,,,,,,,,,,,,,,,,,,,,"('no success frames', 0)"
35,22,WALK,HEAD,5,8,LARGE,7.954167577963541,4.774875591874494,13.071946926121289,7.679071280949413,3.0350949999999557,1.0,0.41840433333337235,0.41840433333337235,7.90466895391925,-0.014222361096220312,4.825250315710108,0.5548803589446283,7.90466895391925,0.4551101135736716,4.825250315710108,0.3149614272963373,0.41840433333337235,71.16079740205988,"(-1.356057392484388, 0.30352932643830854)",0.915656710090333,
36,22,STAND,HEAD,6,0,SMALL,0.9886036655811995,0.1877954900553515,6.162237718228931,4.246621509317577,1.283660000000026,1.0,0.31595733333333176,0.31595733333333176,0.5643266036949268,-0.8092066832724498,0.15071377117723522,0.12980139404765068,0.5643266036949268,0.8092066832724498,0.15071377117723522,0.12980139404765068,0.31595733333333176,12.222232013638921,"(-0.8330163091132139, -1.1305533357450912)",0.02529448992668734,
37,22,STAND,HEAD,6,1,SMALL,0.3813591507888061,0.3766759773007885,6.50040581858759,5.226199895649973,1.4461060000000145,1.0,0.6702043333333184,0.6702043333333184,0.2907922934628693,-0.19650224195533583,0.34258683586295224,0.21763821795397367,0.2907922934628693,0.2156517566079044,0.34258683586295224,0.1981568727568503,0.6702043333333184,12.135920906809694,"(-1.2363493700039108, -0.719949809007943)",0.014559995672898014,
38,22,STAND,HEAD,6,2,SMALL,1.0265427030293253,0.1992230092974939,7.575771845622622,4.72130193421822,1.3837589999999977,1.0,0.26786033333331905,0.26786033333331905,1.0193412743327714,-0.09402886094665633,0.20570423559773632,0.06073123570985152,1.0193412743327714,0.09402886094665633,0.20570423559773632,0.06073123570985152,0.26786033333331905,12.623827468691614,"(-1.4281483299659339, -0.009593119175633547)",0.015540714645499004,
39,22,STAND,HEAD,6,3,SMALL,0.7895411066660122,0.21271961138439116,6.645445887727871,4.502713540321017,1.2326209999999946,1.0,0.3017503333333328,0.3017503333333328,0.5470109804035762,-0.37909913582010923,0.3906525677547018,0.29044030454862907,0.5470109804035762,0.4220228275358283,0.3906525677547018,0.21867616196823367,0.3017503333333328,12.090135518081972,"(-1.3181694777783637, 0.24092154271299648)",0.015411790423220094,
40,22,STAND,HEAD,6,4,SMALL,0.7992348114048587,0.23717975057897497,6.956721469274166,4.8258341687746755,1.4144739999999842,1.0,0.46770533333332953,0.46770533333332953,0.6919861175832134,0.03329049620652227,0.1943296198177503,0.42827801576094726,0.6919861175832134,0.3527541274412616,0.1943296198177503,0.23526896732005032,0.46770533333332953,12.18798770437579,"(-1.055016696793519, 0.9633763803800122)",0.008133328577264115,
41,22,STAND,HEAD,6,5,SMALL,0.7567943162823345,0.27771128001180756,6.433328848920176,4.864027784044725,1.4972840000000076,1.0,0.6355213333333457,0.6355213333333457,-0.47670654274637925,0.5738515859815886,0.2556654960215652,0.1684965868689317,0.47670654274637925,0.5738515859815886,0.2556654960215652,0.1684965868689317,0.6355213333333457,11.686231781436328,"(0.9750078141479186, 1.0784305817618076)",0.01353583816388621,
42,22,STAND,HEAD,6,6,SMALL,0.9550757594527701,0.2097966567890235,7.557270435141231,4.362204592180496,1.4154159999999933,1.0,0.23376233333334728,0.23376233333334728,-0.6340878160136054,0.7059929829452253,0.22601287316026025,0.07471342316458693,0.6340878160136054,0.7059929829452253,0.22601287316026025,0.07471342316458693,0.23376233333334728,11.676959102381216,"(1.0982755217851654, 0.8518621723643918)",0.016765006489269794,
43,22,STAND,HEAD,6,7,SMALL,1.450615298648634,0.8604357016551233,3.5645807588467346,3.8376679212346456,1.1640339999999867,2.0,1.1523756666667035,0.5761878333333518,-1.4051788183659037,-0.15363064581997574,0.890865406509607,0.23171667343466595,1.4053329597946989,0.23640705854902297,0.8906203297208322,0.14544573209719758,0.7846303333333556,12.291998016673858,"(1.1463695796261038, -0.6444335397092971)",0.016314972438151117,
44,22,STAND,HEAD,6,8,SMALL,0.821605375234836,0.2677904143289633,6.9067594114701985,4.492231932958226,1.2325130000000115,1.0,0.21723233333333003,0.21723233333333003,-0.5163734135091328,-0.6328477209810283,0.10125938102835376,0.2647146853742039,0.5163734135091328,0.6328477209810283,0.10125938102835376,0.2647146853742039,0.21723233333333003,12.473252523148597,"(0.7369011657276987, -1.1496827331549042)",0.014029830339104243,
45,22,WALK,HEAD,6,0,SMALL,,,,,,,,,,,,,,,,,,,,,"('no success frames', 0)"
46,22,WALK,HEAD,6,1,SMALL,,,,,,,,,,,,,,,,,,,,,"('no success frames', 0)"
47,22,WALK,HEAD,6,2,SMALL,5.435712515974381,3.1869250779718254,5.492951510940519,2.9970575916199818,0.7133669999999483,3.0,0.7795430000000806,0.2598476666666935,-5.070925264314564,-0.39272735401270625,3.6370953806768522,0.7879050930372378,5.251518977959728,0.7248944913869683,3.3700208744827336,0.4981091081942427,0.5660813333333029,8.920389484377306,"(-1.0882714220709033, 0.355490756778849)",0.9417229739719687,
48,22,WALK,HEAD,6,3,SMALL,8.036106706255175,3.752414590514969,9.636442711240107,5.569260973793505,2.280399999999986,1.0,0.03333333333333333,0.03333333333333333,-8.001522478960148,0.5020762402368563,3.7738790151160138,0.3779909372118367,8.001522478960148,0.5293874357510961,3.7738790151160138,0.33842845226519347,0.03333333333333333,34.47623016676567,"(1.1199195181222308, 0.9441884948350179)",0.9061160862505024,
49,22,WALK,HEAD,6,4,SMALL,,,,,,,,,,,,,,,,,,,,,"('no success frames', 0)"
50,22,WALK,HEAD,6,5,SMALL,6.602270701565658,3.3334714114992123,6.7023646240396095,3.7992381514739915,2.2496419999999944,1.0,0.29766833333329334,0.29766833333329334,-6.41698521511387,1.1512151090293248,3.3912402730589446,0.8396974309567687,6.464741162810868,1.1925654246029795,3.2987275092950514,0.779479531973236,0.29766833333329334,21.01699498623507,"(-1.1997050229173567, 0.31692864340611493)",0.9063751806543987,
51,22,WALK,HEAD,6,6,SMALL,,,,,,,,,,,,,,,,,,,,,"('no success frames', 0)"
52,22,WALK,HEAD,6,7,SMALL,,,,,,,,,,,,,,,,,,,,,"('no success frames', 0)"
53,22,WALK,HEAD,6,8,SMALL,,,,,,,,,,,,,,,,,,,,,"('no success frames', 0)"
54,22,STAND,HEAD,7,0,LARGE,1.2776678459034148,0.3868655797970335,7.349637391740835,8.654855481498117,1.680876999999981,2.0,1.0818836666666736,0.5409418333333368,-0.06736686023852594,-1.2153717931789816,0.35429104062729183,0.42015739208240455,0.3308779365484884,1.2153717931789816,0.13946977717061076,0.42015739208240455,0.7483943333333248,26.63381780944442,"(-0.37917030740463087, -1.396500081323822)",0.020340146350480287,
55,22,STAND,HEAD,7,1,LARGE,1.1096306200239754,0.25376080922221184,7.902014785850208,8.715777591244276,1.6188960000000066,1.0,1.1806423333333405,1.1806423333333405,0.23557882656987938,-1.0731733732674265,0.1803176883360074,0.23729881821493276,0.2412309216321112,1.0731733732674265,0.172570093321127,0.23729881821493276,1.0,26.215170654226064,"(0.0058591358181949715, -1.4196320955247046)",0.02173387565450955,
56,22,STAND,HEAD,7,2,LARGE,0.8437115995279038,0.27702485559410794,14.17125842642744,9.653463105469346,1.4310150000000021,1.0,0.2511523333333249,0.2511523333333249,0.7530587380327243,-0.3547744932485252,0.31132981654109687,0.01249841840135373,0.7530587380327243,0.3547744932485252,0.31132981654109687,0.01249841840135373,0.2511523333333249,26.026461519510196,"(-1.3481621672746549, -0.33462472726297676)",0.028800248266458675,
57,22,STAND,HEAD,7,3,LARGE,0.9156605617223894,0.18338255815589738,12.037045790100978,9.465894004601502,1.5317839999999876,1.0,0.4178093333333398,0.4178093333333398,0.719780674352343,-0.018773876664256523,0.06965420432553283,0.6022358173377128,0.719780674352343,0.5136272893913064,0.06965420432553283,0.2962644762665823,0.4178093333333398,26.078299545594298,"(-0.8549518986195004, 1.1386096078414027)",0.03366878493749299,
58,22,STAND,HEAD,7,4,LARGE,0.3966296650570325,0.28944607918967713,11.458480903845047,10.34458122441309,1.5994310000000098,1.0,0.7461173333333325,0.7461173333333325,0.08833021743456496,-0.08014939241196246,0.19375893776799194,0.438922653003628,0.13119723826980562,0.357913110320893,0.1670724076226994,0.2610469459509606,0.7461173333333325,25.70220956884353,"(-0.6587644720911499, 1.151085460793439)",0.013083497828959614,
59,22,STAND,HEAD,7,5,LARGE,0.7971357778032413,0.2875367238185146,14.290301626414212,10.344478407224736,1.7350590000000068,1.0,0.29880833333334256,0.29880833333334256,-0.4933787498380703,0.6007588633524333,0.04565540157119527,0.3370872665426669,0.4933787498380703,0.6007588633524333,0.04565540157119527,0.3370872665426669,0.29880833333334256,27.547431841704196,"(0.53318256585642, 1.2601621952672275)",0.025082862144261912,
60,22,STAND,HEAD,7,6,LARGE,0.7858485441403626,0.2870394773084793,12.109551755631955,9.402749460224646,1.4670869999999923,1.0,0.3840413333333591,0.3840413333333591,-0.7170298519747791,0.14284596307262246,0.22646419886428504,0.3436279574063824,0.7170298519747791,0.2940229892751237,0.22646419886428504,0.2211122916725017,0.3840413333333591,25.780587153025103,"(1.2194404185424128, 0.7860530750248245)",0.027122231185028572,
61,22,STAND,HEAD,7,7,LARGE,0.783422280673243,0.2579323147410374,11.68792053302512,9.768171482897637,1.6174359999999979,1.0,0.4838973333333475,0.4838973333333475,-0.514120771487376,-0.5047948799544228,0.40321532687654993,0.045421081404521835,0.5162516435040779,0.5047948799544228,0.4003819299986771,0.045421081404521835,0.4838973333333475,25.963688270579176,"(1.271313612978556, -0.5385607410207882)",0.02563822041074585,
62,22,STAND,HEAD,7,8,LARGE,1.1919069633800405,0.12785254951646804,7.745824303867195,8.4874631456133,1.3164679999999862,1.0,1.0990983333333324,1.0990983333333324,-0.8609167199061711,-0.7628637846147289,0.18629448083660952,0.2840204027957962,0.8609167199061711,0.7628637846147289,0.18629448083660952,0.2840204027957962,1.0,25.814182636909944,"(1.1682612536730546, -0.8229739715330737)",0.01700392293230139,
63,22,WALK,HEAD,7,0,LARGE,,,,,,,,,,,,,,,,,,,,,"('no success frames', 0)"
64,22,WALK,HEAD,7,1,LARGE,7.465466287671325,4.9617405994189605,16.139991336160563,10.080935933964469,4.29869999999994,1.0,0.16679533333334196,0.16679533333334196,-7.221954097559519,-0.5212510947877328,5.2823065191989205,0.31568660648198693,7.387277140847248,0.5212510947877328,5.042818043406395,0.31568660648198693,0.16679533333334196,86.07851703443052,"(-1.3732667741671918, -0.14054096359797086)",0.9211252434012304,
65,22,WALK,HEAD,7,2,LARGE,11.511588012647367,7.917264445395751,12.830614586263662,7.779781355099272,1.5646330000000717,1.0,0.818133333333238,0.818133333333238,11.286940869834343,0.27770790215077007,8.197431330794887,0.7444370001970742,11.452133270330425,0.6469661342822762,7.963876167221201,0.459440371052484,0.818133333333238,27.848177774089304,"(-1.2091587483018884, 0.1446694635959176)",0.9160554562541718,
66,22,WALK,HEAD,7,3,LARGE,1.2335326660501906,0.18963061340214418,15.324438135115495,8.218882102299963,4.536839999999984,1.0,0.4332333333333357,0.4332333333333357,0.49594641422612745,0.9780156808216403,0.5299761110510899,0.29330848618004196,0.613865591393885,0.9780156808216403,0.38099815277619203,0.29330848618004196,0.4332333333333357,84.44279885402075,"(-0.08623887950477638, 1.3706702451195412)",0.9062081290542804,
67,22,WALK,HEAD,7,4,LARGE,,,,,,,,,,,,,,,,,,,,,"('no success frames', 0)"
68,22,WALK,HEAD,7,5,LARGE,,,,,,,,,,,,,,,,,,,,,"('no success frames', 0)"
69,22,WALK,HEAD,7,6,LARGE,,,,,,,,,,,,,,,,,,,,,"('no success frames', 0)"
70,22,WALK,HEAD,7,7,LARGE,,,,,,,,,,,,,,,,,,,,,"('no success frames', 0)"
71,22,WALK,HEAD,7,8,LARGE,5.2963249435464075,3.125254586350713,12.231083517497062,7.2325852079645125,4.098367000000053,1.0,0.24903333333330313,0.24903333333330313,-4.987656567090615,-0.35966463264807735,3.561501249603419,0.42929575849078216,5.257522659559728,0.46078453962340743,3.141379342889106,0.3159030526140468,0.24903333333330313,66.40247367749775,"(-1.330886728805794, -0.21141841224576297)",0.9259418982003917,
72,22,STAND,HEAD,8,0,SMALL,0.6306615863730485,0.25082654111939495,4.6513937374586485,4.029291505096387,1.097976999999986,1.0,0.41976133333332843,0.41976133333332843,-0.42154960424186355,-0.4162126454107433,0.05250755484133591,0.3301341608248092,0.42154960424186355,0.4162126454107433,0.05250755484133591,0.3301341608248092,0.41976133333332843,11.758821329394737,"(0.3208811780043943, -1.3022493289021497)",0.024941089583103485,
73,22,STAND,HEAD,8,1,SMALL,1.1659537246763245,0.13811904615259066,5.970080481941587,3.804280738540222,1.200224999999989,1.0,0.18468533333333614,0.18468533333333614,0.7247287836539534,-0.9109341691292997,0.13945488969019332,0.06734242454472318,0.7247287836539534,0.9109341691292997,0.13945488969019332,0.06734242454472318,0.18468533333333614,11.68367933160478,"(-0.977769918488228, -1.055794291983048)",0.013284638591072286,
74,22,STAND,HEAD,8,2,SMALL,0.6373779935063297,0.3775320775740835,6.232385193782119,4.309844121349825,1.1689400000000205,1.0,0.26437233333331467,0.26437233333331467,0.38906202215575264,-0.38114171825481835,0.5053185013961287,0.06801163048562556,0.4586112123065471,0.38114171825481835,0.43838422689013407,0.06801163048562556,0.26437233333331467,11.728621168060767,"(-1.3537177139314185, -0.48931680340140815)",0.01685552112886446,
75,22,STAND,HEAD,8,3,SMALL,0.5742421377052127,0.36275775176927755,7.559056852185383,4.847782800701023,1.2844390000000203,1.0,0.2665183333333251,0.2665183333333251,0.026121862778337383,0.39312576134488303,0.3967794395691224,0.4014337635079786,0.3265731426184125,0.41062804067269665,0.20951644068411782,0.38219984277795954,0.2665183333333251,12.507206647951413,"(-0.7965742181990567, 1.14761928261305)",0.025313436021531036,
76,22,STAND,HEAD,8,4,SMALL,0.4967330357928744,0.33131631498284114,5.406223727173674,4.992347074242449,1.3395139999999799,1.0,0.8786193333333491,0.8786193333333491,-0.09550410690060057,0.2714335901540184,0.10509745317839828,0.5156414872098267,0.13016445449521982,0.4584561186141434,0.05541079518552685,0.3559546878721479,0.8786193333333491,12.598038320529628,"(-0.21347577091955205, 1.465075674943094)",0.016535021064572185,
77,22,STAND,HEAD,8,5,SMALL,1.0554725041288697,0.1495298962454504,6.588266622298628,4.242383317777565,1.3473659999999938,1.0,0.31890233333334284,0.31890233333334284,-0.875528078443834,0.5765812861745745,0.054962628108756455,0.18774727885795015,0.875528078443834,0.5765812861745745,0.054962628108756455,0.18774727885795015,0.31890233333334284,11.513396711921114,"(1.025985116666965, 0.9721611329803181)",0.01729041815083147,
78,22,STAND,HEAD,8,6,SMALL,0.6009696554531236,0.3008321492738398,6.196345142296329,4.593891567448933,1.215469000000013,1.0,0.3673023333333295,0.3673023333333295,-0.5502181412270866,0.12277890428849705,0.2556002601799099,0.2658681003045324,0.5502181412270866,0.22945386864044454,0.2556002601799099,0.17672777749683075,0.3673023333333295,12.691660625057086,"(1.2163128181433327, 0.6270170177573391)",0.017158600087657443,
79,22,STAND,HEAD,8,7,SMALL,0.43632254788750663,0.31856635370087116,5.813018686302476,5.048655704003043,1.1806489999999883,1.0,0.520744333333342,0.520744333333342,-0.20992026373630168,-0.26336890106492583,0.3711942093683549,0.20808752777102463,0.28156541092338105,0.26336890106492583,0.3183682635559517,0.20808752777102463,0.520744333333342,13.00858112845896,"(1.2868702790490385, -0.3067921320951257)",0.027215361353292965,
80,22,STAND,HEAD,8,8,SMALL,3.802345266762198,2.739718961740576,4.89492648755304,3.5909520156588477,1.180435000000017,2.0,0.9533856666666376,0.4766928333333188,-2.937137859070637,-2.3389646214296302,2.09144494264692,1.8694066012745774,2.937137859070637,2.3628983746250225,2.09144494264692,1.8388520975992426,0.7181933333333196,13.092208687985774,"(1.354699630359185, -0.6152803993620921)",0.01850012223645031,
81,22,WALK,HEAD,8,0,SMALL,,,,,,,,,,,,,,,,,,,,,"('no success frames', 0)"
82,22,WALK,HEAD,8,1,SMALL,7.842542492374952,6.581028489716426,10.425296143408502,6.59588877305959,3.332347000000027,2.0,0.36702166666674807,0.18351083333337403,-5.94196192652875,-0.35497368432238147,8.329166664980352,0.4740726020691644,7.81464988578583,0.4673630023831561,6.587753336387318,0.3627020684190761,0.2326753333333348,60.9815562405159,"(1.3975745732576144, 0.3164666172391435)",0.9065130551825518,
83,22,WALK,HEAD,8,2,SMALL,,,,,,,,,,,,,,,,,,,,,"('no success frames', 0)"
84,22,WALK,HEAD,8,3,SMALL,,,,,,,,,,,,,,,,,,,,,"('no success frames', 0)"
85,22,WALK,HEAD,8,4,SMALL,,,,,,,,,,,,,,,,,,,,,"('no success frames', 0)"
86,22,WALK,HEAD,8,5,SMALL,,,,,,,,,,,,,,,,,,,,,"('no success frames', 0)"
87,22,WALK,HEAD,8,6,SMALL,9.01705325165158,4.598652743545538,6.822524958187379,3.8503133656598663,4.018734999999992,1.0,0.13023333333333842,0.13023333333333842,-8.829853915537907,1.122214945491497,4.777402361214984,0.6639858805109127,8.936821628201605,1.1435759904829628,4.570656569796655,0.6258252584682857,0.13023333333333842,45.951506992383784,"(-1.444882298856868, -0.2246518617661053)",0.9791290147344479,
88,22,WALK,HEAD,8,7,SMALL,12.925766371645008,4.772874922612903,11.843063778991276,4.950671729793077,2.5137640000000374,1.0,0.1322103333333492,0.1322103333333492,12.843225476155006,-0.029586984267774123,4.96052363193018,0.5602944412563947,12.882510221266116,0.4219996778097388,4.856890259055265,0.36814698798407486,0.1322103333333492,36.962066552250675,"(1.2229911217913383, 0.7051197432915046)",0.9555041485950183,
89,22,WALK,HEAD,8,8,SMALL,,,,,,,,,,,,,,,,,,,,,"('no success frames', 0)"
90,22,STAND,HEAD,9,0,LARGE,0.8329669400367324,0.38205972880331046,8.315602236895675,9.148710902822794,1.9323389999999563,1.0,0.8831913333333735,0.8831913333333735,-0.3448075311059607,-0.7272367966208755,0.04991755312708895,0.43640520872774025,0.3448075311059607,0.7287177878430315,0.04991755312708895,0.43387898164884287,0.8831913333333735,25.521312993865266,"(0.4188932227315121, -1.375036391808763)",0.015154589239599559,
91,22,STAND,HEAD,9,1,LARGE,1.096815553194895,0.164411028127437,12.341015677470793,9.34882903249758,1.7021179999999845,1.0,0.26588133333334174,0.26588133333334174,0.6917050829091242,-0.8498302491371135,0.06442752332812986,0.15932354336829288,0.6917050829091242,0.8498302491371135,0.06442752332812986,0.15932354336829288,0.26588133333334174,26.773489223512975,"(-0.8040739937308512, -1.160426004327661)",0.024806124838832145,
92,22,STAND,HEAD,9,2,LARGE,0.9700713312018271,0.22913948651090393,13.48844396481602,9.54816856347473,1.3622430000000065,1.0,0.2510463333333367,0.2510463333333367,0.8922013512299917,0.3632710784029872,0.2564146789525225,0.028451116181865112,0.8922013512299917,0.3632710784029872,0.2564146789525225,0.028451116181865112,0.2510463333333367,26.479749720801067,"(-1.4049461045287508, 0.3188402594924469)",0.03255428148698878,
93,22,STAND,HEAD,9,3,LARGE,0.5206963339412841,0.23808447013503198,10.487617342025583,10.225451171180893,1.4796899999999766,1.0,0.9338003333333537,0.9338003333333537,0.2686379054570074,-0.14775259601283014,0.266985486463966,0.4071985049922788,0.2742075677025508,0.3676343983813643,0.26115473178833043,0.22447228010053533,0.9338003333333537,25.374003090557355,"(-1.0746532125482613, 0.956701460632118)",0.020320719435468534,
94,22,STAND,HEAD,9,4,LARGE,0.5110972783610335,0.25660823716298675,11.993772120432892,10.502749729287077,1.648163000000011,1.0,0.6840443333333345,0.6840443333333345,0.09490149184115464,-0.02222024500423423,0.43670521252487393,0.3651179389668193,0.34880183208737203,0.31420749913507856,0.27416489828700347,0.1804430967818581,0.6840443333333345,27.014731337884577,"(-1.121419224266651, 0.8171020565635132)",0.0153783063398213,
95,22,STAND,HEAD,9,5,LARGE,0.8837086394775627,0.21199509287494087,11.979902783714499,9.655835910699228,1.681824000000006,1.0,0.4331743333333141,0.4331743333333141,-0.5286323835964089,0.6953597795331729,0.21847025228924105,0.12619306077834422,0.5286323835964089,0.6953597795331729,0.21847025228924105,0.12619306077834422,0.4331743333333141,25.552018780913166,"(0.8892476679555623, 1.051201261586158)",0.018080307012514445,
96,22,STAND,HEAD,9,6,LARGE,0.5822113165758398,0.42684994282874394,12.018984387278547,9.861582634665625,1.7198329999999658,1.0,0.4472433333333773,0.4472433333333773,-0.4345742661720187,0.2595208218422606,0.49564178298089717,0.15038228190573072,0.5128892294224728,0.2595208218422606,0.41047799629737536,0.15038228190573072,0.4472433333333773,25.790134897087565,"(1.3110294926146713, 0.5788799633276938)",0.03063220050147441,
97,22,STAND,HEAD,9,7,LARGE,1.1755345040614475,0.2606609241398493,8.489025368926052,9.764659869207186,1.8479879999999866,2.0,1.3997816666666874,0.6998908333333437,-1.0910440994675807,0.4073398270154424,0.298058860149418,0.07031675484608037,1.0910440994675807,0.4073398270154424,0.298058860149418,0.07031675484608037,0.7823723333333438,26.290622041353938,"(1.30760259307195, 0.5386369838847003)",0.017379857755408443,
98,22,STAND,HEAD,9,8,LARGE,0.9536393537616908,0.22912535634752249,8.659799773204877,9.355858832379967,1.3993460000000084,1.0,1.1337743333333512,1.1337743333333512,-0.8693063471595672,-0.3076683418208443,0.28964925734851,0.16903103522674282,0.8693063471595672,0.3076683418208443,0.28964925734851,0.16903103522674282,1.0,25.740887291752117,"(1.2295601564847787, -0.7789732425744518)",0.020464608905629737,
99,22,WALK,HEAD,9,0,LARGE,,,,,,,,,,,,,,,,,,,,,"('no success frames', 0)"
100,22,WALK,HEAD,9,1,LARGE,1.3575304754980477,0.47887802632979964,8.521684465305722,8.175533480111682,3.599052000000029,2.0,0.7152146666666719,0.35760733333333594,-0.739282312328082,-0.5116862916938163,1.0708473484886518,0.35959536847846046,1.1587420451604975,0.5312896194634379,0.5841257095614263,0.32957926448939223,0.4486813333333278,65.28054081485297,"(-0.2508455751220424, -1.2997503376424788)",0.9677148546671205,
101,22,WALK,HEAD,9,2,LARGE,10.449318816407898,9.503951265698499,13.679463177955407,10.788007822264143,1.9487400000000434,1.0,0.21693333333328912,0.21693333333328912,-10.388265479898239,0.1445450330939506,9.560268741187059,0.42957813085126706,10.436783346093364,0.37725095045087714,9.506986898840244,0.24989035011476318,0.21693333333328912,39.58568343691962,"(-1.3635461802143283, 0.08972947704081946)",0.9370884057546811,
102,22,WALK,HEAD,9,3,LARGE,1.2749070600882677,0.3004787883355422,18.497448879218357,10.223527842415873,4.296434999999974,1.0,0.6353983333332583,0.6353983333332583,0.6369315449491341,1.0448674610483524,0.23756705140039824,0.40569607620861997,0.6369315449491341,1.0448674610483524,0.23756705140039824,0.40569607620861997,0.6353983333332583,72.85383153727986,"(-1.3866881979425187, 0.08607065631260014)",0.9302308838053971,
103,22,WALK,HEAD,9,4,LARGE,,,,,,,,,,,,,,,,,,,,,"('no success frames', 0)"
104,22,WALK,HEAD,9,5,LARGE,1.3879463476612837,0.06055827200648799,15.760434205669522,5.723693233367903,5.113746999999989,1.0,0.0495863333333394,0.0495863333333394,1.3767432336455698,0.17449681592070476,0.06415440774288468,0.024484769500971098,1.3767432336455698,0.17449681592070476,0.06415440774288468,0.024484769500971098,0.0495863333333394,78.98251430150574,"(-1.3313792168875693, 0.19181016247063098)",0.9213669928224727,
105,22,WALK,HEAD,9,6,LARGE,11.94426710088829,4.98866267878529,16.661734271966353,10.952833744504083,2.018199999999979,1.0,0.1830333333332722,0.1830333333332722,-11.883573045976137,0.8897785047159441,4.9753673419419,0.8890569925723902,11.883573045976137,1.0431354241782889,4.9753673419419,0.701738181177463,0.1830333333332722,52.74529775462474,"(1.4334402591476874, 0.14434712265145322)",0.9393573832812444,
106,22,WALK,HEAD,9,7,LARGE,12.361681179992631,4.039201587499196,13.957608430618786,6.20230591558447,1.28435300000001,1.0,0.08339133333336879,0.08339133333336879,12.336778971183463,0.11816186284636311,4.090374538348374,0.4333186246741952,12.346834122152911,0.3424979080730123,4.059784897598263,0.28975682838369077,0.08339133333336879,29.4558468932478,"(0.8599853479691291, -0.9013827336956837)",0.9560377126290172,
107,22,WALK,HEAD,9,8,LARGE,2.2897382479921835,1.9654239952915158,12.007024108313685,8.58247974368172,4.532500000000027,1.0,0.4151333333333317,0.4151333333333317,1.5481121039919106,0.3727420114199846,2.563340820684158,0.2559705194331479,2.1976019709764225,0.37450603358563295,2.01954850398132,0.25331915523459636,0.4151333333333317,56.10484048535851,"(1.1509955131492973, 0.8435956747642592)",0.9940199810152192,
108,22,STAND,EYE,4,0,SMALL,0.6136139749615566,0.3783573338547346,6.113317310498798,4.554718908040235,1.0678100000000086,1.0,0.1849753333333145,0.1849753333333145,-0.028098957722312613,-0.19585863861318842,0.14726715646886643,0.7045029323810464,0.12278837038449382,0.5962411209373698,0.07624100209484615,0.37939875766050946,0.1849753333333145,12.526846201007325,"(-0.20915792103087671, -1.2554973263669496)",0.007771057674486688,
109,22,STAND,EYE,4,1,SMALL,0.998867799526421,0.20696647334383458,7.270629492525069,4.621333384653276,1.164656999999977,1.0,0.1658563333333537,0.1658563333333537,0.7572722751295391,0.42714821988289015,0.4129800952765809,0.3799079362927481,0.7572722751295391,0.46917791543030773,0.4129800952765809,0.319294043410626,0.1658563333333537,13.226329258385604,"(-1.4169716290252041, -0.1755542768070626)",0.006165061646134297,
110,22,STAND,EYE,4,2,SMALL,0.7693888662733971,0.3338954965105603,6.562237206770475,4.712297372604239,1.100845000000021,1.0,0.18081233333330904,0.18081233333330904,0.3652091402810329,0.47011913627343205,0.6124415697229498,0.019174136195660017,0.5421404946761159,0.47011913627343205,0.4435182682813855,0.019174136195660017,0.18081233333330904,13.368277115633143,"(-1.3780000134689514, 0.4345252372857402)",0.006261068835419162,
111,22,STAND,EYE,4,3,SMALL,0.7259955503915683,0.3243276962212499,5.1987624930671235,4.9240786895956825,1.2170720000000017,1.0,0.7656933333333332,0.7656933333333332,-0.35132475796936885,0.5921542451185988,0.04320890811357824,0.39688745638726464,0.35132475796936885,0.6005103438848908,0.04320890811357824,0.3838321630762113,0.7656933333333332,14.239918037515483,"(0.18668790301219337, 1.3641136345866869)",0.005905743535160272,
112,22,STAND,EYE,4,4,SMALL,0.6133365819469617,0.4701391860523867,6.842387140776084,4.8270781121856885,1.117018999999999,1.0,0.18361733333333252,0.18361733333333252,0.2036420117683897,0.4654656368225261,0.0944038371358924,0.5859089117214228,0.2036420117683897,0.5672126498273287,0.0944038371358924,0.4759649806090825,0.18361733333333252,13.282739504456853,"(-0.368518316700825, 1.4047941417514664)",0.012183252990553286,
113,22,STAND,EYE,4,5,SMALL,0.9621675481860947,0.2692420380684411,7.225144413917683,4.473720543054541,1.167771000000016,1.0,0.11591333333331211,0.11591333333331211,-0.414406837207373,0.8682008383255754,0.117073098170717,0.24310073388360365,0.414406837207373,0.8682008383255754,0.117073098170717,0.24310073388360365,0.11591333333331211,13.42850099443929,"(0.6146018852658148, 1.2558617872485058)",0.007630062353159128,
114,22,STAND,EYE,4,6,SMALL,0.5778517862548557,0.30335699129553034,6.169262027141742,4.962535547767482,1.1659850000000063,1.0,0.40175733333333785,0.40175733333333785,0.12196760534529406,0.4957581175853188,0.285863113042866,0.2947850836004418,0.27310295504019655,0.4957581175853188,0.13890479062911035,0.2947850836004418,0.40175733333333785,13.714950521074991,"(0.7794782980466994, 1.1294739535254337)",0.008411250447168714,
115,22,STAND,EYE,4,7,SMALL,0.8800513695151131,0.3304524301232778,7.229668144866745,4.657020789651013,1.1316139999999848,1.0,0.14957533333333306,0.14957533333333306,-0.29258204831183465,-0.686687702301203,0.5680868874922905,0.18673967281863824,0.5071449952241205,0.686687702301203,0.3558339606157731,0.18673967281863824,0.14957533333333306,13.078341180481118,"(1.1071959266116629, -0.952153712975317)",0.00747779518401469,
116,22,STAND,EYE,4,8,SMALL,0.7510818970549009,0.32597156929004556,6.2633593381389,4.484975092509404,1.0820469999999887,1.0,0.18363233333332307,0.18363233333332307,0.2060516989624892,-0.5148842440371368,0.3172036990686584,0.5391724917097848,0.3118844482358954,0.5602242972190282,0.19928138014842603,0.48635926341431535,0.18363233333332307,12.758501853538368,"(0.28792223101453196, -1.3678699632972382)",0.0075275973605779265,
117,22,WALK,EYE,4,0,SMALL,,,,,,,,,,,,,,,,,,,,,"('no success frames', 0)"
118,22,WALK,EYE,4,1,SMALL,,,,,,,,,,,,,,,,,,,,,"('no success frames', 0)"
119,22,WALK,EYE,4,2,SMALL,11.913546949345804,4.378586231430306,11.498425018344037,4.306579234316656,0.6667639999999437,1.0,0.03333333333333333,0.03333333333333333,-11.879455294823835,0.40844567432306145,4.408608079145613,0.6188657663206925,11.881179879644707,0.5901126025913916,4.403940252944592,0.44820689017119913,0.03333333333333333,14.208600981420606,"(-0.2241960267132015, 1.3303927031115421)",0.8920298711654759,
120,22,WALK,EYE,4,3,SMALL,7.2422816185877075,3.2967596650007525,8.990901226309905,4.0298532412441554,3.484338999999977,1.0,0.266994333333317,0.266994333333317,-6.850987277594974,0.7870929346753073,3.950976172964851,0.45163880075742757,7.087780223341679,0.7971766706536381,3.5036529622465378,0.433402302179981,0.266994333333317,40.139478183451985,"(-1.0746585893448497, 1.0201924401235374)",0.8813594166356753,
121,22,WALK,EYE,4,4,SMALL,,,,,,,,,,,,,,,,,,,,,"('no success frames', 0)"
122,22,WALK,EYE,4,5,SMALL,2.4714550454978093,1.2414299715823975,9.041067294699603,4.229573191803978,4.7702620000000024,1.0,0.09620133333331371,0.09620133333331371,-2.001087017070347,0.6884098157541457,1.7713145642498977,0.39849410777271077,2.1602856390019847,0.6884098157541457,1.5569554022845469,0.39849410777271077,0.09620133333331371,59.861950026193156,"(-0.7620935569512426, 1.2883416588573198)",0.9200868070382703,
123,22,WALK,EYE,4,6,SMALL,10.811871328844656,6.317085656068356,10.182129723172082,5.693285952231215,1.49684400000001,2.0,0.5700246666666013,0.28501233333330067,10.427078447289011,0.7238649553531795,6.871045020017966,0.5812943238174474,10.704892512825579,0.7516786662125015,6.427582409799886,0.5446799062157934,0.41869133333332986,17.179402241934167,"(1.1923838138659022, 0.6492857923164053)",0.889478750853585,
124,22,WALK,EYE,4,7,SMALL,1.6929619627254375,0.6983753314828027,13.257500770537241,6.434169771188939,4.516100000000051,1.0,0.3158333333333606,0.3158333333333606,-1.4463477307977073,0.7671764611122991,0.7801428382736426,0.2667307955087162,1.4463477307977073,0.7671764611122991,0.7801428382736426,0.2667307955087162,0.3158333333333606,52.457714170177496,"(1.4356985288840463, 0.17716849525677958)",0.8407817679406203,
125,22,WALK,EYE,4,8,SMALL,,,,,,,,,,,,,,,,,,,,,"('no success frames', 0)"
126,22,STAND,EYE,5,0,LARGE,0.6119276090852512,0.3352048921063566,10.801598014368045,9.35687681539276,1.5136719999999855,1.0,0.4022453333333279,0.4022453333333279,-0.34895403503794176,0.17532954659189795,0.4963626189347115,0.31308298647753474,0.4035426729851955,0.32740531090026204,0.4510331559268892,0.13450649261669043,0.4022453333333279,28.806462008002235,"(1.3648943360264392, -0.5190244889150648)",0.008088766080009063,
127,22,STAND,EYE,5,1,LARGE,0.6618722535698787,0.13339850625145924,11.8325357120215,9.661762471300984,1.23481799999999,1.0,0.36586433333335056,0.36586433333335056,0.5175026406009545,0.3699929179835596,0.18627224330249817,0.13467556343610226,0.5175026406009545,0.3807695592412579,0.18627224330249817,0.0981950844273747,0.36586433333335056,27.10500852314466,"(-1.1681684647486104, -0.1131547332058318)",0.0094892355391179,
128,22,STAND,EYE,5,2,LARGE,0.6350131107191985,0.17749729439390446,10.753032954579986,9.86622538470795,1.203017999999986,1.0,0.4984063333333514,0.4984063333333514,-0.45467123610866966,0.19904997574228486,0.3931742424636588,0.198538450142606,0.5768890042810135,0.2166412238543833,0.154946172574722,0.17844838882786265,0.4984063333333514,27.100189419311494,"(-1.0373877839368166, -0.03001046659440476)",0.007968319477926639,
129,22,STAND,EYE,5,3,LARGE,0.648906398186126,0.2521915172610441,14.055987511775033,11.144308760776395,1.3821680000000072,1.0,0.48589333333333873,0.48589333333333873,-0.5355474644115806,-0.04884206749194421,0.33826278699868273,0.29316595779862836,0.5762716603146749,0.21493235898119373,0.2597437438880647,0.2012791620715724,0.48589333333333873,27.86379720379872,"(-0.4675143170865663, 1.0064033289878296)",0.01011406812286503,
130,22,STAND,EYE,5,4,LARGE,1.0206464729750655,0.5690211483531251,7.690220755714412,9.987090342548045,1.4850309999999922,2.0,1.677241666666678,0.838620833333339,0.20945274968878463,0.8302655208844103,0.6210394526320261,0.4989214440603576,0.5298324483226741,0.8302655208844103,0.3834803657429221,0.4989214440603576,0.8459403333333474,27.947040737573854,"(1.136588292685762, 0.7893154541871468)",0.008994531960499515,
131,22,STAND,EYE,5,5,LARGE,0.7309153841659386,0.22103990117486355,14.476792156272895,9.738890850765989,1.314436999999998,1.0,0.21907933333332796,0.21907933333332796,0.05300675674227199,0.7289323253508032,0.011517831663870689,0.22095016373958706,0.05300675674227199,0.7289323253508032,0.011517831663870689,0.22095016373958706,0.21907933333332796,27.333427101029514,"(-0.050153085926943675, 1.1025410748990225)",0.005959371394383162,
132,22,STAND,EYE,5,6,LARGE,0.6953980212967351,0.29863728941422213,15.316695225178847,9.471889423278451,1.2817079999999805,1.0,0.10286733333333775,0.10286733333333775,-0.18217374509953216,0.5941328492856769,0.4120540797494261,0.20283560095533704,0.33981926624152053,0.5941328492856769,0.2587010615681279,0.20283560095533704,0.10286733333333775,27.696762874434256,"(0.7515412567003494, 0.866596684395148)",0.0066279857564428505,
133,22,STAND,EYE,5,7,LARGE,0.626431290536651,0.22575956808836123,12.055925897765796,9.846897948937787,1.2156590000000165,1.0,0.3863083333333198,0.3863083333333198,0.26595792658157436,0.10744414684884163,0.4661017087961295,0.39827549309319077,0.48653292717677454,0.3437861917196411,0.2082457465926162,0.21656488261474505,0.3863083333333198,26.382142474688216,"(1.2329604762398887, -0.7689204470084263)",0.009845014280736178,
134,22,STAND,EYE,5,8,LARGE,0.8008865582543727,0.30543809960490975,12.377170847167898,9.878164933125225,1.6350700000000131,1.0,0.3134853333333202,0.3134853333333202,0.7747045540334007,-0.12398119732544505,0.2825153206824453,0.20218981648131304,0.7747045540334007,0.18911541046184194,0.2825153206824453,0.13888057730601827,0.3134853333333202,30.689914593771082,"(-1.333487687810587, -0.4464371235419975)",0.013963989628721234,
135,22,WALK,EYE,5,0,LARGE,,,,,,,,,,,,,,,,,,,,,"('no success frames', 0)"
136,22,WALK,EYE,5,1,LARGE,,,,,,,,,,,,,,,,,,,,,"('no success frames', 0)"
137,22,WALK,EYE,5,2,LARGE,,,,,,,,,,,,,,,,,,,,,"('no success frames', 0)"
138,22,WALK,EYE,5,3,LARGE,,,,,,,,,,,,,,,,,,,,,"('no success frames', 0)"
139,22,WALK,EYE,5,4,LARGE,,,,,,,,,,,,,,,,,,,,,"('no success frames', 0)"
140,22,WALK,EYE,5,5,LARGE,,,,,,,,,,,,,,,,,,,,,"('no success frames', 0)"
141,22,WALK,EYE,5,6,LARGE,9.531979522822795,5.111102067566154,8.753105016523227,5.866819970246081,2.084100000000035,1.0,0.2522333333332957,0.2522333333332957,9.43818364116268,0.5960845540516636,5.219173756373206,0.5618602805404392,9.462089551854302,0.6801581105525696,5.1754593274693175,0.4558278906278808,0.2522333333332957,34.30161644725511,"(0.06486701252502769, -1.386374412141862)",0.8744187641756199,
142,22,WALK,EYE,5,7,LARGE,,,,,,,,,,,,,,,,,,,,,"('no success frames', 0)"
143,22,WALK,EYE,5,8,LARGE,10.60370402802956,4.190082509168923,11.429107078384245,6.452075860202758,2.8975399999999354,1.0,0.11773333333340663,0.11773333333340663,-10.540950409985188,0.4613340622372841,4.305621659749908,0.3759386502656266,10.570710084977405,0.4998278998387858,4.231443654752113,0.32254831408299117,0.11773333333340663,46.669261595994016,"(-1.0395653015958786, 0.9148341065127141)",0.873356755236703,
144,22,STAND,EYE,6,0,SMALL,0.7388132667761284,0.2005961870719964,4.98937890018921,4.5025798284036265,1.049789000000004,1.0,0.38323233333332685,0.38323233333332685,0.3535697635306152,0.29326617728679527,0.07892478366726868,0.6203082570444837,0.3535697635306152,0.6275206642119913,0.07892478366726868,0.24969811076488396,0.38323233333332685,12.489870842269948,"(-0.5364757722154962, -1.1696425722096393)",0.01035749121485333,
145,22,STAND,EYE,6,1,SMALL,1.2319312683289052,0.32909705264182654,4.350062002375732,4.409576939105523,1.100373999999988,2.0,0.8851616666666795,0.44258083333333975,-0.2075793983881672,1.1374193530362513,0.38760214368172813,0.3763127037701377,0.3812127327180849,1.1374193530362513,0.21558200555655135,0.3763127037701377,0.7326133333333492,13.272048977714583,"(-1.447164793372878, 0.29384678680229115)",0.007074532449823224,
146,22,STAND,EYE,6,2,SMALL,0.4846369044012764,0.3793202404755289,6.9514907092372065,4.86884619724983,1.151488999999998,1.0,0.23417033333331194,0.23417033333331194,0.2802483622033769,-0.09873911584698192,0.5501542722573551,0.0037225585874679974,0.4652963137362267,0.09873911584698192,0.39142229791186334,0.0037225585874679974,0.23417033333331194,13.463737326829026,"(-1.3330832565329818, -0.10745725395061356)",0.010032614875597319,
147,22,STAND,EYE,6,3,SMALL,1.128569628101201,0.11334407486640276,7.355754556988806,4.637085460338947,1.2142179999999883,1.0,0.15018433333333026,0.15018433333333026,-0.05114514506117597,1.1215373020191919,0.12589265642012148,0.10996538863074246,0.1190803636325941,1.1215373020191919,0.051308965336432255,0.10996538863074246,0.15018433333333026,13.75056673733985,"(-0.22592015203126115, 1.3586665825110487)",0.005806338205083931,
148,22,STAND,EYE,6,4,SMALL,0.5144319283339723,0.42462437021885135,6.510331070221983,4.914673217258649,1.0991510000000062,1.0,0.2533103333333334,0.2533103333333334,0.008217731799809684,0.23024745303515662,0.09890483257849435,0.631154680688381,0.07965101041906629,0.5051343986004702,0.05497805434067135,0.4250407046687619,0.2533103333333334,13.515924796480046,"(-0.21466492293619188, 1.447608513332625)",0.01781036542411208,
149,22,STAND,EYE,6,5,SMALL,0.8396715421901537,0.23715710925690428,7.088655728806496,4.527315820522163,1.1834360000000004,1.0,0.15029733333332917,0.15029733333332917,-0.1941657926092586,0.8156986903857817,0.09623147700940508,0.22192331465247767,0.1941657926092586,0.8156986903857817,0.09623147700940508,0.22192331465247767,0.15029733333332917,13.448899621338388,"(0.39587457883946175, 1.2380188765148006)",0.007014513844855171,
150,22,STAND,EYE,6,6,SMALL,0.8812526455871567,0.28236638746191456,7.83514098883888,4.097693323753655,1.4007699999999943,1.0,0.1475763333333494,0.1475763333333494,-0.7475621566732298,0.4621502227480274,0.20376765893709028,0.20731631339717693,0.7475621566732298,0.4621502227480274,0.20376765893709028,0.20731631339717693,0.1475763333333494,17.80419211320457,"(1.0885920138339724, 0.8182957180637658)",0.009836247333595517,
151,22,STAND,EYE,6,7,SMALL,0.77594025961298,0.34482920319588056,7.251953548749645,4.651231459389505,1.1501930000000016,1.0,0.20084433333335217,0.20084433333335217,-0.15564920388736797,-0.43297390627355853,0.7203017160549937,0.17176101524796075,0.6102942423761004,0.43297390627355853,0.3684819341357961,0.17176101524796075,0.20084433333335217,12.552395675921318,"(1.3040607175048518, -0.7088360325180645)",0.006827148604750605,
152,22,STAND,EYE,6,8,SMALL,0.6323996360733232,0.24676126345075067,6.157974809168912,4.87069221735904,1.1473390000000165,1.0,0.4029463333333202,0.4029463333333202,0.4301724926606501,-0.2263309952700041,0.14185634228489244,0.4602846718886091,0.43189565120334134,0.3389731592434639,0.13627259422882712,0.38116988736286755,0.4029463333333202,13.435928921216643,"(0.019816323240949174, -1.3948383189761557)",0.005755720688344364,
153,22,WALK,EYE,6,0,SMALL,12.226696419149393,6.19184946830234,11.076967312521154,6.044124552554365,1.299965000000043,1.0,0.2669153333332891,0.2669153333332891,11.902448807247353,0.221808901320277,6.761216397729113,0.6592359164727928,12.099985839340961,0.5357592388081908,6.39932183536881,0.44235944036359004,0.2669153333332891,16.437984470837648,"(1.427275515183311, -0.40143152575694785)",0.9082386318164811,
154,22,WALK,EYE,6,1,SMALL,,,,,,,,,,,,,,,,,,,,,"('no success frames', 0)"
155,22,WALK,EYE,6,2,SMALL,,,,,,,,,,,,,,,,,,,,,"('no success frames', 0)"
156,22,WALK,EYE,6,3,SMALL,,,,,,,,,,,,,,,,,,,,,"('no success frames', 0)"
157,22,WALK,EYE,6,4,SMALL,3.547972166436819,2.2621248001331233,8.44270056404248,4.888670427871672,3.598700000000008,2.0,0.20178266666670575,0.10089133333335287,-2.3422483025568144,0.7172392332384765,3.41438524376446,0.35246253685545126,3.3735776626316776,0.7172392332384765,2.386163385715699,0.35246253685545126,0.14984933333338024,41.90873140921098,"(-0.8768179823400217, 1.0439625804944086)",0.8986513035174658,
158,22,WALK,EYE,6,5,SMALL,,,,,,,,,,,,,,,,,,,,,"('no success frames', 0)"
159,22,WALK,EYE,6,6,SMALL,5.36998347610962,4.570222030039775,5.820414466332794,2.9248083425633746,3.9651620000000776,1.0,0.3329713333332923,0.3329713333332923,-5.024545865067972,0.6005530263751502,4.892714459117264,0.47996750352143824,5.302822363099095,0.6005530263751502,4.584587033863414,0.47996750352143824,0.3329713333332923,51.97703566658292,"(-1.3121808650018103, 0.4408815456194617)",0.9371705551472277,
160,22,WALK,EYE,6,7,SMALL,11.941368992815805,5.9466703748581065,10.428817051016155,5.755464305157347,1.550899999999956,1.0,0.35079433333342724,0.35079433333342724,11.713666582154373,0.35312513785624705,6.352324193011332,0.5457981015971086,11.862627763015622,0.5057344553913525,6.068204351562047,0.40766702470435745,0.35079433333342724,18.032941181523352,"(1.207289212753821, 0.8248133468284777)",0.9169336772713002,
161,22,WALK,EYE,6,8,SMALL,,,,,,,,,,,,,,,,,,,,,"('no success frames', 0)"
162,22,STAND,EYE,7,0,LARGE,0.9678683251651439,0.36448097083486497,6.543942267013262,8.883496779284023,1.4001010000000065,2.0,2.3029336666666933,1.1514668333333467,0.46333782760185954,0.6992233361316365,0.27944678184755134,0.538108111218726,0.52592555866133,0.7964101133160726,0.12546623386570835,0.3784019958573193,1.0,26.497369411737523,"(0.8291765361003307, -1.0878686525779528)",0.007735688260640029,
163,22,STAND,EYE,7,1,LARGE,1.0213656478862099,0.218450762071161,13.315372337854448,9.535245306056128,1.316742000000005,1.0,0.2357413333333246,0.2357413333333246,0.9985700999875339,0.10305814150967216,0.24323925347226763,0.1641097479676046,0.9985700999875339,0.15376226573852464,0.24323925347226763,0.1132475212013,0.2357413333333246,27.306473548503604,"(-1.3802270848002673, -0.14012341143896379)",0.006994983783071864,
164,22,STAND,EYE,7,2,LARGE,1.0404819426831347,0.4194783406028303,9.001309725246312,9.29545002499409,1.1853179999999952,2.0,0.5971226666666534,0.2985613333333267,-0.7552685810925545,-0.535199668861292,0.32180335329952797,0.5509198142332824,0.7741152759254184,0.599602982062679,0.27211630908994505,0.47821278832172787,0.5332873333333074,27.85163905259723,"(-0.405203938906574, -1.3962907760710266)",0.011926017558150799,
165,22,STAND,EYE,7,3,LARGE,0.7828125126891506,0.31360422356822737,13.194125257908365,10.214871204741305,1.3320919999999887,1.0,0.3823493333333393,0.3823493333333393,-0.42029766425336507,0.6535686629106042,0.13703015980642003,0.29831510744791473,0.42029766425336507,0.6535686629106042,0.13703015980642003,0.29831510744791473,0.3823493333333393,27.809155264582863,"(0.2625139801346723, 1.3394260593740626)",0.01818417199027675,
166,22,STAND,EYE,7,4,LARGE,0.8486055300970575,0.31172024745617744,7.548791937555383,9.177598884351152,1.1849670000000003,1.0,1.2325063333333353,1.2325063333333353,-0.009958505640073452,0.7815738592265391,0.27311218761163064,0.3650616855758924,0.24621137880223196,0.7815738592265391,0.11501664292225082,0.3650616855758924,1.0,27.86689177624536,"(-0.4975551106651789, 1.0977679947214511)",0.015027675192568975,
167,22,STAND,EYE,7,5,LARGE,1.2201340703296244,0.13199461488270878,12.7886209088553,9.75951929277979,1.5141140000000064,1.0,0.28378333333333405,0.28378333333333405,-0.049487724211665696,1.218299949450408,0.05244661058047676,0.12973114181766646,0.05087125260306269,1.218299949450408,0.05101510398605952,0.12973114181766646,0.28378333333333405,27.672762558548435,"(0.1431122089490593, 1.4479349888830484)",0.00534794198628671,
168,22,STAND,EYE,7,6,LARGE,0.6042247261699071,0.28834395829083775,14.68502294987441,9.333646101046998,1.2340700000000027,1.0,0.09853433333330675,0.09853433333330675,-0.15305924462725215,0.500427062915773,0.41642071049815693,0.1541994089302795,0.30688236710402494,0.500427062915773,0.29149466468515206,0.1541994089302795,0.09853433333330675,27.49874515462023,"(0.7925018170060092, 0.7288401953826593)",0.007235667130606943,
169,22,STAND,EYE,7,7,LARGE,1.2730856892451936,0.5322485777425754,7.55513720645634,9.392270068443072,1.2526670000000024,2.0,0.8463166666666988,0.4231583333333494,0.9754894776948907,0.48205162477559377,0.6631309436497419,0.533312072005594,1.056207374877548,0.5717336569820917,0.523656083499583,0.43477917453680687,0.599372333333351,26.697799365065908,"(1.4324775591282872, -0.08670775539304998)",0.01199908336393266,
170,22,STAND,EYE,7,8,LARGE,0.679916665001422,0.307335983380332,10.160402268643699,9.174327626912438,1.4515870000000177,1.0,0.36592933333332855,0.36592933333332855,0.5180954439652309,0.2731537275939089,0.42986000181709116,0.18678637551593189,0.5180954439652309,0.2979217552474215,0.42986000181709116,0.14155393339486808,0.36592933333332855,29.557899420875998,"(-1.3887452539157863, -0.1508614973852076)",0.01267558898989922,
171,22,WALK,EYE,7,0,LARGE,,,,,,,,,,,,,,,,,,,,,"('no success frames', 0)"
172,22,WALK,EYE,7,1,LARGE,,,,,,,,,,,,,,,,,,,,,"('no success frames', 0)"
173,22,WALK,EYE,7,2,LARGE,5.467602858525212,3.9469574907507736,7.899208856109385,6.82633070899736,1.0172000000000025,3.0,0.48465300000007117,0.16155100000002373,-1.9328835056544638,1.0309417879906237,6.354001001602608,0.6325003451904109,5.090203250374784,1.031277477916514,4.25566270749816,0.6319505707901638,0.3330833333333506,26.77340120702066,"(-1.393827298640133, 0.2681395244959077)",0.9433806639108471,
174,22,WALK,EYE,7,3,LARGE,10.91327615573886,6.4272866223526055,13.231629877713939,8.024750691205144,1.4820000000000846,1.0,0.20039733333331544,0.20039733333331544,-10.845599058965725,0.4770356727238451,6.50568155075515,0.48677836968632177,10.872774593902895,0.5560905555784842,6.459947835282697,0.3935706487590627,0.20039733333331544,33.29717824784766,"(-0.8105780293324969, 0.638169330034728)",0.8812427994277041,
175,22,WALK,EYE,7,4,LARGE,,,,,,,,,,,,,,,,,,,,,"('no success frames', 0)"
176,22,WALK,EYE,7,5,LARGE,10.860354592722267,5.760981057610705,12.634132438063862,7.724725815878909,1.5663000000000693,1.0,0.766633333333319,0.766633333333319,-10.379972732231288,0.47208079337961995,6.556219076065497,0.4822656873851866,10.828781946051931,0.5820904278505934,5.781040097148487,0.3406819322632643,0.766633333333319,33.2823791559395,"(-1.390299244576191, 0.4830369117044455)",0.9007821877742311,
177,22,WALK,EYE,7,6,LARGE,12.48128320113147,4.784885745960881,12.880544264556736,5.5009732236657785,0.9833999999999605,1.0,0.11558733333336779,0.11558733333336779,12.405230232899765,0.2518911660833089,4.8365453310340865,1.1575088634783746,12.418847534640433,1.0091274807967023,4.801325368523856,0.617218722533126,0.11558733333336779,26.5563378934398,"(0.9523664577230591, 0.7839162320497195)",0.8984509175574216,
178,22,WALK,EYE,7,7,LARGE,,,,,,,,,,,,,,,,,,,,,"('no success frames', 0)"
179,22,WALK,EYE,7,8,LARGE,,,,,,,,,,,,,,,,,,,,,"('no success frames', 0)"
180,22,STAND,EYE,8,0,SMALL,0.6482670681849035,0.4980495761265617,4.320759438800365,4.034583490780022,0.9650270000000205,1.0,0.2166373333333259,0.2166373333333259,0.09816285849083939,-0.41296140354087524,0.12408299514401562,0.7032489657203017,0.11497797067520883,0.6372216824764662,0.10717642340851256,0.48747754857477116,0.2166373333333259,12.372853846191216,"(-0.280950672675532, -1.440215314156589)",0.008066361221922298,
181,22,STAND,EYE,8,1,SMALL,0.6952248248238923,0.3442572882581983,6.83566722330273,4.653335329336222,1.1332249999999817,1.0,0.20145433333334684,0.20145433333334684,0.3961607308619977,-0.2354259911662873,0.16686294503070026,0.6234866130543683,0.3961607308619977,0.5398063281779948,0.16686294503070026,0.3594071988305037,0.20145433333334684,15.132222347661806,"(-0.7335748714322897, -1.1890109722475586)",0.00963130539499679,
182,22,STAND,EYE,8,2,SMALL,0.6836047127310592,0.42253122058639814,6.760023241335851,4.853461706281385,1.097816999999992,1.0,0.18270833333332537,0.18270833333332537,0.43941622766349797,0.24554060648557224,0.644107764261981,0.03697793711104462,0.5975707868386438,0.24554060648557224,0.48233587494766234,0.03697793711104462,0.18270833333332537,13.549734345544547,"(-1.4619061627975676, 0.1975346996153462)",0.00881432047880116,
183,22,STAND,EYE,8,3,SMALL,0.8594977751314059,0.40310044937095596,8.02168321396008,4.767050006773989,1.1987000000000023,1.0,0.1194533333333273,0.1194533333333273,0.801314943536672,0.26358172345396963,0.35027956046940134,0.2690367185691587,0.801314943536672,0.2964548427611812,0.35027956046940134,0.22425114784399786,0.1194533333333273,13.68817544769777,"(-1.2699427669530508, 0.6221804213681423)",0.0060513066517025125,
184,22,STAND,EYE,8,4,SMALL,0.7514282838725469,0.3983615169136308,7.423316816168759,4.835375541693238,1.149520999999993,1.0,0.149468333333319,0.149468333333319,-0.156270316247901,0.7134851483086919,0.07839907429161458,0.43377452352351936,0.156270316247901,0.7134851483086919,0.07839907429161458,0.43377452352351936,0.149468333333319,13.977620150797456,"(0.018680023536468582, 1.4168043314627425)",0.012340257815359737,
185,22,STAND,EYE,8,5,SMALL,0.9541987093835288,0.23526727004265025,7.186849945802516,4.7537210146782405,1.1813960000000066,1.0,0.2022793333333387,0.2022793333333387,-0.05621228366325948,0.9506402808410092,0.08187277103798472,0.229407479330277,0.06527000718948167,0.9506402808410092,0.07411317246734486,0.229407479330277,0.2022793333333387,14.294232233675059,"(0.24753833733617192, 1.4344839869646933)",0.008394032556435045,
186,22,STAND,EYE,8,6,SMALL,0.7544457781664226,0.4279255463812352,7.0807442885721565,4.663462690636182,1.1156150000000196,1.0,0.15122333333332183,0.15122333333332183,-0.6624063129301228,-0.09234636494228887,0.5278526077477426,0.20924044456774185,0.6738527499689841,0.18788944295364196,0.5110263323791202,0.11481302331389556,0.15122333333332183,13.265527125674485,"(1.447335173021166, 0.22365642525366525)",0.008376738669409281,
187,22,STAND,EYE,8,7,SMALL,0.7669490125681989,0.23526003276305518,6.53672483080791,4.506346434747221,1.1327819999999917,1.0,0.2197653333333297,0.2197653333333297,-0.021545701196563776,-0.6557555554684941,0.4514270366250664,0.1537248767806012,0.3676731386871673,0.6557555554684941,0.23836912309439953,0.1537248767806012,0.2197653333333297,12.871007094566309,"(0.9234011736305892, -0.9479973439520535)",0.006732887171086248,
188,22,STAND,EYE,8,8,SMALL,0.9448677925712154,0.19438883248116767,6.8189003152209615,4.854620311036269,1.2501980000000117,1.0,0.40042933333330855,0.40042933333330855,0.7849006729816569,-0.27321160331886163,0.11731766064866431,0.485046077273659,0.7849006729816569,0.3966477982798419,0.11731766064866431,0.3857802444873721,0.40042933333330855,13.412867178373254,"(-0.4196543187436461, -1.4131741244131462)",0.008354211090244167,
189,22,WALK,EYE,8,0,SMALL,,,,,,,,,,,,,,,,,,,,,"('no success frames', 0)"
190,22,WALK,EYE,8,1,SMALL,,,,,,,,,,,,,,,,,,,,,"('no success frames', 0)"
191,22,WALK,EYE,8,2,SMALL,5.878392761032357,5.014843511317583,5.950396917560176,4.758954687610272,0.5992539999999735,2.0,1.2172126666666299,0.6086063333333149,4.556051520428775,0.543464313339554,6.201617317100749,0.49222619391742134,5.770934107105579,0.5930687657930424,5.085907915466286,0.4309245586729268,1.0,10.285117797626606,"(-1.407585390021822, -0.03522345986164055)",0.8787665680049191,
192,22,WALK,EYE,8,3,SMALL,2.124848219769602,0.7332094497835687,12.466572213623753,6.120360125620108,4.51520000000005,1.0,0.1849933333333259,0.1849933333333259,-1.4182546081934857,1.5723835435759932,0.5180714964360229,0.5490483733126467,1.4182546081934857,1.5723835435759932,0.5180714964360229,0.5490483733126467,0.1849933333333259,75.17962790336996,"(1.275923491673737, 0.7766810924097456)",0.8741683802843647,
193,22,WALK,EYE,8,4,SMALL,,,,,,,,,,,,,,,,,,,,,"('no success frames', 0)"
194,22,WALK,EYE,8,5,SMALL,,,,,,,,,,,,,,,,,,,,,"('no success frames', 0)"
195,22,WALK,EYE,8,6,SMALL,,,,,,,,,,,,,,,,,,,,,"('no success frames', 0)"
196,22,WALK,EYE,8,7,SMALL,,,,,,,,,,,,,,,,,,,,,"('no success frames', 0)"
197,22,WALK,EYE,8,8,SMALL,5.155454295786324,2.6688981305910078,8.541898071133069,3.896789191660821,4.047937000000047,1.0,0.13353333333330586,0.13353333333330586,-5.014439740705154,-0.041214537570935225,2.8370914860570053,0.7290154171376815,5.071055126145299,0.6162855231616935,2.7327781613725506,0.3830414802558457,0.13353333333330586,51.64076766513753,"(-0.8985487358355471, 1.1000712638138168)",0.8947986257379048,
198,22,STAND,EYE,9,0,LARGE,0.6004347725046513,0.20261648829950774,12.117208551674478,10.329968606751136,1.3489629999999693,1.0,0.5500623333333313,0.5500623333333313,0.11477160501752795,0.3405504995842681,0.09981593378684567,0.5195466045660609,0.11477160501752795,0.5808802732346066,0.09981593378684567,0.20331740113137248,0.5500623333333313,26.660913351325465,"(-0.42650519837366563, -1.2479098002304738)",0.02256777179321728,
199,22,STAND,EYE,9,1,LARGE,0.8407705065376474,0.2659063593027151,6.072730604953891,8.92164143387045,1.399520999999993,1.0,2.769463333333336,2.769463333333336,0.20544932341715763,0.7002367261076978,0.28785652117666105,0.40405704765651357,0.2832361947298547,0.7460539486007316,0.21122563942389094,0.3107941780635964,1.0,27.065458678498736,"(-1.0091024495056002, -0.9501376723861625)",0.04678950551042974,
200,22,STAND,EYE,9,2,LARGE,0.6391591957138355,0.2644030819518408,13.710881954863119,9.997507743155177,1.2665099999999825,1.0,0.2670833333333481,0.2670833333333481,0.0955377146424191,0.5340191245235805,0.4307247262887121,0.08224604053473708,0.27008650353896735,0.5340191245235805,0.342265987896285,0.08224604053473708,0.2670833333333481,27.67816644941211,"(-1.2281392461824092, 0.6530238704779805)",0.010412408990606163,
201,22,STAND,EYE,9,3,LARGE,0.9298634786103582,0.39744956709059065,8.080036184476066,9.603699522191194,1.2827000000000055,1.0,1.3006063333333222,1.3006063333333222,-0.26956398507471946,0.8695606577705788,0.2733818663513887,0.3457539233989441,0.29037097589775795,0.8695606577705788,0.25086607262089233,0.3457539233989441,1.0,28.93107668318256,"(0.6675807273293053, 1.2147006543376477)",0.010758887463034,
202,22,STAND,EYE,9,4,LARGE,0.715302513528188,0.19512965802678295,11.376448591523376,9.680928599789816,1.2174980000000062,1.0,0.3993763333333239,0.3993763333333239,-0.3879541007632541,0.5715143361396843,0.20507662712808944,0.1791896948432577,0.3879541007632541,0.5715143361396843,0.20507662712808944,0.1791896948432577,0.3993763333333239,27.285385451802224,"(0.5838087192536847, 1.2534866105359725)",0.008531985787563642,
203,22,STAND,EYE,9,5,LARGE,0.7378811149951434,0.3767930366057588,12.387552300129835,9.89486852417585,1.7293809999999894,1.0,0.28535233333335175,0.28535233333335175,0.5606263104249312,0.4702532839733653,0.34152582046676355,0.18698539287789545,0.5606263104249312,0.4702532839733653,0.34152582046676355,0.18698539287789545,0.28535233333335175,30.97875706522044,"(-1.152183715842062, 0.816383406743185)",0.05069088701056397,
204,22,STAND,EYE,9,6,LARGE,1.1600751503208,0.19634522039150376,8.415319277287157,9.554122851845989,1.2329830000000186,1.0,1.233822333333338,1.233822333333338,0.8002717630167441,0.7957159485627313,0.3190496196883557,0.099683566323719,0.8335980132450101,0.7957159485627313,0.21583708291392803,0.099683566323719,1.0,27.40457475721291,"(0.7716944668875811, 0.9490568662080534)",0.00567038532948923,
205,22,STAND,EYE,9,7,LARGE,6.447535742625907,7.447526035269769,8.481776110735606,8.55481180886314,1.1784820000000025,3.0,2.0139990000000183,0.6713330000000061,-5.4499771603027956,0.11722836455012553,8.172842109166846,0.7603812960583247,6.286673279114796,0.6704197521510257,7.545283450749551,0.3748408445427758,1.0,26.812302129454554,"(1.0009444596002375, -0.30204276493348914)",0.011763062922444044,
206,22,STAND,EYE,9,8,LARGE,1.1906441712513434,0.08931244541242862,10.092757965614414,9.02406679783241,1.5186920000000157,1.0,0.4498823333333367,0.4498823333333367,0.8772261674845994,0.69085706352594,0.2821433807936854,0.32562111330027266,0.8772261674845994,0.695878736707904,0.2821433807936854,0.3143037163147537,0.4498823333333367,29.165930346473566,"(-1.4334701076496277, -0.06528175136553216)",0.008930355499288296,
207,22,WALK,EYE,9,0,LARGE,,,,,,,,,,,,,,,,,,,,,"('no success frames', 0)"
208,22,WALK,EYE,9,1,LARGE,9.01588718680585,4.865938988768058,10.304762640703286,7.607743068224168,3.0321400000000267,1.0,0.19998433333333498,0.19998433333333498,-8.790457564709914,0.8911719543990291,5.149901747212565,0.6238814331299364,8.844142030673767,0.9020236219816257,5.056358475068871,0.607950632982372,0.19998433333333498,41.01340453003431,"(-1.1999147450733005, 0.7291166946449152)",0.9021531527464411,
209,22,WALK,EYE,9,2,LARGE,,,,,,,,,,,,,,,,,,,,,jump
210,22,WALK,EYE,9,3,LARGE,,,,,,,,,,,,,,,,,,,,,"('no success frames', 0)"
211,22,WALK,EYE,9,4,LARGE,,,,,,,,,,,,,,,,,,,,,"('no success frames', 0)"
212,22,WALK,EYE,9,5,LARGE,,,,,,,,,,,,,,,,,,,,,"('no success frames', 0)"
213,22,WALK,EYE,9,6,LARGE,,,,,,,,,,,,,,,,,,,,,"('no success frames', 0)"
214,22,WALK,EYE,9,7,LARGE,1.2099186295389086,0.15185253952179142,12.384331949770523,9.825621418778464,4.485639000000106,1.0,0.5320943333332783,0.5320943333332783,-0.6491616250252576,0.9316455968410853,0.2941068544927607,0.3419162670971309,0.6491616250252576,0.9316455968410853,0.2941068544927607,0.3419162670971309,0.5320943333332783,47.62036438876177,"(1.3566900368095531, 0.45210730495020357)",0.9212213068570246,
215,22,WALK,EYE,9,8,LARGE,9.710031529770143,5.5245923436556446,12.048958729515789,7.653266646360318,1.4331059999999525,1.0,0.5496293333333445,0.5496293333333445,-9.558935760534123,0.790995006077827,5.700048383254372,0.5717419918047179,9.599060045031639,0.8403146870580253,5.631900948791139,0.4960468406052403,0.5496293333333445,30.92247359911902,"(1.275152857203338, -0.43695579108258187)",0.8786935253958373,
216,22,STAND,HAND,4,0,SMALL,1.3368975299101697,0.11627882318080304,7.939882180293727,5.09016964656325,1.7014320000000112,1.0,0.3312003333333299,0.3312003333333299,1.251406687866174,-0.4343858712015171,0.04413425969418723,0.2144025277224964,1.251406687866174,0.4343858712015171,0.04413425969418723,0.2144025277224964,0.3312003333333299,13.789005814677925,"(-1.3214154391758086, -0.8529672872057006)",0.011707227820955126,
217,22,STAND,HAND,4,1,SMALL,0.5765915395603609,0.4986806888790686,7.166046586111837,5.016662658926033,1.4344999999999857,1.0,0.4163453333333412,0.4163453333333412,0.36203620610063086,-0.3968321871625508,0.40561824652503603,0.3605236200606101,0.39845977583328857,0.4109112678572693,0.3682687016248259,0.3436721521326653,0.4163453333333412,12.811935149851058,"(-1.1876222087647568, -1.088960975781518)",0.010181406059710681,
218,22,STAND,HAND,4,2,SMALL,0.807902861563568,0.37345042838905584,8.209852016588354,5.333429474054747,1.483148,1.0,0.31898533333333223,0.31898533333333223,0.8065590181923099,-0.04547601662443807,0.3733738937995092,0.012831415286997258,0.8065590181923099,0.04547601662443807,0.3733738937995092,0.012831415286997258,0.31898533333333223,13.993536923721647,"(-1.5462205197127932, -0.05635400182882222)",0.007271183780979338,
219,22,STAND,HAND,4,3,SMALL,0.8687864440327453,0.2699655435997261,8.539610603971942,5.548333313957062,1.5489350000000002,1.0,0.3683553333333426,0.3683553333333426,-0.16276028231919384,0.7202582298487554,0.4159956581442943,0.34616819353349865,0.38652042275224213,0.7202582298487554,0.20976153962478178,0.34616819353349865,0.3683553333333426,14.256520193018211,"(-0.6517473511288454, 1.3876918962054958)",0.012307128757647582,
220,22,STAND,HAND,4,4,SMALL,1.3940704601805212,0.12735651617082241,9.015667433726076,5.608336157962287,1.817719000000011,1.0,0.2975233333333468,0.2975233333333468,-0.5593594344361404,1.2751919640450136,0.021405486282984852,0.14308597459754607,0.5593594344361404,1.2751919640450136,0.021405486282984852,0.14308597459754607,0.2975233333333468,14.840993294066898,"(0.5067142181592796, 1.560971094381273)",0.01030391139447773,
221,22,STAND,HAND,4,5,SMALL,0.8252592753848962,0.3684060496441898,7.948913703157137,5.681898485535622,1.7337180000000103,1.0,0.5166103333333202,0.5166103333333202,-0.43033566436090265,0.6558130046132145,0.3995999469365963,0.20996270702527503,0.46493129886970214,0.6558130046132145,0.3572670956180004,0.20996270702527503,0.5166103333333202,14.39518861096226,"(1.134327887702911, 1.1203833876417804)",0.009405337727253509,
222,22,STAND,HAND,4,6,SMALL,1.2399934885088248,0.16733058915309687,7.7009868703982844,5.3484416239482035,1.883687000000009,1.0,0.4658463333333335,0.4658463333333335,-0.9675808855798989,0.772066302590941,0.17728270946915187,0.04536882975743341,0.9675808855798989,0.772066302590941,0.17728270946915187,0.04536882975743341,0.4658463333333335,13.849201657293161,"(1.3469760632411116, 0.8794559495078147)",0.008225310887362992,
223,22,STAND,HAND,4,7,SMALL,0.7904603199677267,0.3728986148136584,8.411269421690587,5.572166425835485,1.5651269999999897,1.0,0.3490503333333398,0.3490503333333398,-0.7716134542289901,-0.15565533051422306,0.35380836244642044,0.13913636397841206,0.7716134542289901,0.1600648901594653,0.35380836244642044,0.1337664667593129,0.3490503333333398,14.545756127144838,"(1.4657485545568605, -0.4187614966929658)",0.008244912250398832,
224,22,STAND,HAND,4,8,SMALL,0.8176912485851255,0.34135301164772486,8.191960131110893,5.133942406047063,1.6005089999999882,1.0,0.35195233333334575,0.35195233333334575,-0.7282949952954688,-0.179056268375232,0.26352396473307577,0.39850692292676076,0.7282949952954688,0.3368274660262479,0.26352396473307577,0.27043003689898565,0.35195233333334575,12.99444944702829,"(1.2376390606540006, -0.9516249817052795)",0.006224572330868837,
225,22,WALK,HAND,4,0,SMALL,,,,,,,,,,,,,,,,,,,,,"('no success frames', 0)"
226,22,WALK,HAND,4,1,SMALL,,,,,,,,,,,,,,,,,,,,,"('no success frames', 0)"
227,22,WALK,HAND,4,2,SMALL,9.295794438838094,5.599819326610232,8.401331931935292,5.2775183263803935,1.1189460000000508,1.0,0.16316633333329567,0.16316633333329567,-9.231228632730351,-0.19667985129366578,5.6924529883742645,0.34128291984917786,9.256829006196988,0.2838701604270194,5.650546854360894,0.2727528677323372,0.16316633333329567,11.596544272962168,"(-1.082973608364881, -1.1686493622399183)",0.6902711057121469,
228,22,WALK,HAND,4,3,SMALL,,,,,,,,,,,,,,,,,,,,,jump
229,22,WALK,HAND,4,4,SMALL,2.141878305656208,0.7885612346787569,10.383555377961619,5.5415976573393,3.932965999999965,2.0,0.4203666666666701,0.21018333333333505,1.9278868810171426,-0.17711560003947002,1.1009407779485703,0.5124538330879607,2.0201888495182105,0.4560863950467675,0.9175353220361351,0.2883750688729101,0.21853333333334224,59.96826783941968,"(1.143828696460048, -0.9450289025945722)",0.668963623032453,
230,22,WALK,HAND,4,5,SMALL,,,,,,,,,,,,,,,,,,,,,jump
231,22,WALK,HAND,4,6,SMALL,,,,,,,,,,,,,,,,,,,,,"('no success frames', 0)"
232,22,WALK,HAND,4,7,SMALL,1.489860341475706,0.9931866652316098,7.331940023010736,6.3227593664599,3.583554999999933,2.0,1.0996726666667807,0.5498363333333903,-1.1336303115742605,0.028208955383172786,1.346336062850081,0.34450788215929706,1.413614507719163,0.2927145879361787,1.0444817682438177,0.18107746246884543,0.8337783333334149,63.9568231952445,"(-1.5326768443260903, 0.20688188907948302)",0.7143289229678597,
233,22,WALK,HAND,4,8,SMALL,,,,,,,,,,,,,,,,,,,,,jump
234,22,STAND,HAND,5,0,LARGE,0.5617994897296057,0.42812989332744367,13.683086599410865,10.686191158225537,1.8326769999999897,1.0,0.4850703333333418,0.4850703333333418,-0.15424175559463246,-0.268319553637954,0.3055490489574002,0.5638348189978191,0.27965174726397346,0.4850884926946491,0.19217254201273917,0.3854160341586599,0.4850703333333418,47.29805976126576,"(0.6613276438504583, -1.3907288950943837)",0.011345995002265305,
235,22,STAND,HAND,5,1,LARGE,1.0061953114548063,0.35188317045861617,12.661558071960043,10.124251508083173,2.816714000000019,1.0,0.46657333333331696,0.46657333333331696,0.7817414017623582,-0.5907681978617889,0.14316957556277954,0.3970367590189127,0.7817414017623582,0.5907681978617889,0.14316957556277954,0.3970367590189127,0.46657333333331696,47.194537180144124,"(-0.9878972189105835, -1.2005522536003639)",0.01811411406838243,
236,22,STAND,HAND,5,2,LARGE,0.9937534484831141,0.2613991361964084,14.997983957088291,11.411431442548151,2.050094999999999,1.0,0.45090533333334026,0.45090533333334026,0.9691369852179721,-0.1918773701509086,0.27805277054322397,0.05457801827920037,0.9691369852179721,0.1918773701509086,0.27805277054322397,0.05457801827920037,0.45090533333334026,28.71848261338282,"(-1.5292313996901132, -0.10860518658334684)",0.014334138202016565,
237,22,STAND,HAND,5,3,LARGE,1.0753020321520443,0.30907472493048244,13.118335624360341,11.808966142610068,1.9867559999999855,1.0,0.8810353333333315,0.8810353333333315,-0.9562292076009512,0.29341544070960307,0.2417815036302744,0.44264148243393403,0.9562292076009512,0.327677465718322,0.2417815036302744,0.41741385736913306,0.8810353333333315,30.35644974440507,"(0.6381501556770108, 1.4620094262256913)",0.01582043519928933,
238,22,STAND,HAND,5,4,LARGE,0.90209989300468,0.35325767457867935,15.297068055620391,11.098309780672029,2.081696000000022,1.0,0.3509753333333113,0.3509753333333113,0.0263101475544548,0.9014988898512172,0.02969941608877737,0.3525922463216301,0.02947569305658342,0.9014988898512172,0.026385002386421115,0.3525922463216301,0.3509753333333113,29.22894875140655,"(-0.08185505710664431, 1.609898985651654)",0.016980941432176717,
239,22,STAND,HAND,5,5,LARGE,0.7453916347462257,0.36328230468809747,15.543186040811173,11.359170929140399,2.2635799999999904,1.0,0.4036643333333264,0.4036643333333264,0.15341212961676637,0.6874600754279554,0.13564881772406295,0.41922399571601143,0.1722292746456793,0.6874600754279554,0.10951908992495975,0.41922399571601143,0.4036643333333264,29.47767983029917,"(0.10654029900488915, 1.489831451087241)",0.018584716974477205,
240,22,STAND,HAND,5,6,LARGE,0.9091203280811816,0.33327765788742797,15.437358056646381,11.20838576436861,1.9309379999999976,1.0,0.3841793333333233,0.3841793333333233,-0.8945186197608058,0.05726536602514187,0.32309704607409956,0.17560504202167967,0.8945186197608058,0.14476637976648085,0.32309704607409956,0.1109835101498384,0.3841793333333233,29.3377675298754,"(1.5242182406496596, 0.41232641607564346)",0.020876598613952,
241,22,STAND,HAND,5,7,LARGE,0.7906633245097713,0.30479770292836345,15.929732608541837,10.916552200940622,1.8813290000000222,1.0,0.36840433333333256,0.36840433333333256,-0.3066278521679711,0.60946595054614,0.5033924111994829,0.08462141329473287,0.43040405130635184,0.60946595054614,0.3970082639123054,0.08462141329473287,0.36840433333333256,28.285730379449657,"(1.3525528916202738, 0.7023983811925945)",0.016486129378911186,
242,22,STAND,HAND,5,8,LARGE,0.6060159702108393,0.42374907982571625,14.049773745463316,10.528967349882555,1.800567000000001,1.0,0.3828053333333249,0.3828053333333249,-0.078229922044414,-0.5936022889111647,0.12553577491407422,0.41592488826823026,0.10767150064124258,0.5936022889111647,0.10012676651055784,0.41592488826823026,0.3828053333333249,27.474648971204036,"(0.3448332473654645, -1.4071553177883231)",0.011223073103907159,
243,22,WALK,HAND,5,0,LARGE,,,,,,,,,,,,,,,,,,,,,"('no success frames', 0)"
244,22,WALK,HAND,5,1,LARGE,,,,,,,,,,,,,,,,,,,,,"('no success frames', 0)"
245,22,WALK,HAND,5,2,LARGE,0.5903348938441344,0.3818860163150389,19.41653933062457,14.689926408342995,4.632000000000062,1.0,0.40003333333325675,0.40003333333325675,0.501610076911417,0.22029148179955163,0.43875953133729306,0.062283269375246225,0.501610076911417,0.22029148179955163,0.43875953133729306,0.062283269375246225,0.40003333333325675,90.74303015742555,"(-1.558548995793572, 0.22794149998200908)",0.6415037519412041,
246,22,WALK,HAND,5,3,LARGE,13.529935693112456,10.488759438686419,14.749379443237906,10.97720455060728,2.5313999999999623,1.0,0.21593333333331277,0.21593333333331277,1.3775998223276094,2.1027104264783203,16.27235720087406,4.813186676336538,13.077869201079224,2.650747351323888,9.721428057779054,4.532546087035717,0.21593333333331277,35.35121986698525,"(1.3674236205281858, -0.03556023580304668)",0.728363149065802,
247,22,WALK,HAND,5,4,LARGE,,,,,,,,,,,,,,,,,,,,,"('no success frames', 0)"
248,22,WALK,HAND,5,5,LARGE,1.51524369431134,0.4299898781025204,16.174607939466398,11.885796957285397,4.613965000000007,1.0,0.28483333333341154,0.28483333333341154,0.9317591999694805,-0.6586080277291883,0.9687793903667101,0.5325410055343289,1.0974088916863813,0.703712554291883,0.7666733620506251,0.4684885234615224,0.28483333333341154,81.05630476671037,"(0.620946184948366, -1.3781310193449343)",0.7160256313456727,
249,22,WALK,HAND,5,6,LARGE,8.166436721165132,5.093936601446364,10.803317313164216,6.780780667409977,2.769239000000084,1.0,0.23059433333324553,0.23059433333324553,-7.965729554477541,-0.12938364806460725,5.343455693935361,0.8005065102296579,8.021711042918264,0.7216260085647628,5.258406500280493,0.36475400125123303,0.23059433333324553,62.84693625270735,"(-1.1454714037810092, -1.042324545653969)",0.6646067028700727,
250,22,WALK,HAND,5,7,LARGE,2.516273694325592,2.9190842390001035,22.863005805441347,32.895392217099925,2.199799999999982,3.0,1.7008860000000596,0.5669620000000198,1.9728110799401757,-0.45400738682145,3.2700582001774356,0.2731190326110936,2.3501724290629165,0.48130405804309245,3.0086946445680707,0.22115864757393058,1.0,530.8890568753106,"(1.4090797032242506, 0.6440853364221368)",,
251,22,WALK,HAND,5,8,LARGE,,,,,,,,,,,,,,,,,,,,,"('no success frames', 0)"
252,22,STAND,HAND,6,0,SMALL,0.8663464892784485,0.32850756140356674,7.671104365514135,5.30998291752196,1.602049999999963,1.0,0.4525123333333757,0.4525123333333757,-0.39948064435769987,-0.7503724295343932,0.02421460203064424,0.36926961567620165,0.39948064435769987,0.7503724295343932,0.02421460203064424,0.36926961567620165,0.4525123333333757,13.58007564201718,"(0.3600757254922211, -1.5117727812754254)",0.013345193635397169,
253,22,STAND,HAND,6,1,SMALL,0.5675577034309285,0.41082644340950436,7.134974592719335,5.0731481186328855,1.3975670000000093,1.0,0.45008133333331746,0.45008133333331746,0.13619799684478268,-0.20190717875293165,0.5421046004344494,0.3849915922218178,0.45078978817617554,0.3288442706769038,0.31910718807577604,0.27955607440267094,0.45008133333331746,12.705607512015481,"(-1.223477608121208, -0.9854407788631363)",0.009383578195412677,
254,22,STAND,HAND,6,2,SMALL,0.6022089039003785,0.4407178510982952,8.098271148552836,5.582416330256781,1.4983229999999992,1.0,0.4180843333333276,0.4180843333333276,0.4207531728219376,0.1553116307518311,0.6011664629077342,0.0367899914899874,0.5527191728826888,0.1553116307518311,0.47681277118954357,0.0367899914899874,0.4180843333333276,14.059559222950327,"(-1.5935270949683498, 0.09898605196373467)",0.00735655745901718,
255,22,STAND,HAND,6,3,SMALL,0.9194442043991529,0.2740372155572894,8.213842266913394,5.431273168252467,1.4677000000000078,1.0,0.38377433333332267,0.38377433333332267,-0.3204366262243435,0.6758836797328588,0.4221625071073619,0.4431340389619784,0.4645904962130899,0.6758836797328588,0.2442697065355229,0.4431340389619784,0.38377433333332267,14.031551416262982,"(-0.5575217414055478, 1.5402843562870743)",0.00828402848953648,
256,22,STAND,HAND,6,4,SMALL,1.0577985847316804,0.24312089683490404,8.334231893363219,5.576255753000744,1.7005920000000003,1.0,0.41719833333334766,0.41719833333334766,-0.5543177707538675,0.8207807499164813,0.18414138338502756,0.41132449705301366,0.5543177707538675,0.8207807499164813,0.18414138338502756,0.41132449705301366,0.41719833333334766,14.559307019177545,"(0.21788768194277086, 1.591131553383775)",0.01010457181520903,
257,22,STAND,HAND,6,5,SMALL,0.8782302353095348,0.3846803233329222,8.397994605780271,5.673998722579534,1.6647800000000075,1.0,0.40128333333331245,0.40128333333331245,-0.6354335247989907,0.59964784593139,0.22107822543282704,0.3277180126247541,0.6354335247989907,0.59964784593139,0.22107822543282704,0.3277180126247541,0.40128333333331245,14.69513608234371,"(1.0471016678839593, 1.2368664478178175)",0.008634159432865674,
258,22,STAND,HAND,6,6,SMALL,1.2240540027193831,0.18224117112450086,8.724499372951174,5.749498894181407,1.9169080000000065,1.0,0.3522873333333242,0.3522873333333242,-1.1749018580865156,0.3416043902505244,0.18369039708482537,0.027462210357445494,1.1749018580865156,0.3416043902505244,0.18369039708482537,0.027462210357445494,0.3522873333333242,14.854758480289336,"(1.5227661321816832, 0.40827880905432323)",0.008414681856307862,
259,22,STAND,HAND,6,7,SMALL,0.8644642980144365,0.37248877634927213,7.879233050477397,5.177549166550869,1.4846499999999878,1.0,0.3331223333333374,0.3331223333333374,-0.8522752418041913,-0.12825531905454868,0.3600185775116674,0.11772504975876436,0.8522752418041913,0.1334159679288001,0.3600185775116674,0.11150682418413473,0.3331223333333374,14.115888510284133,"(1.5438139414983212, -0.35028347826313677)",0.00919904695707789,
260,22,STAND,HAND,6,8,SMALL,0.7547855455271267,0.37492042867409303,8.183128374507785,5.412465670168735,1.6035010000000227,1.0,0.38209733333332185,0.38209733333332185,-0.428208388740963,-0.6169806418862287,0.15814412214868484,0.34856796028644543,0.428208388740963,0.6169806418862287,0.15814412214868484,0.34856796028644543,0.38209733333332185,13.73707264492259,"(0.748127821761635, -1.322699576021563)",0.009862336158614229,
261,22,WALK,HAND,6,0,SMALL,,,,,,,,,,,,,,,,,,,,,"('no success frames', 0)"
262,22,WALK,HAND,6,1,SMALL,5.600809785601215,2.356704316276194,10.823449502373219,4.895898264132986,3.6656000000000404,1.0,0.16603333333333314,0.16603333333333314,5.586766202595023,-0.2691889683950216,2.3550107337107304,0.30608620791594954,5.586766202595023,0.3373287820361059,2.3550107337107304,0.22769312706123637,0.16603333333333314,40.63730476726526,"(-1.5343146114652733, 0.4343565070901576)",0.7373779474088569,
263,22,WALK,HAND,6,2,SMALL,6.950479339637357,7.324039385892061,7.632740291970519,6.9900690911245915,0.8669340000000147,2.0,1.5822876666665633,0.7911438333332816,3.6123157308869165,0.9817619840317191,9.365294994747643,0.606742331776607,6.751465037693797,0.9912430859395722,7.4191361174648405,0.591061977445526,1.0,15.117791916394646,"(-1.0144418193115428, 0.7364296400933625)",0.7744424446412091,
264,22,WALK,HAND,6,3,SMALL,1.3491460756600349,0.830688989006841,14.606609552771257,7.858726651491225,4.669155000000046,1.0,0.2329783333333656,0.2329783333333656,0.947972149622786,0.05150694286135149,1.2820843773363693,0.11643667987982656,1.3425455215485975,0.10067908281319689,0.8321032654220497,0.0753679594577327,0.2329783333333656,88.0968123775337,"(1.3885541657202225, 0.22185106105962404)",0.6767955778705552,
265,22,WALK,HAND,6,4,SMALL,,,,,,,,,,,,,,,,,,,,,"('no success frames', 0)"
266,22,WALK,HAND,6,5,SMALL,8.161346153618084,4.26975941433362,9.424515364203366,4.029706729100663,2.882600000000025,1.0,0.40013333333323164,0.40013333333323164,-7.919142824102854,-0.3157545511575105,4.650967709074551,0.6513632777547219,8.12182279812631,0.5961719850787083,4.284240688040217,0.408093710197858,0.40013333333323164,45.733239146603594,"(-1.5623622019420438, 0.28733239596563465)",0.7556286770687919,
267,22,WALK,HAND,6,6,SMALL,0.68688329003154,0.3082578184588773,9.28282898532466,4.7112685114592665,4.749000000000024,1.0,0.2675333333333204,0.2675333333333204,0.18037566565559945,-0.3514268401651871,0.6532574568274084,0.08127239427480852,0.536578252484036,0.3514268401651871,0.39130930992144525,0.08127239427480852,0.2675333333333204,59.044799171752686,"(-1.4067388793671114, -0.18256178014244995)",0.7327482876746428,
268,22,WALK,HAND,6,7,SMALL,,,,,,,,,,,,,,,,,,,,,"('no success frames', 0)"
269,22,WALK,HAND,6,8,SMALL,5.766835287027676,2.4252323561951643,7.935132194092411,4.651239107431696,1.717102000000068,2.0,0.3503666666666201,0.17518333333331004,-5.738528249538708,0.2159382387687383,2.440014425120413,0.45667443066680885,5.738528249538708,0.4310683354243896,2.440014425120413,0.2620198419578102,0.31703333333328676,23.102808626931264,"(1.4515167068440178, -0.9530303907541366)",0.6642241693448635,
270,22,STAND,HAND,7,0,LARGE,1.0653434015418997,0.2118451508512783,14.342885465137257,10.680466631402883,2.3340149999999653,1.0,0.38295633333334156,0.38295633333334156,-0.5610137657617074,-0.8958640625320626,0.01881407238071396,0.2510228367124938,0.5610137657617074,0.8958640625320626,0.01881407238071396,0.2510228367124938,0.38295633333334156,28.074057337869768,"(0.583249641228802, -1.3773816144949365)",0.013756741889407327,
271,22,STAND,HAND,7,1,LARGE,1.1679067787742632,0.07686156129045771,12.529726760003792,10.249032369685441,2.4501259999999547,1.0,0.7480073333333356,0.7480073333333356,1.1240781865176896,-0.31547432731636216,0.07345391773957671,0.03826594609166369,1.1240781865176896,0.31547432731636216,0.07345391773957671,0.03826594609166369,0.7480073333333356,43.52592086399143,"(-1.4393863558337496, -0.4476282492326362)",0.012923651028032368,
272,22,STAND,HAND,7,2,LARGE,1.0750202730173959,1.8273759309294884,9.68956468916447,10.656421600980025,1.6316530000000284,2.0,1.5057226666666605,0.7528613333333303,-0.03390410427907878,0.21396322314045166,0.8102772077472499,1.9502676705806254,0.6494776890066023,0.6892807355176671,0.4809416324399037,1.835633326753429,1.0,45.326450971571894,"(-1.5622065562812004, -0.06354068768604293)",0.010291607923842658,
273,22,STAND,HAND,7,3,LARGE,0.8701812583121739,0.2918630399964598,13.427410732258961,10.81632613571826,1.852800000000002,1.0,0.5160853333333383,0.5160853333333383,-0.496324450882329,0.5521007339432998,0.15626167525759896,0.523387197822485,0.496324450882329,0.5844590684784957,0.15626167525759896,0.48568384556030364,0.5160853333333383,28.691220000890404,"(0.08587830754257197, 1.5624076191293028)",0.01381917047907524,
274,22,STAND,HAND,7,4,LARGE,0.7892001765036016,0.3907491309993611,13.510966776000926,10.959529434953756,2.168395999999973,1.0,0.5661093333333459,0.5661093333333459,0.33088036850966324,0.6720405743662742,0.009510987173187819,0.4650157351572615,0.33088036850966324,0.6720790445404584,0.009510987173187819,0.46495839549024587,0.5661093333333459,27.767818759434792,"(-0.3175229988958348, 1.5563232454057925)",0.009446167045535423,
275,22,STAND,HAND,7,5,LARGE,0.7051507808489681,0.4220267072703961,14.698724744019975,10.917596761468776,2.2149049999999875,1.0,0.4317403333333535,0.4317403333333535,-0.41762848572200384,0.5184198072035718,0.14117034941338213,0.4631362181239436,0.41762848572200384,0.5371626966674882,0.14117034941338213,0.44032502683449143,0.4317403333333535,28.048558084134743,"(0.6625039002980113, 1.403164216575206)",0.016871602752832275,
276,22,STAND,HAND,7,6,LARGE,0.9890002278726533,0.2188273538038859,13.026101727221034,11.215890636082682,2.000315999999998,1.0,0.8994173333333341,0.8994173333333341,0.5503175974157147,0.6582456231016179,0.5074395034021879,0.1924287018885165,0.6794717902193307,0.6582456231016179,0.3092053098397449,0.1924287018885165,0.8994173333333341,46.314501646517044,"(0.8950250663577606, 1.1602899486828449)",0.011601302132632753,
277,22,STAND,HAND,7,7,LARGE,0.8711822780752382,0.29104381590459216,13.01671969612619,11.347895960392956,1.798217999999963,1.0,0.6837233333333491,0.6837233333333491,-0.3696078740370706,0.765333168604684,0.29825418972413303,0.18249240146253004,0.3696078740370706,0.765333168604684,0.29825418972413303,0.18249240146253004,0.6837233333333491,29.43082149922884,"(1.1857224218478848, 0.9514214755914878)",0.010123806076684245,
278,22,STAND,HAND,7,8,LARGE,0.820528698354109,0.33923436928599965,12.02725072240193,10.915653459432978,2.0325280000000134,1.0,0.7164053333333716,0.7164053333333716,-0.7721888564907495,0.23271792277726888,0.3307172593549466,0.1705786143671861,0.7721888564907495,0.2587530827280184,0.3307172593549466,0.12644940266407828,0.7164053333333716,28.84214775219315,"(1.5025878579196785, 0.22973343832099147)",0.00979866001988799,
279,22,WALK,HAND,7,0,LARGE,,,,,,,,,,,,,,,,,,,,,jump
280,22,WALK,HAND,7,1,LARGE,,,,,,,,,,,,,,,,,,,,,"('no success frames', 0)"
281,22,WALK,HAND,7,2,LARGE,8.257510913270714,5.880290499977717,11.242670253426242,7.4962656025413335,1.564300000000003,3.0,0.6061160000001337,0.20203866666671122,-8.02439527101626,0.415876196976873,6.162007327107808,0.4977623516269636,8.189472304739004,0.5821274983026065,5.9397593264289466,0.28467276413194953,0.3196493333333895,36.64267879515417,"(-0.7794264755538478, 0.6051303270399302)",0.7036305976008698,
282,22,WALK,HAND,7,3,LARGE,,,,,,,,,,,,,,,,,,,,,jump
283,22,WALK,HAND,7,4,LARGE,,,,,,,,,,,,,,,,,,,,,"('no success frames', 0)"
284,22,WALK,HAND,7,5,LARGE,6.80671202146772,3.082246027401935,13.763314900862351,8.469815552325294,2.919499999999971,1.0,0.23253333333335224,0.23253333333335224,6.681088711714772,0.741048840620897,3.1290112731529907,0.9295125212342569,6.681088711714772,0.9479851636838162,3.1290112731529907,0.715298756481056,0.23253333333335224,63.88707828973636,"(-1.1440894085204434, -0.9464257577128592)",0.747419817151493,
285,22,WALK,HAND,7,6,LARGE,,,,,,,,,,,,,,,,,,,,,"('no success frames', 0)"
286,22,WALK,HAND,7,7,LARGE,,,,,,,,,,,,,,,,,,,,,jump
287,22,WALK,HAND,7,8,LARGE,12.688226428874493,7.394865037516905,14.726340301364433,7.83877013323005,2.135639000000083,1.0,0.18209433333325553,0.18209433333325553,10.7306591076169,3.321505537340439,7.328573927149583,5.999172642954063,10.75450794612154,3.4915691919877716,7.293327119926221,5.9012439059714765,0.18209433333325553,32.64450369202902,"(0.795246298681505, -1.1082054079895016)",0.7458272697156195,
288,22,STAND,HAND,8,0,SMALL,0.600656246606825,0.44182284939515587,6.6757395899077565,4.635128406881583,1.3352970000000255,1.0,0.33152033333331776,0.33152033333331776,-0.04139610090172693,-0.598646922174461,0.03829246687202752,0.44099426790830953,0.046218064776755115,0.598646922174461,0.03194323076404514,0.44099426790830953,0.33152033333331776,13.121609865431285,"(0.07731848238116701, -1.463681559861513)",0.012022852799130524,
289,22,STAND,HAND,8,1,SMALL,1.099733166280391,0.24374850638383364,7.680577187298016,5.021620216880489,1.7833559999999693,1.0,0.38385833333333796,0.38385833333333796,0.939165573183833,-0.5593919707513506,0.1468373046188625,0.23022267108993716,0.939165573183833,0.5593919707513506,0.1468373046188625,0.23022267108993716,0.38385833333333796,13.118285921550251,"(-1.217124582870376, -0.9861755874332943)",0.008574559390637344,
290,22,STAND,HAND,8,2,SMALL,0.6880083092301563,0.43544645869305715,8.24039006354271,5.752288084812867,1.700300000000027,1.0,0.4502333333333316,0.4502333333333316,0.6681739062751982,-0.031137798648518247,0.446981512637557,0.1295678504417337,0.6681739062751982,0.11377784663616534,0.446981512637557,0.06582521213323117,0.4502333333333316,14.620301458665086,"(-1.5357939091162396, -0.23374472342500496)",0.009567860087402975,
291,22,STAND,HAND,8,3,SMALL,1.0504391972638518,0.2801273601720941,8.525871492377554,5.47673452322451,1.633843000000013,1.0,0.35009033333332884,0.35009033333332884,0.0023432908326454726,1.0316187982066942,0.20971720313549364,0.2751940986165121,0.17249590909088125,1.0316187982066942,0.11254422468879548,0.2751940986165121,0.35009033333332884,14.352164016829398,"(-0.4559756576403462, 1.5515612725194643)",0.00964173676808453,
292,22,STAND,HAND,8,4,SMALL,0.6125335945244923,0.47553979165483745,8.305201159520461,5.839501634432836,1.534087999999997,1.0,0.4313773333333605,0.4313773333333605,0.11004592023583187,0.5980428646433427,0.04680364443416829,0.4791720764896888,0.11004592023583187,0.5980428646433427,0.04680364443416829,0.4791720764896888,0.4313773333333605,14.801584577122727,"(-0.22435923354493736, 1.600152405502186)",0.011891274355673609,
293,22,STAND,HAND,8,5,SMALL,0.743909140850196,0.3874070609401857,8.352229536190649,5.4936213812070935,1.5982359999999858,1.0,0.4024123333333326,0.4024123333333326,0.07895852528738746,0.7073499042374841,0.17416639775861967,0.41073235218998483,0.17051148987768705,0.7073499042374841,0.08034952132330746,0.41073235218998483,0.4024123333333326,13.73245210557869,"(0.318960836948202, 1.5509414572569398)",0.012908922189947538,
294,22,STAND,HAND,8,6,SMALL,1.2165992360484394,0.20079598804888743,8.24335537177009,5.341562009347911,1.7658999999999878,1.0,0.3493423333333415,0.3493423333333415,-1.1781531263257474,0.30314591436684213,0.19280407120453702,0.057672438747369534,1.1781531263257474,0.30314591436684213,0.19280407120453702,0.057672438747369534,0.3493423333333415,14.045518090133486,"(1.546812330255463, 0.4272554095204697)",0.009346748244314373,
295,22,STAND,HAND,8,7,SMALL,0.6036611943667961,0.3905064206073567,8.877330644157757,5.495505200837888,1.7833860000000072,1.0,0.3841843333333107,0.3841843333333107,-0.29790723100277056,0.2249184509479398,0.6216552556839388,0.04274841899698022,0.5325901420063204,0.2249184509479398,0.4269316044018611,0.04274841899698022,0.3841843333333107,13.8400061477871,"(1.4947765041649, 0.24315176584207165)",0.013587837365760929,
296,22,STAND,HAND,8,8,SMALL,0.6091346777092631,0.4113113203239448,7.4894004069130125,5.140339345666338,1.6156919999999673,1.0,0.4162113333333385,0.4162113333333385,-0.4160010987860188,-0.36991032541725904,0.21802263809162487,0.43064662431391193,0.4160010987860188,0.426011273720027,0.21802263809162487,0.3726434879804883,0.4162113333333385,34.47314581037829,"(0.8655899727294472, -1.201205668019952)",0.008423732168506793,
297,22,WALK,HAND,8,0,SMALL,11.203043870222222,4.160921091555302,11.72932799881657,4.8238650831842715,2.1492660000000114,1.0,0.19922733333331355,0.19922733333331355,9.870610792534194,1.4295300140120961,4.763284996271017,4.561954523845755,9.914580000580266,2.445379224495983,4.670533909481184,4.105145549832779,0.19922733333331355,33.677683559426086,"(1.003744374244775, -1.1431099110105123)",0.7212071195150362,
298,22,WALK,HAND,8,1,SMALL,0.797745328440891,0.3067090479081198,6.461257340309732,4.259172028909976,4.5178339999999935,1.0,0.5979993333333217,0.5979993333333217,-0.3375682324663444,-0.5856949745506081,0.439132850513824,0.29311455339451475,0.3456505094859129,0.5856949745506081,0.43261216647531414,0.29311455339451475,0.5979993333333217,45.9746347744092,"(1.4091995433821154, -0.5957490414077427)",0.7925723554823556,
299,22,WALK,HAND,8,2,SMALL,10.372833243807063,3.3808364241969735,10.802698186677398,3.719891185354668,0.9857489999999416,1.0,0.12058233333337587,0.12058233333337587,-10.34361250102749,-0.33742928722543253,3.443817887797248,0.2524134946333264,10.358500958892378,0.33742928722543253,3.3985842404963655,0.2524134946333264,0.12058233333337587,17.56936882474481,"(-1.142418298460818, -0.5320461590578844)",0.7345534840138231,
300,22,WALK,HAND,8,3,SMALL,,,,,,,,,,,,,,,,,,,,,"('no success frames', 0)"
301,22,WALK,HAND,8,4,SMALL,,,,,,,,,,,,,,,,,,,,,"('no success frames', 0)"
302,22,WALK,HAND,8,5,SMALL,,,,,,,,,,,,,,,,,,,,,jump
303,22,WALK,HAND,8,6,SMALL,12.198317436344352,5.231489954634944,12.704488242980268,5.221553365658956,3.0159349999998994,1.0,0.14893333333341918,0.14893333333341918,-12.180308793927809,0.5898058073559121,5.234581473756701,0.2440594621287428,12.180308793927809,0.5898058073559121,5.234581473756701,0.2440594621287428,0.14893333333341918,30.678595016125456,"(1.4184677935818684, 0.45046239914967146)",0.7523661598451425,
304,22,WALK,HAND,8,7,SMALL,1.3040383765978898,0.5301896895336871,8.362458483481738,6.684179683085628,3.9144999999999754,2.0,0.9373666666667229,0.46868333333336143,-0.9429999004308917,-0.49912020725466844,0.8542341924984058,0.34673269701488935,1.1470807976292106,0.5413156441598279,0.5459785603965007,0.27531668896418976,0.4876333333333226,62.572923174727634,"(-1.4465917417886942, -0.09027622602614827)",0.7337058711865816,
305,22,WALK,HAND,8,8,SMALL,,,,,,,,,,,,,,,,,,,,,jump
306,22,STAND,HAND,9,0,LARGE,0.962064965973198,0.22646346488292754,14.347309600043683,10.47352226434472,1.850494000000026,1.0,0.41773233333330684,0.41773233333330684,0.8566113801363061,-0.16388455203110416,0.12089981335990324,0.45691082889926654,0.8566113801363061,0.3825847516127349,0.12089981335990324,0.2899281717248275,0.41773233333330684,26.90842074164318,"(-1.0800460439864654, -1.0636051589993372)",0.014742107094801905,
307,22,STAND,HAND,9,1,LARGE,0.9351280575499014,0.29898096566595117,15.31875691158789,10.925985846119618,2.0659670000000006,1.0,0.3675923333333079,0.3675923333333079,0.906296852719719,-0.1001782330999336,0.27443935544902776,0.24347529527786604,0.906296852719719,0.20557199976237175,0.27443935544902776,0.15951439520119906,0.3675923333333079,28.56984836561812,"(-1.453672731894041, -0.5691157665443001)",0.01607956564172488,
308,22,STAND,HAND,9,2,LARGE,1.2994110118851279,0.1307165593589212,16.098250352548142,11.386610175146101,2.067504999999983,1.0,0.30045633333335975,0.30045633333335975,1.2951146460362342,0.08607641688219889,0.1343084991977725,0.05495039071142142,1.2951146460362342,0.08626815066313377,0.1343084991977725,0.05462999081600117,0.30045633333335975,29.34171287449803,"(-1.5749570892779143, -0.001629737137946563)",0.01911329834823265,
309,22,STAND,HAND,9,3,LARGE,0.8790977801805646,0.333579631027971,15.377517391699422,11.34777309549605,2.0157690000000343,1.0,0.3832643333333029,0.3832643333333029,0.0626357723942344,0.8598231795917008,0.19961707366994952,0.32004904015892843,0.1623558984926345,0.8598231795917008,0.12783734954066267,0.32004904015892843,0.3832643333333029,29.689422258250733,"(-0.48353412060285983, 1.456175550168851)",0.021585784424451297,
310,22,STAND,HAND,9,4,LARGE,0.9468707539199807,0.41290148974322316,9.463872360635854,10.9393165502972,2.149902999999995,1.0,2.0666273333333454,2.0666273333333454,0.5985799660891923,-0.014723161122507638,0.6394472631687833,0.5514114224678174,0.7438697887005636,0.47823898020935846,0.46070575422299315,0.27145145076097876,1.0,28.971838891465886,"(0.6448664230116052, 1.4113678825670348)",0.015632291979973994,
311,22,STAND,HAND,9,5,LARGE,0.7957803857755859,0.24594146985463886,13.402659539168589,11.711261520248566,1.9495550000000321,1.0,0.8328633333333376,0.8328633333333376,-0.4500508114236294,-0.33857060927114097,0.3404841577072066,0.5169464174416558,0.4500508114236294,0.568156628032862,0.3404841577072066,0.23393329707329832,0.8328633333333376,29.18070225623798,"(1.05651304156771, 1.1243871393079843)",0.015398887054136745,
312,22,STAND,HAND,9,6,LARGE,0.7986334814340565,0.348276030908007,14.896274389597226,10.809988983002182,1.9000179999999887,1.0,0.36719533333334387,0.36719533333334387,-0.6242406595863743,0.4907897930734911,0.32385228230043633,0.15505976052941553,0.6242406595863743,0.4907897930734911,0.32385228230043633,0.15505976052941553,0.36719533333334387,27.98512883290099,"(1.2504147938139116, 0.7962321474137894)",0.01878993280933534,
313,22,STAND,HAND,9,7,LARGE,0.8111643756703621,0.2511226633681886,14.896495036760836,10.843713558659001,1.8332999999999515,1.0,0.40291433333337257,0.40291433333337257,-0.435416063276588,0.5381834894557607,0.489225487160286,0.10298278012599275,0.48357638533923303,0.5381834894557607,0.4393982629922767,0.10298278012599275,0.40291433333337257,28.092278163644888,"(1.4130841259316398, 0.31397935114627273)",0.020231030481901703,
314,22,STAND,HAND,9,8,LARGE,0.8362595288243884,0.2944159800770587,14.718209639756545,10.726569970789793,1.9338070000000016,1.0,0.4156683333333452,0.4156683333333452,-0.7413069044319555,-0.02840555973103065,0.28791427299058153,0.3990627045029124,0.7413069044319555,0.3351867796116075,0.28791427299058153,0.20702181519291527,0.4156683333333452,27.330095753980398,"(1.294546679895893, -0.7888292747341836)",0.015052027866903678,
315,22,WALK,HAND,9,0,LARGE,5.975146289822239,3.6848347944496567,15.66666163976429,10.565071637477178,3.1502080000000205,1.0,0.4848103333332877,0.4848103333332877,5.800028650234581,-0.5741754948961616,3.902313223572889,0.3114536162640039,5.877691108645861,0.5741754948961616,3.7833110238843286,0.3114536162640039,0.4848103333332877,46.926355394459904,"(0.6245775810681522, -1.3373217946595872)",0.805180543809992,
316,22,WALK,HAND,9,1,LARGE,,,,,,,,,,,,,,,,,,,,,"('no success frames', 0)"
317,22,WALK,HAND,9,2,LARGE,9.50656404571581,7.203835364063132,19.5302210540739,13.451095919169633,3.2155480000000125,2.0,0.2672186666666827,0.13360933333334135,7.092485370081378,-0.5709744141566736,9.588844446619706,0.25721180223961587,9.422708342049175,0.5901740433875621,7.287124927749194,0.20894003866407007,0.18423333333331204,58.02694080794632,"(-1.231847739939898, -0.7776468368139575)",0.7073509648524695,
318,22,WALK,HAND,9,3,LARGE,6.571035019405391,6.8116406115771,9.195648749506798,8.295868054834118,1.366899999999987,3.0,0.982567999999992,0.327522666666664,4.266982233566536,0.6939627513116363,8.402208006918547,0.635190060146727,6.3367599414275775,0.8634329641638462,6.96771369393794,0.3719187156133406,0.6654333333333701,26.32988687335431,"(-0.43726199480623507, 1.4148012365818374)",0.7567135681595245,
319,22,WALK,HAND,9,4,LARGE,,,,,,,,,,,,,,,,,,,,,"('no success frames', 0)"
320,22,WALK,HAND,9,5,LARGE,,,,,,,,,,,,,,,,,,,,,"('no success frames', 0)"
321,22,WALK,HAND,9,6,LARGE,10.112450893867923,4.236202075123771,11.719914067377458,7.394427937512566,3.2180000000000746,1.0,0.20056433333334855,0.20056433333334855,-9.977081995115546,-0.3062182909322418,4.534116634610134,0.19414862523549142,10.088347673525236,0.3178018005614834,4.27838261582459,0.17434779617059884,0.20056433333334855,55.91144623207569,"(-1.5385989606877857, -0.21746407722794459)",0.7433971014146741,
322,22,WALK,HAND,9,7,LARGE,,,,,,,,,,,,,,,,,,,,,jump
323,22,WALK,HAND,9,8,LARGE,,,,,,,,,,,,,,,,,,,,,"('no success frames', 0)"
