T2_EU_PS_B1_C0_P1834591_S11_0816131445.csv
SaveFileName,FrameCount,UTC,TimeSinceStart,HeadPositionX,HeadPositionY,HeadPositionZ,HeadForwardVectorX,HeadForwardVectorY,HeadForwardVectorZ,HeadAngleX,HeadAngleY,HeadAngleZ,HeadQuaternionX,HeadQuaternionY,HeadQuaternionZ,HeadQuaternionW,TargetPositionX,TargetPositionY,TargetPositionZ,AngleDifference,OverTarget
T2_EU_PS_B1_C0_P1834591_S11_0816131445.csv,56786,1565930737475,1882.537,-0.04838274,0.0439801,-1.630681,0.008078205,-0.001891049,0.9999656,0.1083492,0.462853,359.3029,0.0009209302,0.004044818,-0.0060866,0.9999729,1.5,-6.556709E-08,10,7.121058,0
T2_EU_PS_B1_C0_P1834591_S11_0816131445.csv,56787,1565930737507,1882.569,-0.04816277,0.04388938,-1.630528,0.007635959,-0.001679466,0.9999694,0.09622637,0.4375131,359.3928,0.0008194848,0.003822407,-0.005301901,0.9999783,0.3,-1.311342E-08,0.3693194,9.506486,0
T2_EU_PS_B1_C0_P1834591_S11_0816131445.csv,56788,1565930737542,1882.604,-0.04800015,0.04382688,-1.630355,0.005446442,-0.002733418,0.9999814,0.1566135,0.3120609,359.3885,0.001352153,0.002730494,-0.005340412,0.9999811,0.3,-1.311342E-08,0.3694718,9.619404,0
T2_EU_PS_B1_C0_P1834591_S11_0816131445.csv,56789,1565930737575,1882.637,-0.04787466,0.04377833,-1.630277,0.003675862,-0.004175593,0.9999845,0.2392446,0.2106137,359.2632,0.002075937,0.001851333,-0.006433661,0.9999754,0.3,-1.311342E-08,0.3696445,9.707274,0
T2_EU_PS_B1_C0_P1834591_S11_0816131445.csv,56790,1565930737610,1882.672,-0.04759904,0.04381432,-1.630274,0.003298502,-0.004996628,0.9999821,0.2862869,0.1889929,359.2073,0.002486849,0.001666512,-0.006921768,0.9999716,0.3,-1.311342E-08,0.3697226,9.716142,0
T2_EU_PS_B1_C0_P1834591_S11_0816131445.csv,56791,1565930737640,1882.703,-0.04723635,0.04390374,-1.630151,0.004395956,-0.003890448,0.9999828,0.2229068,0.2518725,359.2356,0.001930518,0.002210922,-0.006674638,0.9999734,0.3,-1.311342E-08,0.3697264,9.650867,0
T2_EU_PS_B1_C0_P1834591_S11_0816131445.csv,56792,1565930737675,1882.737,-0.04683699,0.04397483,-1.630025,0.005926652,-0.0024277,0.9999795,0.1390971,0.3395752,359.2416,0.001194207,0.002971314,-0.006621868,0.9999729,0.3,-1.311342E-08,0.3698493,9.562217,0
T2_EU_PS_B1_C0_P1834591_S11_0816131445.csv,56793,1565930737707,1882.769,-0.04645881,0.04389447,-1.629957,0.005928492,-0.00241638,0.9999795,0.1384485,0.3396805,359.2566,0.001188931,0.002972041,-0.006490638,0.9999738,0.3,-1.311342E-08,0.3699753,9.551211,0
T2_EU_PS_B1_C0_P1834591_S11_0816131445.csv,56794,1565930737742,1882.804,-0.04613674,0.04387175,-1.629812,0.004349815,-0.002929521,0.9999862,0.1678495,0.2492279,359.2088,0.001449708,0.002184981,-0.006907468,0.9999727,0.3,-1.311342E-08,0.3700426,9.629128,0
T2_EU_PS_B1_C0_P1834591_S11_0816131445.csv,56795,1565930737774,1882.836,-0.04586167,0.04392845,-1.629654,0.002736423,-0.003564455,0.9999899,0.2042287,0.1567867,359.179,0.00177238,0.001380953,-0.007167208,0.9999718,0.3,-1.311342E-08,0.3701882,9.709643,0
T2_EU_PS_B1_C0_P1834591_S11_0816131445.csv,56796,1565930737810,1882.871,-0.04551491,0.04379772,-1.629485,0.002791426,-0.005225377,0.9999825,0.2993934,0.1599393,359.162,0.002602418,0.001414798,-0.007316859,0.9999689,0.3,-1.311342E-08,0.3703462,9.686837,0
T2_EU_PS_B1_C0_P1834591_S11_0816131445.csv,56797,1565930737841,1882.903,-0.04493752,0.04362109,-1.629292,0.005283384,-0.006252227,0.9999665,0.3582285,0.3027229,359.1786,0.003107101,0.002664081,-0.007176472,0.9999659,0.3,-1.311342E-08,0.3705153,9.522767,0
T2_EU_PS_B1_C0_P1834591_S11_0816131445.csv,56798,1565930737875,1882.937,-0.04416995,0.0436697,-1.629095,0.009370071,-0.005564945,0.9999406,0.3188495,0.5368816,359.2058,0.002749915,0.004704312,-0.006943462,0.9999611,0.3,-1.311342E-08,0.3707082,9.27235,0
T2_EU_PS_B1_C0_P1834591_S11_0816131445.csv,56799,1565930737907,1882.969,-0.04327345,0.043714,-1.628993,0.01505735,-0.005430896,0.9998719,0.311169,0.8627681,359.1974,0.00266258,0.007547808,-0.007024483,0.9999433,0.3,-1.311342E-08,0.3709047,8.92381,0
T2_EU_PS_B1_C0_P1834591_S11_0816131445.csv,56800,1565930737941,1883.003,-0.04220755,0.04362802,-1.628944,0.02169588,-0.005987618,0.9997467,0.3430673,1.243202,359.1735,0.002915321,0.01087003,-0.007244542,0.9999105,0.3,-1.311342E-08,0.3710068,8.512162,0
T2_EU_PS_B1_C0_P1834591_S11_0816131445.csv,56801,1565930737974,1883.036,-0.04094845,0.04359488,-1.628887,0.03050373,-0.006261583,0.9995151,0.3587646,1.748041,359.1183,0.003012982,0.0152775,-0.007741116,0.9998488,0.3,-1.311342E-08,0.3710563,7.973659,0
T2_EU_PS_B1_C0_P1834591_S11_0816131445.csv,56802,1565930738009,1883.07,-0.03876246,0.04368892,-1.628927,0.05235829,-0.005966401,0.9986106,0.3418516,3.001335,359.1,0.00277641,0.02621109,-0.007929567,0.9996212,0.3,-1.311342E-08,0.3711133,6.671238,0
T2_EU_PS_B1_C0_P1834591_S11_0816131445.csv,56803,1565930738041,1883.103,-0.03644434,0.0435864,-1.629026,0.07659651,-0.007102413,0.9970369,0.4069417,4.393071,358.8138,0.003151705,0.03836182,-0.01047943,0.999204,0.3,-1.311342E-08,0.3710728,5.220408,0
T2_EU_PS_B1_C0_P1834591_S11_0816131445.csv,56804,1565930738074,1883.136,-0.03444598,0.0433115,-1.629309,0.09653112,-0.00987489,0.995281,0.5657987,5.539722,358.6614,0.004366926,0.04837809,-0.01190588,0.9987486,0.3,-1.311342E-08,0.3709741,4.006093,0
T2_EU_PS_B1_C0_P1834591_S11_0816131445.csv,56805,1565930738108,1883.17,-0.03270251,0.04312573,-1.629563,0.1127538,-0.01075748,0.9935647,0.61637,6.474459,358.4918,0.004626549,0.05653523,-0.01344397,0.9982994,0.3,-1.311342E-08,0.3706913,3.029184,0
T2_EU_PS_B1_C0_P1834591_S11_0816131445.csv,56806,1565930738141,1883.203,-0.03121001,0.04313028,-1.629763,0.1252789,-0.01074754,0.9920633,0.6158005,7.197282,358.4128,0.004493373,0.0628342,-0.01416064,0.9979134,0.3,-1.311342E-08,0.3704374,2.285676,0
T2_EU_PS_B1_C0_P1834591_S11_0816131445.csv,56807,1565930738174,1883.236,-0.02988377,0.04302456,-1.630028,0.1360828,-0.01087216,0.9906378,0.6229409,7.821701,358.4029,0.004472423,0.06827218,-0.0142751,0.9975546,0.3,-1.311342E-08,0.3702375,1.652801,0
T2_EU_PS_B1_C0_P1834591_S11_0816131445.csv,56808,1565930738209,1883.27,-0.02876084,0.04297679,-1.630304,0.1433782,-0.01109792,0.9896057,0.6358768,8.243885,358.3334,0.004488776,0.0719512,-0.01490401,0.9972867,0.3,-1.311342E-08,0.3699715,1.233846,0
T2_EU_PS_B1_C0_P1834591_S11_0816131445.csv,56809,1565930738240,1883.302,-0.02784964,0.04292698,-1.630559,0.1490119,-0.01132002,0.9887706,0.648603,8.570219,358.1546,0.004440324,0.07479957,-0.016481,0.9970525,0.3,-1.311342E-08,0.369696,0.9293592,0
T2_EU_PS_B1_C0_P1834591_S11_0816131445.csv,56810,1565930738275,1883.337,-0.02708959,0.04286353,-1.63092,0.153553,-0.01214928,0.9880657,0.6961195,8.833543,358.0661,0.004756233,0.0771007,-0.01729337,0.996862,0.3,-1.311342E-08,0.369441,0.6858553,1
T2_EU_PS_B1_C0_P1834591_S11_0816131445.csv,56811,1565930738307,1883.369,-0.02650917,0.04288904,-1.631167,0.1561851,-0.01163328,0.9876593,0.666553,8.986145,358.0226,0.004446245,0.07842565,-0.01765786,0.9967537,0.3,-1.311342E-08,0.3690803,0.615485,1
T2_EU_PS_B1_C0_P1834591_S11_0816131445.csv,56812,1565930738342,1883.403,-0.02600859,0.0430159,-1.631252,0.157525,-0.009608315,0.9874682,0.5505244,9.063687,358.0101,0.003416494,0.07908349,-0.01768916,0.9967052,0.3,-1.311342E-08,0.3688326,0.6935157,1
T2_EU_PS_B1_C0_P1834591_S11_0816131445.csv,56813,1565930738373,1883.435,-0.0255893,0.04311178,-1.631261,0.1579636,-0.008401157,0.9874092,0.4813565,9.089039,358.0321,0.00282616,0.07929322,-0.01745118,0.9966946,0.3,-1.311342E-08,0.3687477,0.7543329,1
T2_EU_PS_B1_C0_P1834591_S11_0816131445.csv,56814,1565930738410,1883.471,-0.0252121,0.0430722,-1.631273,0.157318,-0.00964223,0.9875009,0.5524676,9.051682,358.0537,0.00346527,0.07897803,-0.01731128,0.9967201,0.3,-1.311342E-08,0.3687388,0.6901216,1
T2_EU_PS_B1_C0_P1834591_S11_0816131445.csv,56815,1565930738441,1883.503,-0.02499257,0.04290273,-1.631209,0.1545846,-0.01184476,0.9879085,0.6786708,8.893332,358.0511,0.004585272,0.07761893,-0.01741441,0.9968204,0.3,-1.311342E-08,0.3687273,0.6318005,1
T2_EU_PS_B1_C0_P1834591_S11_0816131445.csv,56816,1565930738473,1883.536,-0.02490156,0.042769,-1.63107,0.1517019,-0.0131658,0.9883386,0.7543665,8.726328,357.951,0.005202695,0.07618154,-0.0183282,0.9969119,0.3,-1.311342E-08,0.3687905,0.6769533,1
T2_EU_PS_B1_C0_P1834591_S11_0816131445.csv,56817,1565930738508,1883.57,-0.024787,0.0426832,-1.630963,0.1489395,-0.01370022,0.9887514,0.7849895,8.566285,357.9064,0.005465574,0.07479592,-0.0187295,0.997008,0.3,-1.311342E-08,0.3689301,0.7815963,1
T2_EU_PS_B1_C0_P1834591_S11_0816131445.csv,56818,1565930738540,1883.603,-0.02465079,0.04263255,-1.630859,0.1461309,-0.01457867,0.9891579,0.8353257,8.403674,357.9685,0.005969947,0.0733856,-0.01821314,0.9971195,0.3,-1.311342E-08,0.369037,0.8967844,1
T2_EU_PS_B1_C0_P1834591_S11_0816131445.csv,56819,1565930738574,1883.636,-0.02443514,0.04248312,-1.63087,0.1445957,-0.01447523,0.9893849,0.8293984,8.314745,358.0886,0.006008603,0.0726046,-0.01715957,0.9971951,0.3,-1.311342E-08,0.3691413,0.9729732,1
T2_EU_PS_B1_C0_P1834591_S11_0816131445.csv,56820,1565930738609,1883.67,-0.02414944,0.04223714,-1.630924,0.1435345,-0.0147013,0.9895361,0.842353,8.253323,358.1203,0.006150476,0.07207021,-0.01688861,0.9972376,0.3,-1.311342E-08,0.3691298,1.015293,1
T2_EU_PS_B1_C0_P1834591_S11_0816131445.csv,56821,1565930738642,1883.703,-0.0237726,0.0422174,-1.63089,0.1393065,-0.01388942,0.9901519,0.7958308,8.008497,358.2064,0.005834163,0.06992864,-0.01609765,0.9974051,0.3,-1.311342E-08,0.3690755,1.252108,1
T2_EU_PS_B1_C0_P1834591_S11_0816131445.csv,56822,1565930738673,1883.736,-0.02344786,0.04193509,-1.630997,0.134822,-0.01624906,0.9907366,0.9310434,7.749357,357.8436,0.006833278,0.0677127,-0.0193224,0.9974943,0.3,-1.311342E-08,0.3691105,1.458979,0
T2_EU_PS_B1_C0_P1834591_S11_0816131445.csv,56823,1565930738708,1883.769,-0.0230442,0.0415101,-1.631349,0.1318284,-0.02013728,0.991068,1.153859,7.576808,357.59,0.008655502,0.06626529,-0.02164813,0.9975296,0.3,-1.311342E-08,0.3690028,1.596794,0
T2_EU_PS_B1_C0_P1834591_S11_0816131445.csv,56824,1565930738741,1883.802,-0.02282126,0.04186554,-1.631649,0.1313505,-0.01596723,0.9912074,0.9148937,7.548605,357.3507,0.00644274,0.06599085,-0.0235919,0.9975205,0.3,-1.311342E-08,0.3686509,1.640918,0
T2_EU_PS_B1_C0_P1834591_S11_0816131445.csv,56825,1565930738773,1883.835,-0.02239552,0.04232622,-1.632005,0.1318775,-0.01157186,0.9911985,0.6630337,7.578609,357.4619,0.004308342,0.06619819,-0.02248055,0.9975439,0.3,-1.311342E-08,0.368351,1.664599,0
T2_EU_PS_B1_C0_P1834591_S11_0816131445.csv,56826,1565930738809,1883.871,-0.02186408,0.04258331,-1.632348,0.1326692,-0.008775843,0.9911215,0.5028253,7.624155,357.6262,0.003000192,0.06656002,-0.02095938,0.9975578,0.3,-1.311342E-08,0.3679945,1.670701,0
T2_EU_PS_B1_C0_P1834591_S11_0816131445.csv,56827,1565930738839,1883.901,-0.02127505,0.04300145,-1.632595,0.1346471,-0.006351042,0.9908733,0.3638903,7.738372,357.6646,0.001792476,0.06752893,-0.02054702,0.9975041,0.3,-1.311342E-08,0.3676517,1.627145,0
T2_EU_PS_B1_C0_P1834591_S11_0816131445.csv,56828,1565930738874,1883.936,-0.02066915,0.04302746,-1.632707,0.1385677,-0.005925355,0.9903352,0.3394998,7.965111,357.6211,0.001513177,0.06949884,-0.02091392,0.9973617,0.3,-1.311342E-08,0.3674047,1.441029,0
T2_EU_PS_B1_C0_P1834591_S11_0816131445.csv,56829,1565930738906,1883.968,-0.01993994,0.04293356,-1.632718,0.1433229,-0.006136407,0.9896569,0.3515925,8.240333,357.6354,0.001577158,0.07189602,-0.02080047,0.997194,0.3,-1.311342E-08,0.3672934,1.20966,0
T2_EU_PS_B1_C0_P1834591_S11_0816131445.csv,56830,1565930738942,1884.003,-0.01918434,0.04279225,-1.6326,0.1481993,-0.007144761,0.9889317,0.4093682,8.522806,357.5883,0.00199797,0.074365,-0.02125192,0.9970026,0.3,-1.311342E-08,0.3672819,0.9689425,0
T2_EU_PS_B1_C0_P1834591_S11_0816131445.csv,56831,1565930738973,1884.034,-0.01863126,0.0424839,-1.632425,0.150765,-0.009948483,0.9885195,0.5700155,8.671697,357.5056,0.003313319,0.07569173,-0.02207976,0.9968813,0.3,-1.311342E-08,0.3674002,0.7375443,1
T2_EU_PS_B1_C0_P1834591_S11_0816131445.csv,56832,1565930739009,1884.07,-0.01840829,0.04209385,-1.632214,0.1503884,-0.01451378,0.9885204,0.8316073,8.650356,357.376,0.005507774,0.07556086,-0.02337789,0.9968519,0.3,-1.311342E-08,0.3675749,0.5348573,1
T2_EU_PS_B1_C0_P1834591_S11_0816131445.csv,56833,1565930739041,1884.103,-0.01822604,0.04173338,-1.632084,0.1474422,-0.01986045,0.9888713,1.137995,8.480413,357.3169,0.008169848,0.07414599,-0.0240811,0.9969231,0.3,-1.311342E-08,0.3677859,0.5626699,1
T2_EU_PS_B1_C0_P1834591_S11_0816131445.csv,56834,1565930739074,1884.135,-0.01815726,0.04150729,-1.631998,0.144952,-0.02280981,0.9891757,1.307019,8.336685,357.2761,0.00964471,0.07293226,-0.02453288,0.9969885,0.3,-1.311342E-08,0.3679161,0.7149112,1
T2_EU_PS_B1_C0_P1834591_S11_0816131445.csv,56835,1565930739106,1884.168,-0.01800141,0.04133108,-1.631913,0.1444255,-0.0230752,0.9892466,1.322229,8.30624,357.2924,0.009793933,0.07266901,-0.0243977,0.9970096,0.3,-1.311342E-08,0.3680023,0.7444103,1
T2_EU_PS_B1_C0_P1834591_S11_0816131445.csv,56836,1565930739142,1884.203,-0.01776015,0.04147366,-1.631868,0.1459842,-0.02095035,0.9890651,1.200454,8.396132,357.3346,0.008742319,0.0734237,-0.02396096,0.9969746,0.3,-1.311342E-08,0.3680872,0.6321102,1
T2_EU_PS_B1_C0_P1834591_S11_0816131445.csv,56837,1565930739173,1884.235,-0.01749208,0.04159295,-1.631989,0.1498546,-0.01939037,0.9885179,1.111056,8.620136,357.4654,0.008003791,0.07534587,-0.02278143,0.9968651,0.3,-1.311342E-08,0.3681319,0.4044518,1
T2_EU_PS_B1_C0_P1834591_S11_0816131445.csv,56838,1565930739211,1884.272,-0.01725397,0.04148653,-1.632127,0.1533041,-0.01968743,0.9879829,1.12808,8.820173,357.5358,0.008159449,0.0770841,-0.02219434,0.9967442,0.3,-1.311342E-08,0.3680112,0.1988102,1
T2_EU_PS_B1_C0_P1834591_S11_0816131445.csv,56839,1565930739239,1884.301,-0.01711459,0.04161082,-1.632095,0.154758,-0.01780478,0.987792,1.020193,8.904184,357.6105,0.007255495,0.07779062,-0.02147757,0.996712,0.3,-1.311342E-08,0.3678734,0.1897456,1
T2_EU_PS_B1_C0_P1834591_S11_0816131445.csv,56840,1565930739274,1884.337,-0.01713979,0.04202511,-1.631796,0.153134,-0.01463286,0.9880971,0.8384311,8.809539,357.5891,0.005677753,0.07693645,-0.0215362,0.9967873,0.3,-1.311342E-08,0.3679047,0.4049353,1
T2_EU_PS_B1_C0_P1834591_S11_0816131445.csv,56841,1565930739306,1884.367,-0.01730969,0.0419469,-1.631665,0.1509606,-0.01661146,0.9884002,0.9518104,8.683805,357.4283,0.006581205,0.07587218,-0.02300428,0.9968305,0.3,-1.311342E-08,0.3682041,0.4068635,1
T2_EU_PS_B1_C0_P1834591_S11_0816131445.csv,56842,1565930739342,1884.403,-0.0175393,0.04175638,-1.631665,0.1487674,-0.01930742,0.9886837,1.106303,8.55711,357.4691,0.007977335,0.07479642,-0.02274232,0.9969075,0.3,-1.311342E-08,0.3683351,0.4702222,1
T2_EU_PS_B1_C0_P1834591_S11_0816131445.csv,56843,1565930739372,1884.434,-0.0177106,0.04173133,-1.631598,0.1482837,-0.0188908,0.9887644,1.082428,8.52901,357.511,0.00780245,0.07454468,-0.02236047,0.9969364,0.3,-1.311342E-08,0.3683352,0.5074486,1
T2_EU_PS_B1_C0_P1834591_S11_0816131445.csv,56844,1565930739407,1884.469,-0.01775549,0.0416783,-1.631504,0.1488434,-0.01831061,0.9886912,1.04918,8.561352,357.5949,0.007561687,0.07481445,-0.02161079,0.9969346,0.3,-1.311342E-08,0.3684022,0.4845679,1
T2_EU_PS_B1_C0_P1834591_S11_0816131445.csv,56845,1565930739439,1884.501,-0.01769154,0.04166173,-1.631475,0.1487498,-0.01966915,0.9886792,1.127032,8.556151,357.7156,0.008318789,0.07477422,-0.02061053,0.9969528,0.3,-1.311342E-08,0.3684962,0.4722982,1
T2_EU_PS_B1_C0_P1834591_S11_0816131445.csv,56846,1565930739474,1884.536,-0.01767576,0.0417609,-1.631531,0.1487811,-0.02032985,0.9886612,1.164895,8.558081,357.7284,0.008656213,0.07479636,-0.02052391,0.99695,0.3,-1.311342E-08,0.368525,0.4673002,1
T2_EU_PS_B1_C0_P1834591_S11_0816131445.csv,56847,1565930739507,1884.568,-0.01764026,0.04169851,-1.631646,0.1487647,-0.02097372,0.9886502,1.201794,8.55724,357.7062,0.008962869,0.0747969,-0.02074141,0.9969428,0.3,-1.311342E-08,0.368469,0.4668813,1
T2_EU_PS_B1_C0_P1834591_S11_0816131445.csv,56848,1565930739540,1884.601,-0.01760571,0.04182427,-1.631731,0.1472664,-0.0194341,0.9889059,1.113562,8.470156,357.8025,0.008273136,0.07401754,-0.01984023,0.9970253,0.3,-1.311342E-08,0.3683538,0.5574291,1
T2_EU_PS_B1_C0_P1834591_S11_0816131445.csv,56849,1565930739573,1884.635,-0.01771566,0.04196959,-1.631886,0.1464586,-0.01770419,0.9890584,1.014428,8.42308,357.7802,0.00740439,0.07359344,-0.01996732,0.997061,0.3,-1.311342E-08,0.368269,0.6268256,1
T2_EU_PS_B1_C0_P1834591_S11_0816131445.csv,56850,1565930739610,1884.67,-0.01772342,0.04191665,-1.632028,0.1454414,-0.0169363,0.9892219,0.9704248,8.364049,357.7582,0.00701779,0.07307395,-0.02012644,0.9970987,0.3,-1.311342E-08,0.3681138,0.6960504,1
T2_EU_PS_B1_C0_P1834591_S11_0816131445.csv,56851,1565930739639,1884.701,-0.01768429,0.04210265,-1.632083,0.1442918,-0.01607369,0.9894046,0.9209942,8.297347,357.7241,0.006577768,0.07248735,-0.02038831,0.9971393,0.3,-1.311342E-08,0.3679719,0.7763211,1
T2_EU_PS_B1_C0_P1834591_S11_0816131445.csv,56852,1565930739674,1884.736,-0.01754696,0.04225584,-1.632111,0.144335,-0.01583875,0.9894021,0.9075317,8.299818,357.724,0.006460097,0.07250661,-0.02038109,0.9971388,0.3,-1.311342E-08,0.3679173,0.7770769,1
T2_EU_PS_B1_C0_P1834591_S11_0816131445.csv,56853,1565930739707,1884.769,-0.01743286,0.0421503,-1.632175,0.1460056,-0.01584647,0.9891568,0.9079738,8.396578,357.686,0.006422435,0.07335076,-0.0207171,0.9970704,0.3,-1.311342E-08,0.3678894,0.6838553,1
T2_EU_PS_B1_C0_P1834591_S11_0816131445.csv,56854,1565930739741,1884.802,-0.01722264,0.0421601,-1.632152,0.1477998,-0.01518647,0.9889007,0.8701543,8.500429,357.6819,0.006071948,0.07424811,-0.02073413,0.9970058,0.3,-1.311342E-08,0.3678248,0.6049027,1
T2_EU_PS_B1_C0_P1834591_S11_0816131445.csv,56855,1565930739771,1884.834,-0.0171165,0.0421726,-1.632068,0.1489744,-0.01508308,0.988726,0.8642297,8.56848,357.7259,0.006036829,0.07483684,-0.020351,0.9969699,0.3,-1.311342E-08,0.3678483,0.5503638,1
T2_EU_PS_B1_C0_P1834591_S11_0816131445.csv,56856,1565930739809,1884.869,-0.01708543,0.04203706,-1.631979,0.1492061,-0.01589591,0.9886783,0.9108071,8.582013,357.7759,0.006472331,0.07495957,-0.01994758,0.9969661,0.3,-1.311342E-08,0.3679322,0.509757,1
T2_EU_PS_B1_C0_P1834591_S11_0816131445.csv,56857,1565930739839,1884.901,-0.01702724,0.04204408,-1.631909,0.1487841,-0.01667475,0.9887291,0.9554372,8.557671,357.8089,0.006886405,0.07475311,-0.01968802,0.9969839,0.3,-1.311342E-08,0.3680207,0.5070629,1
T2_EU_PS_B1_C0_P1834591_S11_0816131445.csv,56858,1565930739873,1884.935,-0.01690439,0.04215096,-1.631692,0.147704,-0.01549684,0.9889102,0.887939,8.494923,357.8853,0.006359367,0.07419206,-0.01897582,0.9970431,0.3,-1.311342E-08,0.3680907,0.5941319,1
T2_EU_PS_B1_C0_P1834591_S11_0816131445.csv,56859,1565930739907,1884.968,-0.01691503,0.04210516,-1.631574,0.1473056,-0.01539135,0.9889712,0.8818942,8.471827,357.7242,0.006206552,0.07399897,-0.02037258,0.9970309,0.3,-1.311342E-08,0.3683076,0.6161205,1
T2_EU_PS_B1_C0_P1834591_S11_0816131445.csv,56860,1565930739940,1885.002,-0.01679268,0.04192011,-1.631679,0.1479412,-0.01784836,0.9888351,1.02269,8.509,357.7351,0.007432039,0.07434526,-0.02037063,0.9969968,0.3,-1.311342E-08,0.3684258,0.5173771,1
T2_EU_PS_B1_C0_P1834591_S11_0816131445.csv,56861,1565930739974,1885.035,-0.01668312,0.0419434,-1.63178,0.1493597,-0.0181645,0.988616,1.040807,8.591249,357.8114,0.007625034,0.0750588,-0.01972369,0.9969549,0.3,-1.311342E-08,0.3683206,0.4311472,1
T2_EU_PS_B1_C0_P1834591_S11_0816131445.csv,56862,1565930740008,1885.069,-0.01643063,0.04205402,-1.631759,0.1515392,-0.01643255,0.9883146,0.941558,8.717319,357.8363,0.006756454,0.07613819,-0.01944974,0.9968847,0.3,-1.311342E-08,0.3682201,0.3695653,1
T2_EU_PS_B1_C0_P1834591_S11_0816131445.csv,56863,1565930740039,1885.1,-0.01624895,0.04210741,-1.63176,0.1521387,-0.01523662,0.9882417,0.8730276,8.751911,357.8941,0.006192955,0.0764251,-0.0189034,0.9968769,0.3,-1.311342E-08,0.3682406,0.3941611,1
T2_EU_PS_B1_C0_P1834591_S11_0816131445.csv,56864,1565930740074,1885.135,-0.01606179,0.04217144,-1.631752,0.1509511,-0.01533829,0.9884222,0.8788536,8.683078,357.9431,0.006287445,0.0758245,-0.01847687,0.9969302,0.3,-1.311342E-08,0.3682399,0.4329587,1
T2_EU_PS_B1_C0_P1834591_S11_0816131445.csv,56865,1565930740107,1885.168,-0.01602968,0.04206851,-1.631768,0.149744,-0.01568427,0.9886004,0.8986796,8.613158,357.8393,0.006403063,0.07522501,-0.01938923,0.9969575,0.3,-1.311342E-08,0.3682482,0.4685547,1
T2_EU_PS_B1_C0_P1834591_S11_0816131445.csv,56866,1565930740140,1885.201,-0.01588566,0.04209458,-1.631806,0.149557,-0.01540485,0.9886331,0.8826677,8.602285,357.8216,0.006253981,0.07512884,-0.01953228,0.9969629,0.3,-1.311342E-08,0.3682317,0.4841639,1
T2_EU_PS_B1_C0_P1834591_S11_0816131445.csv,56867,1565930740173,1885.235,-0.01570905,0.04224363,-1.631836,0.149774,-0.01439446,0.9886155,0.8247703,8.614728,357.856,0.005770704,0.07522608,-0.01919601,0.9969651,0.3,-1.311342E-08,0.3681939,0.5132,1
T2_EU_PS_B1_C0_P1834591_S11_0816131445.csv,56868,1565930740209,1885.27,-0.01547233,0.0422483,-1.631835,0.1506899,-0.01388583,0.9884835,0.7956252,8.667748,357.8119,0.005479101,0.07568486,-0.01956355,0.9969248,0.3,-1.311342E-08,0.3681643,0.4973219,1
T2_EU_PS_B1_C0_P1834591_S11_0816131445.csv,56869,1565930740242,1885.302,-0.01527067,0.04212888,-1.631792,0.1510139,-0.01404562,0.9884319,0.8047814,8.686553,357.7867,0.005538861,0.07585114,-0.0197898,0.9969074,0.3,-1.311342E-08,0.3681651,0.4731261,1
T2_EU_PS_B1_C0_P1834591_S11_0816131445.csv,56870,1565930740274,1885.335,-0.01500712,0.04206632,-1.631665,0.1507274,-0.01456507,0.9884681,0.8345463,8.670008,357.7403,0.005770057,0.07571441,-0.0202117,0.996908,0.3,-1.311342E-08,0.3682081,0.453703,1
T2_EU_PS_B1_C0_P1834591_S11_0816131445.csv,56871,1565930740307,1885.368,-0.01483833,0.04197348,-1.631526,0.1502378,-0.01580921,0.9885235,0.905839,8.641795,357.7133,0.006377461,0.07548236,-0.02049238,0.9969162,0.3,-1.311342E-08,0.368335,0.4149588,1
T2_EU_PS_B1_C0_P1834591_S11_0816131445.csv,56872,1565930740340,1885.401,-0.01462381,0.04178794,-1.6314,0.1501365,-0.01770046,0.9885068,1.014215,8.6362,357.6676,0.007291258,0.07545482,-0.02096035,0.9969023,0.3,-1.311342E-08,0.3684745,0.3483046,1
T2_EU_PS_B1_C0_P1834591_S11_0816131445.csv,56873,1565930740372,1885.434,-0.01447333,0.04168597,-1.631253,0.1501383,-0.0193504,0.9884756,1.108765,8.63657,357.5833,0.008058267,0.07548016,-0.02175533,0.9968774,0.3,-1.311342E-08,0.3686002,0.3077414,1
T2_EU_PS_B1_C0_P1834591_S11_0816131445.csv,56874,1565930740409,1885.469,-0.01428496,0.04165349,-1.63103,0.1503233,-0.01889991,0.9884562,1.08295,8.647217,357.5484,0.007808643,0.07557058,-0.02204276,0.9968662,0.3,-1.311342E-08,0.3687475,0.2993615,1
T2_EU_PS_B1_C0_P1834591_S11_0816131445.csv,56875,1565930740439,1885.5,-0.0139395,0.04150326,-1.630889,0.1507428,-0.01945443,0.9883816,1.114727,8.671627,357.5371,0.008072924,0.07578944,-0.02216355,0.9968448,0.3,-1.311342E-08,0.3689697,0.2571706,1
T2_EU_PS_B1_C0_P1834591_S11_0816131445.csv,56876,1565930740473,1885.535,-0.01357581,0.04163261,-1.6307,0.1521447,-0.01913456,0.988173,1.096397,8.752849,357.5834,0.007928659,0.07648946,-0.0217544,0.9968015,0.3,-1.311342E-08,0.3691113,0.1791368,1
T2_EU_PS_B1_C0_P1834591_S11_0816131445.csv,56877,1565930740506,1885.567,-0.01323067,0.04182459,-1.630384,0.152359,-0.01681434,0.9881822,0.9634359,8.764907,357.6393,0.006807104,0.07656745,-0.02118051,0.9968162,0.3,-1.311342E-08,0.3692995,0.2594432,1
T2_EU_PS_B1_C0_P1834591_S11_0816131445.csv,56878,1565930740540,1885.601,-0.01302716,0.04211353,-1.630019,0.152431,-0.01494796,0.9882011,0.8564867,8.768821,357.4719,0.005764117,0.07659139,-0.02256599,0.9967905,0.3,-1.311342E-08,0.369616,0.3588198,1
T2_EU_PS_B1_C0_P1834591_S11_0816131445.csv,56879,1565930740572,1885.635,-0.01292118,0.04196759,-1.629961,0.1524168,-0.01733421,0.9881643,0.9932269,8.768334,357.4367,0.006930143,0.0766148,-0.02296335,0.9967722,0.3,-1.311342E-08,0.3699806,0.2306999,1
T2_EU_PS_B1_C0_P1834591_S11_0816131445.csv,56880,1565930740607,1885.668,-0.01278258,0.04198287,-1.629868,0.1524185,-0.01830223,0.9881465,1.048699,8.76859,357.4869,0.007446216,0.07662424,-0.02256332,0.9967769,0.3,-1.311342E-08,0.3700395,0.1855749,1
T2_EU_PS_B1_C0_P1834591_S11_0816131445.csv,56881,1565930740639,1885.7,-0.01270978,0.04210019,-1.629595,0.1488097,-0.01625559,0.9887322,0.9314179,8.559093,357.5368,0.006499658,0.07477726,-0.02203955,0.9969355,0.3,-1.311342E-08,0.3701321,0.4191812,1
T2_EU_PS_B1_C0_P1834591_S11_0816131445.csv,56882,1565930740674,1885.735,-0.012724,0.04220084,-1.629292,0.1448454,-0.01521679,0.9893373,0.8718913,8.329299,357.2953,0.005872525,0.07277963,-0.02408987,0.9970398,0.3,-1.311342E-08,0.3704054,0.6452838,1
T2_EU_PS_B1_C0_P1834591_S11_0816131445.csv,56883,1565930740706,1885.767,-0.01213209,0.04262062,-1.629128,0.1439445,-0.01381317,0.9894894,0.7914616,8.276957,357.041,0.005023206,0.07231936,-0.02624929,0.9970234,0.3,-1.311342E-08,0.3707078,0.7246976,1
T2_EU_PS_B1_C0_P1834591_S11_0816131445.csv,56884,1565930740738,1885.8,-0.01145623,0.04265031,-1.628961,0.1425441,-0.01362998,0.9896946,0.7809643,8.195856,356.6965,0.004735125,0.07162597,-0.0292367,0.9969918,0.3,-1.311342E-08,0.370872,0.782347,1
T2_EU_PS_B1_C0_P1834591_S11_0816131445.csv,56885,1565930740773,1885.835,-0.01078647,0.04264353,-1.628838,0.1426946,-0.01428716,0.9896637,0.8186219,8.204644,356.5192,0.004949559,0.07171945,-0.03080311,0.9969369,0.3,-1.311342E-08,0.3710386,0.7386047,1
T2_EU_PS_B1_C0_P1834591_S11_0816131445.csv,56886,1565930740807,1885.868,-0.01045225,0.04252835,-1.628804,0.1433308,-0.01591324,0.9895469,0.9118001,8.241685,356.6756,0.00584861,0.07205796,-0.02950218,0.9969469,0.3,-1.311342E-08,0.3711623,0.6510199,1
T2_EU_PS_B1_C0_P1834591_S11_0816131445.csv,56887,1565930740837,1885.899,-0.01025842,0.04242588,-1.628703,0.145065,-0.0167113,0.989281,0.9575315,8.342217,357.0038,0.006429433,0.07292577,-0.02668142,0.9969597,0.3,-1.311342E-08,0.3711963,0.5341251,1
T2_EU_PS_B1_C0_P1834591_S11_0816131445.csv,56888,1565930740873,1885.935,-0.01004867,0.04255924,-1.628418,0.1480207,-0.01575146,0.9888588,0.9025298,8.513305,357.2526,0.006072652,0.07438893,-0.0244908,0.99691,0.3,-1.311342E-08,0.3712965,0.4261257,1
T2_EU_PS_B1_C0_P1834591_S11_0816131445.csv,56889,1565930740907,1885.967,-0.009963603,0.04261225,-1.628093,0.1480008,-0.01463375,0.988879,0.8384822,8.512008,357.4388,0.005636574,0.07435554,-0.02282906,0.9969546,0.3,-1.311342E-08,0.3715816,0.4735395,1
T2_EU_PS_B1_C0_P1834591_S11_0816131445.csv,56890,1565930740939,1886.001,-0.009944668,0.04267687,-1.627701,0.1471556,-0.01404704,0.9890136,0.8048624,8.462967,357.4438,0.005357057,0.07392226,-0.02276157,0.9969898,0.3,-1.311342E-08,0.3719075,0.5326577,1
T2_EU_PS_B1_C0_P1834591_S11_0816131445.csv,56891,1565930740972,1886.034,-0.009747737,0.04249899,-1.627459,0.1468779,-0.01562611,0.9890312,0.8953466,8.447075,357.3398,0.006080468,0.07380667,-0.02372415,0.9969718,0.3,-1.311342E-08,0.3722986,0.4718838,1
T2_EU_PS_B1_C0_P1834591_S11_0816131445.csv,56892,1565930741007,1886.068,-0.009448659,0.04210892,-1.627355,0.1482469,-0.01881593,0.9887714,1.078137,8.526868,357.2267,0.007580626,0.0745443,-0.02483075,0.9968797,0.3,-1.311342E-08,0.372541,0.2920831,1
T2_EU_PS_B1_C0_P1834591_S11_0816131445.csv,56893,1565930741039,1886.1,-0.009114174,0.0419854,-1.627302,0.1507901,-0.02018628,0.9883597,1.156667,8.6745,357.1107,0.008154975,0.07585287,-0.02590113,0.9967492,0.3,-1.311342E-08,0.3726451,0.1136409,1
T2_EU_PS_B1_C0_P1834591_S11_0816131445.csv,56894,1565930741073,1886.135,-0.008884152,0.04187182,-1.62732,0.1521848,-0.02155141,0.988117,1.2349,8.75561,357.0764,0.008794181,0.07657763,-0.02625737,0.9966791,0.3,-1.311342E-08,0.3726984,0.05595291,1
T2_EU_PS_B1_C0_P1834591_S11_0816131445.csv,56895,1565930741105,1886.167,-0.008805992,0.04188646,-1.627264,0.1524907,-0.02151995,0.9880706,1.233097,8.77334,357.1146,0.008800038,0.07672852,-0.02592498,0.9966761,0.3,-1.311342E-08,0.3726799,0.04423466,1
T2_EU_PS_B1_C0_P1834591_S11_0816131445.csv,56896,1565930741139,1886.201,-0.008885127,0.04188075,-1.627141,0.1511002,-0.02078877,0.9882998,1.191195,8.692583,357.2112,0.008517869,0.07601006,-0.02505127,0.9967559,0.3,-1.311342E-08,0.3727357,0.08846933,1
T2_EU_PS_B1_C0_P1834591_S11_0816131445.csv,56897,1565930741173,1886.234,-0.009173674,0.04201586,-1.626952,0.1486187,-0.01955587,0.9887012,1.12054,8.548532,357.159,0.007900671,0.07474612,-0.02544853,0.9968466,0.3,-1.311342E-08,0.372859,0.2502292,1
T2_EU_PS_B1_C0_P1834591_S11_0816131445.csv,56898,1565930741206,1886.268,-0.009483152,0.04213772,-1.626901,0.1472844,-0.02027358,0.9888864,1.16167,8.47134,357.1645,0.0082792,0.0740828,-0.02542171,0.9968936,0.3,-1.311342E-08,0.3730478,0.3262592,1
T2_EU_PS_B1_C0_P1834591_S11_0816131445.csv,56899,1565930741239,1886.3,-0.009766575,0.04197088,-1.627029,0.1454609,-0.02297361,0.9890972,1.316407,8.366193,357.3438,0.009763299,0.07318511,-0.02395249,0.9969829,0.3,-1.311342E-08,0.373099,0.4558544,1
T2_EU_PS_B1_C0_P1834591_S11_0816131445.csv,56900,1565930741271,1886.333,-0.01000755,0.0418717,-1.626989,0.1449291,-0.02184656,0.9892008,1.251815,8.335177,357.3945,0.009240089,0.0728986,-0.02346718,0.9970204,0.3,-1.311342E-08,0.3729706,0.4809199,1
T2_EU_PS_B1_C0_P1834591_S11_0816131445.csv,56901,1565930741306,1886.367,-0.01021143,0.0420355,-1.626791,0.1438738,-0.01945787,0.9894047,1.114924,8.273644,357.4631,0.008104804,0.07233218,-0.02278014,0.9970875,0.3,-1.311342E-08,0.3730114,0.5492961,1
T2_EU_PS_B1_C0_P1834591_S11_0816131445.csv,56902,1565930741339,1886.4,-0.01033879,0.04193885,-1.626732,0.1424632,-0.02111465,0.9895748,1.20987,8.192246,357.5483,0.00900048,0.07163493,-0.02209168,0.9971457,0.3,-1.311342E-08,0.3732088,0.6283845,1
T2_EU_PS_B1_C0_P1834591_S11_0816131445.csv,56903,1565930741371,1886.433,-0.01041864,0.04197478,-1.626678,0.1419751,-0.02202855,0.9896251,1.262245,8.164147,357.5144,0.009440581,0.0714026,-0.02241644,0.997151,0.3,-1.311342E-08,0.3732684,0.6623429,1
T2_EU_PS_B1_C0_P1834591_S11_0816131445.csv,56904,1565930741405,1886.467,-0.0103818,0.0421163,-1.626682,0.1435891,-0.02160132,0.9894016,1.237761,8.257527,357.4872,0.009192094,0.07221288,-0.02264576,0.9970898,0.3,-1.311342E-08,0.3733222,0.5661368,1
T2_EU_PS_B1_C0_P1834591_S11_0816131445.csv,56905,1565930741440,1886.501,-0.01020603,0.04227387,-1.62666,0.1459912,-0.01988099,0.9890861,1.139172,8.396351,357.5379,0.008339347,0.07339892,-0.02215272,0.9970217,0.3,-1.311342E-08,0.3733181,0.4242849,1
T2_EU_PS_B1_C0_P1834591_S11_0816131445.csv,56906,1565930741472,1886.535,-0.00999444,0.04227019,-1.626772,0.149219,-0.01882453,0.988625,1.07863,8.583203,357.4801,0.00773863,0.07501755,-0.02263015,0.9968954,0.3,-1.311342E-08,0.3733399,0.2548778,1
T2_EU_PS_B1_C0_P1834591_S11_0816131445.csv,56907,1565930741503,1886.565,-0.009787719,0.04235283,-1.62684,0.1520461,-0.01787078,0.9882118,1.023975,8.746925,357.3464,0.007141709,0.07644004,-0.02376741,0.9967653,0.3,-1.311342E-08,0.3732284,0.1845175,1
T2_EU_PS_B1_C0_P1834591_S11_0816131445.csv,56908,1565930741540,1886.601,-0.009561986,0.04243112,-1.626921,0.1530977,-0.01764296,0.9880536,1.01092,8.807867,357.3106,0.006991447,0.07696976,-0.0240741,0.9967182,0.3,-1.311342E-08,0.3731604,0.1897456,1
T2_EU_PS_B1_C0_P1834591_S11_0816131445.csv,56909,1565930741570,1886.632,-0.009426734,0.04236556,-1.627083,0.1549559,-0.01900166,0.9877386,1.088781,8.915859,357.2777,0.007623576,0.07792664,-0.02441964,0.9966308,0.3,-1.311342E-08,0.3730794,0.165511,1
T2_EU_PS_B1_C0_P1834591_S11_0816131445.csv,56910,1565930741607,1886.668,-0.009376005,0.04233546,-1.627227,0.1557392,-0.02047445,0.987586,1.173181,8.961562,357.2793,0.008348947,0.0783409,-0.02446657,0.9965914,0.3,-1.311342E-08,0.3729171,0.1713202,1
T2_EU_PS_B1_C0_P1834591_S11_0816131445.csv,56911,1565930741638,1886.7,-0.009446592,0.04240074,-1.62732,0.155437,-0.01985437,0.9876463,1.137647,8.943917,357.3113,0.008065537,0.07817808,-0.02416228,0.996614,0.3,-1.311342E-08,0.3727734,0.1619255,1
T2_EU_PS_B1_C0_P1834591_S11_0816131445.csv,56912,1565930741674,1886.735,-0.009574122,0.04230257,-1.627449,0.1543121,-0.01992444,0.9878212,1.141662,8.878682,357.2977,0.008105019,0.07761246,-0.0242785,0.996655,0.3,-1.311342E-08,0.3726797,0.09691329,1
T2_EU_PS_B1_C0_P1834591_S11_0816131445.csv,56913,1565930741704,1886.765,-0.009652052,0.042213,-1.627534,0.1529693,-0.01988279,0.9880309,1.139275,8.800794,357.2583,0.008074257,0.07693733,-0.02461469,0.9966993,0.3,-1.311342E-08,0.3725512,0.05934703,1
T2_EU_PS_B1_C0_P1834591_S11_0816131445.csv,56914,1565930741740,1886.801,-0.009734702,0.04229392,-1.627634,0.152854,-0.01850202,0.9880756,1.060148,8.793876,357.2786,0.007401142,0.07685988,-0.02438429,0.9967162,0.3,-1.311342E-08,0.3724657,0.1370561,1
T2_EU_PS_B1_C0_P1834591_S11_0816131445.csv,56915,1565930741770,1886.832,-0.009830015,0.04224288,-1.627846,0.1531187,-0.01945289,0.9880163,1.114639,8.809383,357.285,0.007876075,0.07700524,-0.02436648,0.9967018,0.3,-1.311342E-08,0.3723658,0.08156469,1
T2_EU_PS_B1_C0_P1834591_S11_0816131445.csv,56916,1565930741806,1886.867,-0.009880922,0.04229153,-1.627867,0.1536594,-0.01842169,0.9879521,1.055545,8.840566,357.3541,0.007402025,0.0772602,-0.02372812,0.9967011,0.3,-1.311342E-08,0.3721535,0.1467098,1
T2_EU_PS_B1_C0_P1834591_S11_0816131445.csv,56917,1565930741837,1886.9,-0.01003916,0.04253281,-1.627915,0.15424,-0.01805494,0.9878684,1.034528,8.874182,357.2033,0.007110215,0.07755791,-0.02502759,0.9966483,0.3,-1.311342E-08,0.3721335,0.1802258,1
T2_EU_PS_B1_C0_P1834591_S11_0816131445.csv,56918,1565930741871,1886.933,-0.01021351,0.04235847,-1.628145,0.1537559,-0.02107109,0.9878842,1.207374,8.846631,357.2515,0.008652173,0.07735021,-0.02472226,0.9966599,0.3,-1.311342E-08,0.3720855,0.03426402,1
T2_EU_PS_B1_C0_P1834591_S11_0816131445.csv,56919,1565930741905,1886.967,-0.01045217,0.04223378,-1.628254,0.1538738,-0.02089883,0.9878694,1.197502,8.853438,357.2757,0.008581146,0.07740563,-0.0245062,0.9966615,0.3,-1.311342E-08,0.3718553,0.02797646,1
T2_EU_PS_B1_C0_P1834591_S11_0816131445.csv,56920,1565930741938,1886.999,-0.0106724,0.04227398,-1.628359,0.1537801,-0.01995038,0.9879037,1.143148,8.847825,357.2665,0.00810339,0.07734659,-0.02454911,0.9966691,0.3,-1.311342E-08,0.3717456,0.05934703,1
T2_EU_PS_B1_C0_P1834591_S11_0816131445.csv,56921,1565930741972,1887.033,-0.01093048,0.04217792,-1.628475,0.1522712,-0.02066044,0.9881228,1.18384,8.760454,357.3801,0.008551975,0.0765864,-0.02358204,0.9967474,0.3,-1.311342E-08,0.3716414,0.07661668,1
T2_EU_PS_B1_C0_P1834591_S11_0816131445.csv,56922,1565930742005,1887.066,-0.01127448,0.04238045,-1.628642,0.149973,-0.02067962,0.9884738,1.18494,8.627221,357.3831,0.008590976,0.07542743,-0.02354602,0.9968362,0.3,-1.311342E-08,0.3715249,0.2193969,1
T2_EU_PS_B1_C0_P1834591_S11_0816131445.csv,56923,1565930742038,1887.099,-0.0116086,0.04252954,-1.628834,0.1490459,-0.02031557,0.9886216,1.164077,8.57342,357.2838,0.00835552,0.07496266,-0.02439296,0.9968529,0.3,-1.311342E-08,0.3713582,0.2839303,1
T2_EU_PS_B1_C0_P1834591_S11_0816131445.csv,56924,1565930742072,1887.133,-0.01178455,0.04250442,-1.629169,0.1491606,-0.02048803,0.9886007,1.17396,8.580097,357.3541,0.0084861,0.07501753,-0.02378832,0.9968624,0.3,-1.311342E-08,0.3711665,0.2797648,1
T2_EU_PS_B1_C0_P1834591_S11_0816131445.csv,56925,1565930742106,1887.167,-0.01196829,0.04253555,-1.629571,0.150019,-0.01964995,0.9884878,1.125932,8.629706,357.3776,0.00807351,0.0754381,-0.0235555,0.9968395,0.3,-1.311342E-08,0.3708308,0.2462884,1
T2_EU_PS_B1_C0_P1834591_S11_0816131445.csv,56926,1565930742139,1887.201,-0.01215326,0.04270497,-1.629898,0.151117,-0.01705704,0.9883687,0.9773439,8.692937,357.3858,0.006773374,0.07595897,-0.02339065,0.9968135,0.3,-1.311342E-08,0.370429,0.2914124,1
T2_EU_PS_B1_C0_P1834591_S11_0816131445.csv,56927,1565930742170,1887.233,-0.01237328,0.04282051,-1.630307,0.151041,-0.01647447,0.9883902,0.9439605,8.688446,357.3748,0.006476553,0.07591408,-0.02346464,0.9968172,0.3,-1.311342E-08,0.3701019,0.3262592,1
T2_EU_PS_B1_C0_P1834591_S11_0816131445.csv,56928,1565930742205,1887.266,-0.01261562,0.04280347,-1.630717,0.150224,-0.01681963,0.9885089,0.9637395,8.641141,357.3678,0.006653727,0.07550681,-0.02353537,0.9968453,0.3,-1.311342E-08,0.369693,0.3449174,1
T2_EU_PS_B1_C0_P1834591_S11_0816131445.csv,56929,1565930742238,1887.3,-0.01289442,0.04281253,-1.631119,0.1493093,-0.01689684,0.9886461,0.968164,8.588137,357.3803,0.006711266,0.07504585,-0.02342674,0.9968823,0.3,-1.311342E-08,0.3692832,0.3876539,1
T2_EU_PS_B1_C0_P1834591_S11_0816131445.csv,56930,1565930742271,1887.333,-0.01315411,0.04280277,-1.631503,0.1485746,-0.01666499,0.9887608,0.9548776,8.545528,357.3966,0.006615018,0.07467166,-0.02327369,0.9969146,0.3,-1.311342E-08,0.3688807,0.4356619,1
T2_EU_PS_B1_C0_P1834591_S11_0816131445.csv,56931,1565930742305,1887.366,-0.01342284,0.0427014,-1.632027,0.1487608,-0.01816632,0.9887064,1.040911,8.556542,357.4058,0.007367281,0.0747834,-0.02324994,0.9969015,0.3,-1.311342E-08,0.3684969,0.3856296,1
T2_EU_PS_B1_C0_P1834591_S11_0816131445.csv,56932,1565930742337,1887.399,-0.01363269,0.04275575,-1.632521,0.1489321,-0.01813466,0.9886811,1.039097,8.566463,357.4368,0.007369707,0.07486738,-0.02298012,0.9969015,0.3,-1.311342E-08,0.3679733,0.3830841,1
T2_EU_PS_B1_C0_P1834591_S11_0816131445.csv,56933,1565930742370,1887.432,-0.01384835,0.04286188,-1.632991,0.1487002,-0.01667001,0.9887418,0.9551656,8.552808,357.4733,0.006666049,0.0747306,-0.02260724,0.9969252,0.3,-1.311342E-08,0.3674793,0.4454334,1
T2_EU_PS_B1_C0_P1834591_S11_0816131445.csv,56934,1565930742404,1887.466,-0.01408431,0.04288247,-1.633525,0.1489001,-0.01617476,0.9887199,0.9267861,8.564322,357.4711,0.006415463,0.07482558,-0.02260832,0.9969197,0.3,-1.311342E-08,0.3670093,0.4588492,1
T2_EU_PS_B1_C0_P1834591_S11_0816131445.csv,56935,1565930742438,1887.5,-0.01423777,0.04298973,-1.633986,0.1489628,-0.01480765,0.9887319,0.848447,8.567768,357.5599,0.005791238,0.07483646,-0.02178488,0.996941,0.3,-1.311342E-08,0.366475,0.5143426,1
T2_EU_PS_B1_C0_P1834591_S11_0816131445.csv,56936,1565930742472,1887.533,-0.01449401,0.04325131,-1.634336,0.1483356,-0.01265553,0.9888561,0.7251276,8.531176,357.495,0.004683049,0.07449847,-0.02226816,0.9969615,0.3,-1.311342E-08,0.366014,0.6416347,1
T2_EU_PS_B1_C0_P1834591_S11_0816131445.csv,56937,1565930742503,1887.565,-0.01483078,0.04314,-1.634913,0.1480273,-0.01614437,0.9888515,0.9250447,8.51374,357.3662,0.006342212,0.07439104,-0.02351674,0.9969317,0.3,-1.311342E-08,0.365664,0.5215207,1
T2_EU_PS_B1_C0_P1834591_S11_0816131445.csv,56938,1565930742538,1887.6,-0.01517052,0.0430631,-1.635545,0.1468504,-0.01819121,0.9889914,1.042337,8.445854,357.4696,0.007443205,0.07381657,-0.02268917,0.996986,0.3,-1.311342E-08,0.3650873,0.5355885,1
T2_EU_PS_B1_C0_P1834591_S11_0816131445.csv,56939,1565930742572,1887.633,-0.01550043,0.04310231,-1.636105,0.1472175,-0.01655878,0.9889655,0.9487913,8.466881,357.4452,0.006609387,0.07398346,-0.02284278,0.996976,0.3,-1.311342E-08,0.3644545,0.5640592,1
T2_EU_PS_B1_C0_P1834591_S11_0816131445.csv,56940,1565930742603,1887.665,-0.01580517,0.043214,-1.636668,0.1470304,-0.01435781,0.9890277,0.8226702,8.455752,357.4856,0.005540359,0.07386085,-0.02240916,0.9970013,0.3,-1.311342E-08,0.3638946,0.6516207,1
T2_EU_PS_B1_C0_P1834591_S11_0816131445.csv,56941,1565930742637,1887.698,-0.01607321,0.04339584,-1.63734,0.1462826,-0.01441723,0.9891378,0.8260751,8.412436,357.6001,0.005651847,0.073479,-0.02141341,0.9970509,0.3,-1.311342E-08,0.3633323,0.6929511,1
T2_EU_PS_B1_C0_P1834591_S11_0816131445.csv,56942,1565930742672,1887.733,-0.01638054,0.04333151,-1.637995,0.1453952,-0.01386847,0.9892765,0.7946303,8.360973,357.5768,0.005373019,0.07302672,-0.02159342,0.9970818,0.3,-1.311342E-08,0.3626604,0.7589878,1
T2_EU_PS_B1_C0_P1834591_S11_0816131445.csv,56943,1565930742704,1887.766,-0.0166111,0.04357272,-1.638623,0.1454274,-0.01223571,0.9892933,0.7010722,8.362661,357.5577,0.00454644,0.07302534,-0.02170036,0.9970836,0.3,-1.311342E-08,0.3620052,0.82377,1
T2_EU_PS_B1_C0_P1834591_S11_0816131445.csv,56944,1565930742737,1887.799,-0.01680975,0.04370576,-1.639324,0.1457541,-0.01125749,0.9892568,0.64502,8.381484,357.6035,0.004084401,0.07317731,-0.02126687,0.9970838,0.3,-1.311342E-08,0.3613765,0.8538629,1
T2_EU_PS_B1_C0_P1834591_S11_0816131445.csv,56945,1565930742771,1887.832,-0.01702669,0.04374604,-1.640087,0.1466338,-0.01084098,0.9891315,0.6211548,8.432399,357.5761,0.003849703,0.07361698,-0.02149171,0.9970476,0.3,-1.311342E-08,0.3606761,0.8402332,1
T2_EU_PS_B1_C0_P1834591_S11_0816131445.csv,56946,1565930742804,1887.866,-0.01715158,0.04389111,-1.640666,0.1468297,-0.008057003,0.9891289,0.4616373,8.443524,357.5803,0.002462371,0.07368482,-0.02135304,0.9970499,0.3,-1.311342E-08,0.3599133,0.9628648,1
T2_EU_PS_B1_C0_P1834591_S11_0816131445.csv,56947,1565930742838,1887.899,-0.01739444,0.04389754,-1.641252,0.1467633,-0.007100808,0.9891462,0.4068497,8.439614,357.4978,0.00193335,0.07364227,-0.02203596,0.9970394,0.3,-1.311342E-08,0.3593335,1.013363,1
T2_EU_PS_B1_C0_P1834591_S11_0816131445.csv,56948,1565930742871,1887.932,-0.01748548,0.04382277,-1.641811,0.1469761,-0.008574096,0.9891029,0.4912656,8.45204,357.4796,0.002653708,0.07376664,-0.02224905,0.9970238,0.3,-1.311342E-08,0.3587484,0.9377435,1
T2_EU_PS_B1_C0_P1834591_S11_0816131445.csv,56949,1565930742904,1887.966,-0.01758306,0.04374587,-1.642434,0.1475867,-0.009844106,0.9890001,0.5640348,8.487513,357.4846,0.003283184,0.07408883,-0.02225336,0.996998,0.3,-1.311342E-08,0.358189,0.858434,1
T2_EU_PS_B1_C0_P1834591_S11_0816131445.csv,56950,1565930742936,1887.998,-0.01761179,0.04381559,-1.643,0.1487112,-0.009729316,0.9888328,0.5574575,8.552653,357.5066,0.003227685,0.07465373,-0.02205897,0.9969603,0.3,-1.311342E-08,0.3575665,0.8270888,1
T2_EU_PS_B1_C0_P1834591_S11_0816131445.csv,56951,1565930742971,1888.033,-0.01765096,0.04382253,-1.643618,0.1493219,-0.009647411,0.9887416,0.5527645,8.588036,357.5204,0.003189039,0.07496029,-0.02193727,0.9969401,0.3,-1.311342E-08,0.3569998,0.8118062,1
T2_EU_PS_B1_C0_P1834591_S11_0816131445.csv,56952,1565930743004,1888.065,-0.01778056,0.0436342,-1.644315,0.1497595,-0.01039257,0.9886678,0.5954611,8.613461,357.5081,0.003547613,0.07518976,-0.02207219,0.9969187,0.3,-1.311342E-08,0.3563821,0.7597608,1
T2_EU_PS_B1_C0_P1834591_S11_0816131445.csv,56953,1565930743037,1888.099,-0.01786561,0.04365776,-1.644969,0.1497017,-0.01048414,0.9886756,0.6007081,8.610119,357.5303,0.003608417,0.07516097,-0.02188304,0.9969248,0.3,-1.311342E-08,0.3556848,0.7592455,1
T2_EU_PS_B1_C0_P1834591_S11_0816131445.csv,56954,1565930743070,1888.132,-0.01794478,0.04374361,-1.645656,0.1492693,-0.01026022,0.9887434,0.5878776,8.585042,357.5696,0.003527272,0.07493924,-0.02153209,0.9969494,0.3,-1.311342E-08,0.355031,0.7868362,1
T2_EU_PS_B1_C0_P1834591_S11_0816131445.csv,56955,1565930743104,1888.166,-0.01800125,0.04374851,-1.646216,0.149233,-0.008679943,0.988764,0.4973304,8.582806,357.535,0.0027173,0.07490417,-0.02177397,0.9969493,0.3,-1.311342E-08,0.3543439,0.8656976,1
T2_EU_PS_B1_C0_P1834591_S11_0816131445.csv,56956,1565930743136,1888.198,-0.01813457,0.04393834,-1.646751,0.1503771,-0.009392028,0.9885841,0.5381315,8.649163,357.2657,0.002882266,0.07549597,-0.02414471,0.9968496,0.3,-1.311342E-08,0.3537843,0.8033255,1
T2_EU_PS_B1_C0_P1834591_S11_0816131445.csv,56957,1565930743171,1888.232,-0.01812254,0.04380494,-1.647376,0.1513872,-0.01139768,0.9884088,0.6530529,8.707897,357.3569,0.003930108,0.07602725,-0.02342867,0.9968227,0.3,-1.311342E-08,0.3532486,0.6711472,1
T2_EU_PS_B1_C0_P1834591_S11_0816131445.csv,56958,1565930743205,1888.266,-0.01816277,0.04360712,-1.647965,0.1542676,-0.0131978,0.987941,0.7562003,8.875102,357.4089,0.004828248,0.07749976,-0.02305191,0.9967142,0.3,-1.311342E-08,0.3526244,0.5031891,1
T2_EU_PS_B1_C0_P1834591_S11_0816131445.csv,56959,1565930743236,1888.298,-0.01819684,0.04369666,-1.648318,0.1560902,-0.01147525,0.9876761,0.6574976,8.980628,357.5199,0.004024512,0.07839473,-0.02202328,0.996671,0.3,-1.311342E-08,0.352035,0.5814822,1
T2_EU_PS_B1_C0_P1834591_S11_0816131445.csv,56960,1565930743271,1888.332,-0.01849295,0.04337273,-1.648755,0.1544784,-0.01403027,0.9878966,0.8039014,8.887426,357.6492,0.005403432,0.07760496,-0.02099442,0.9967485,0.3,-1.311342E-08,0.3516823,0.4515415,1
T2_EU_PS_B1_C0_P1834591_S11_0816131445.csv,56961,1565930743303,1888.365,-0.01883898,0.04308607,-1.649218,0.1513795,-0.01865168,0.9882997,1.068724,8.708407,357.6477,0.007739019,0.07609364,-0.02117431,0.9968458,0.3,-1.311342E-08,0.3512449,0.3779418,1
T2_EU_PS_B1_C0_P1834591_S11_0816131445.csv,56962,1565930743338,1888.399,-0.01907204,0.04298567,-1.649672,0.1491392,-0.01926403,0.9886286,1.103816,8.578647,357.6031,0.008039152,0.07497398,-0.02157581,0.9969197,0.3,-1.311342E-08,0.3507822,0.4957456,1
T2_EU_PS_B1_C0_P1834591_S11_0816131445.csv,56963,1565930743369,1888.431,-0.0191664,0.04283362,-1.650316,0.1497657,-0.02024348,0.9885142,1.159945,8.615127,357.6487,0.008550555,0.0752978,-0.02121845,0.9968987,0.3,-1.311342E-08,0.3503281,0.4515415,1
T2_EU_PS_B1_C0_P1834591_S11_0816131445.csv,56964,1565930743406,1888.466,-0.01914662,0.04264649,-1.651118,0.1516111,-0.02255499,0.9881828,1.292415,8.722538,357.7353,0.009740622,0.07624757,-0.0205614,0.9968293,0.3,-1.311342E-08,0.3496845,0.3511023,1
T2_EU_PS_B1_C0_P1834591_S11_0816131445.csv,56965,1565930743435,1888.498,-0.01915553,0.042565,-1.652029,0.1528397,-0.02269492,0.9879904,1.300435,8.793812,357.7965,0.009838687,0.07686364,-0.02003992,0.9967917,0.3,-1.311342E-08,0.3488823,0.2853053,1
T2_EU_PS_B1_C0_P1834591_S11_0816131445.csv,56966,1565930743471,1888.532,-0.01926063,0.04281046,-1.652928,0.1522187,-0.02060217,0.9881321,1.180501,8.757399,357.7639,0.008779916,0.0765302,-0.02024118,0.9968231,0.3,-1.311342E-08,0.3479706,0.3102743,1
T2_EU_PS_B1_C0_P1834591_S11_0816131445.csv,56967,1565930743503,1888.565,-0.01921644,0.04293268,-1.653945,0.1506425,-0.01912005,0.9884034,1.095565,8.665761,357.7386,0.008040522,0.07572092,-0.02039762,0.996888,0.3,-1.311342E-08,0.3470719,0.4149588,1
T2_EU_PS_B1_C0_P1834591_S11_0816131445.csv,56968,1565930743537,1888.599,-0.01911761,0.04299666,-1.654977,0.1509529,-0.01753754,0.9883854,1.004879,8.683499,357.6928,0.007218104,0.07586311,-0.02073753,0.9968765,0.3,-1.311342E-08,0.346055,0.4325065,1
T2_EU_PS_B1_C0_P1834591_S11_0816131445.csv,56969,1565930743569,1888.631,-0.01886647,0.04323596,-1.655963,0.1521832,-0.01446955,0.9882464,0.8290734,8.754389,357.629,0.005633295,0.07645307,-0.02118066,0.9968323,0.3,-1.311342E-08,0.3450234,0.4945601,1
T2_EU_PS_B1_C0_P1834591_S11_0816131445.csv,56970,1565930743605,1888.666,-0.01857121,0.04330864,-1.656889,0.1534717,-0.01305094,0.9880669,0.7477852,8.828931,357.5719,0.004874006,0.07708967,-0.02162637,0.9967777,0.3,-1.311342E-08,0.3440368,0.5241405,1
T2_EU_PS_B1_C0_P1834591_S11_0816131445.csv,56971,1565930743636,1888.698,-0.01829348,0.04318487,-1.657755,0.1543339,-0.01341609,0.9879277,0.7687082,8.87897,357.5188,0.005010596,0.07753105,-0.02210496,0.9967323,0.3,-1.311342E-08,0.343111,0.4796977,1
T2_EU_PS_B1_C0_P1834591_S11_0816131445.csv,56972,1565930743670,1888.731,-0.01802063,0.04290621,-1.658513,0.1546196,-0.01557842,0.9878513,0.8926139,8.895821,357.4646,0.006048364,0.07770321,-0.02266063,0.9967006,0.3,-1.311342E-08,0.3422446,0.3483046,1
T2_EU_PS_B1_C0_P1834591_S11_0816131445.csv,56973,1565930743704,1888.765,-0.01766882,0.04280904,-1.659081,0.1544426,-0.01782682,0.987841,1.021456,8.885892,357.4281,0.007146294,0.07764319,-0.02306422,0.9966888,0.3,-1.311342E-08,0.3414869,0.2332305,1
T2_EU_PS_B1_C0_P1834591_S11_0816131445.csv,56974,1565930743738,1888.799,-0.01722665,0.04291054,-1.659422,0.1542876,-0.01661315,0.9878863,0.9519072,8.876716,357.4914,0.006586011,0.07754659,-0.02246658,0.9967138,0.3,-1.311342E-08,0.340919,0.2940859,1
T2_EU_PS_B1_C0_P1834591_S11_0816131445.csv,56975,1565930743769,1888.83,-0.01688592,0.04292786,-1.659883,0.1553764,-0.01742573,0.9877017,0.9984716,8.939996,357.2529,0.006816067,0.07811993,-0.02457572,0.9966177,0.3,-1.311342E-08,0.3405783,0.2238118,1
T2_EU_PS_B1_C0_P1834591_S11_0816131445.csv,56976,1565930743803,1888.865,-0.01651171,0.04265874,-1.660689,0.1570608,-0.02220109,0.9873394,1.272133,9.038583,357.2357,0.009163011,0.0790339,-0.02491888,0.9965183,0.3,-1.311342E-08,0.3401172,0.08392937,1
T2_EU_PS_B1_C0_P1834591_S11_0816131445.csv,56977,1565930743837,1888.899,-0.01626001,0.04255164,-1.661593,0.1584563,-0.02335397,0.9870898,1.338205,9.119813,357.3292,0.009784965,0.07974568,-0.02415826,0.9964744,0.3,-1.311342E-08,0.3393111,0.1928145,1
T2_EU_PS_B1_C0_P1834591_S11_0816131445.csv,56978,1565930743871,1888.932,-0.01607597,0.04263461,-1.662436,0.1597222,-0.02149105,0.986928,1.231441,9.192913,357.3301,0.008841833,0.08036045,-0.0240816,0.9964357,0.3,-1.311342E-08,0.3384073,0.2167048,1
T2_EU_PS_B1_C0_P1834591_S11_0816131445.csv,56979,1565930743902,1888.964,-0.01602975,0.04283883,-1.663223,0.1581601,-0.01887926,0.987233,1.081766,9.101753,357.3908,0.007601484,0.07953443,-0.02344323,0.9965274,0.3,-1.311342E-08,0.337564,0.1802258,1
T2_EU_PS_B1_C0_P1834591_S11_0816131445.csv,56980,1565930743936,1888.997,-0.01600694,0.04294524,-1.663981,0.1554416,-0.01674606,0.9877031,0.9595233,8.943675,357.4306,0.006597681,0.07813391,-0.02300427,0.9966556,0.3,-1.311342E-08,0.3367773,0.2564087,1
T2_EU_PS_B1_C0_P1834591_S11_0816131445.csv,56981,1565930743970,1889.031,-0.01609138,0.04300067,-1.664642,0.1532365,-0.016169,0.9880573,0.9264556,8.815694,357.2983,0.006246826,0.07702174,-0.02412533,0.9967179,0.3,-1.311342E-08,0.336019,0.3316129,1
SUMMARY:
dwellCount,eachTime,totalTime
2
0,0.4014893
1,5.02832
5.42981