#NEXT_T7_EW_PS_B4_C7_S210_0221160400
Timestamp,HeadPositionX,HeadPositionY,HeadPositionZ,HeadRotationX,HeadRotationY,HeadRotationZ,HeadForwardX,HeadForwardY,HeadForwardZ,TargetPositionX,TargetPositionY,TargetPositionZ,TargetEntered,TargetAngularDistance
701.3464,-0.03136612,0.08636354,0.07941452,0.1516264,-0.3232422,-0.4138794,-0.005641528,-0.002646377,0.9999806,-0.6894288,0.6894293,10,DwellButton,5.016298,
701.3633,-0.03136372,0.08627541,0.07944585,0.1932422,-0.3199768,-0.4205933,-0.005584676,-0.003372706,0.9999787,-0.6894288,0.6894293,10,MixedRealityCamera,5.049078,
701.3797,-0.03139306,0.08626395,0.07949252,0.2124276,-0.3077393,-0.4248962,-0.005371065,-0.003707553,0.9999787,-0.6894288,0.6894293,10,MixedRealityCamera,5.07138,
701.3968,-0.03138225,0.08627568,0.07955919,0.1904865,-0.2948303,-0.420166,-0.005145809,-0.003324611,0.9999812,-0.6894288,0.6894293,10,MixedRealityCamera,5.064382,
701.4126,-0.03139604,0.08628663,0.07960812,0.1696648,-0.2779236,-0.4020996,-0.004850793,-0.002961205,0.9999838,-0.6894288,0.6894293,10,MixedRealityCamera,5.061015,
701.4294,-0.0313838,0.08628098,0.07965986,0.151209,-0.2629089,-0.4054565,-0.0045886,-0.002639091,0.999986,-0.6894288,0.6894293,10,MixedRealityCamera,5.058266,
701.4459,-0.03134767,0.08631339,0.07970333,0.1551226,-0.2434692,-0.4124451,-0.004249121,-0.002707396,0.9999873,-0.6894288,0.6894293,10,MixedRealityCamera,5.074701,
701.4659,-0.03135449,0.08629057,0.07973096,0.1734529,-0.2335205,-0.4276428,-0.004075886,-0.003027319,0.9999871,-0.6894288,0.6894293,10,MixedRealityCamera,5.094815,
701.4791,-0.03137725,0.08625375,0.07974188,0.1851294,-0.2353821,-0.3951111,-0.004107899,-0.003231112,0.9999864,-0.6894288,0.6894293,10,MixedRealityCamera,5.102001,
701.4963,-0.03141768,0.08623245,0.07977515,0.2037578,-0.2525024,-0.3768311,-0.004406726,-0.003556238,0.999984,-0.6894288,0.6894293,10,MixedRealityCamera,5.10346,
701.5125,-0.0314879,0.08629665,0.07983735,0.2043697,-0.2560425,-0.3778687,-0.004468629,-0.003566917,0.9999837,-0.6894288,0.6894293,10,MixedRealityCamera,5.100887,
701.5291,-0.03149083,0.08636223,0.07991136,0.1448735,-0.2620544,-0.3933105,-0.004573779,-0.002528518,0.9999864,-0.6894288,0.6894293,10,MixedRealityCamera,5.053732,
701.5458,-0.03149153,0.0864148,0.07994936,0.1155533,-0.2579956,-0.4562988,-0.004502868,-0.002016784,0.9999878,-0.6894288,0.6894293,10,MixedRealityCamera,5.035439,
701.5625,-0.03148115,0.08636873,0.07996144,0.1386242,-0.2587891,-0.4570313,-0.004516469,-0.002419447,0.9999869,-0.6894288,0.6894293,10,MixedRealityCamera,5.05156,
701.5792,-0.03143347,0.08633107,0.07997458,0.1862607,-0.2529907,-0.4447632,-0.004415253,-0.003250856,0.999985,-0.6894288,0.6894293,10,MixedRealityCamera,5.090121,
701.5958,-0.03144147,0.08631164,0.07997076,0.1931588,-0.2215271,-0.4074097,-0.003866137,-0.003371251,0.9999868,-0.6894288,0.6894293,10,MixedRealityCamera,5.117071,
701.6127,-0.03142811,0.08632529,0.07999162,0.1679773,-0.1994019,-0.3936157,-0.003480324,-0.002931752,0.9999896,-0.6894288,0.6894293,10,MixedRealityCamera,5.114467,
701.6301,-0.03145276,0.08638134,0.07995737,0.1336158,-0.1820068,-0.3720398,-0.003176572,-0.002332034,0.9999923,-0.6894288,0.6894293,10,MixedRealityCamera,5.102039,
701.6452,-0.03146785,0.08642904,0.0799071,0.09909884,-0.1885071,-0.3591003,-0.003289871,-0.0017296,0.9999931,-0.6894288,0.6894293,10,MixedRealityCamera,5.072809,
701.6628,-0.03154797,0.08648729,0.07981716,0.06876904,-0.2373657,-0.3427734,-0.004143038,-0.001200246,0.9999907,-0.6894288,0.6894293,10,MixedRealityCamera,5.016181,
701.6797,-0.0316221,0.08663455,0.07968661,0.03226145,-0.2733154,-0.3379822,-0.004770486,-0.0005630685,0.9999884,-0.6894288,0.6894293,10,MixedRealityCamera,4.963964,
701.6977,-0.03170115,0.08673772,0.07954007,-0.02017212,-0.3058472,-0.3527527,-0.005338196,0.0003522729,0.9999857,-0.6894288,0.6894293,10,MixedRealityCamera,4.903127,
701.7118,-0.03174237,0.08683133,0.07938416,-0.07418823,-0.3289795,-0.3588867,-0.005741857,0.001294743,0.9999827,-0.6894288,0.6894293,10,MixedRealityCamera,4.848079,
701.7288,-0.0317772,0.08701424,0.0792046,-0.1550903,-0.3596497,-0.3345337,-0.006277099,0.002706822,0.9999766,-0.6894288,0.6894293,10,MixedRealityCamera,4.768756,
701.7449,-0.03178743,0.08725008,0.0790773,-0.2900391,-0.3743286,-0.2958679,-0.006532942,0.005062211,0.9999658,-0.6894288,0.6894293,10,MixedRealityCamera,4.664175,
701.7626,-0.03185698,0.08751382,0.0788949,-0.4369507,-0.3813782,-0.2968445,-0.006655816,0.007625963,0.9999488,-0.6894288,0.6894293,10,MixedRealityCamera,4.558617,
701.7792,-0.03190079,0.08771719,0.07874697,-0.5341797,-0.4020081,-0.2839661,-0.007015797,0.009322962,0.9999319,-0.6894288,0.6894293,10,MixedRealityCamera,4.477984,
701.7957,-0.03198879,0.0878789,0.0785901,-0.630249,-0.4345703,-0.2636719,-0.007584368,0.01099985,0.9999107,-0.6894288,0.6894293,10,MixedRealityCamera,4.389633,
701.8126,-0.03212238,0.08812653,0.07847679,-0.7493896,-0.4710083,-0.2514343,-0.008220102,0.01307894,0.9998807,-0.6894288,0.6894293,10,MixedRealityCamera,4.283909,
701.8293,-0.03220162,0.08827007,0.07830605,-0.8305664,-0.5162048,-0.222229,-0.00900826,0.01449565,0.9998543,-0.6894288,0.6894293,10,MixedRealityCamera,4.196754,
701.8453,-0.03226169,0.08843969,0.07819349,-0.9801025,-0.5127563,-0.1812744,-0.00894772,0.01710541,0.9998137,-0.6894288,0.6894293,10,MixedRealityCamera,4.106418,
701.8625,-0.03231712,0.08870371,0.07800691,-1.071167,-0.5523987,-0.2203064,-0.00963953,0.01869453,0.9997787,-0.6894288,0.6894293,10,MixedRealityCamera,4.018831,
701.8791,-0.03233624,0.0889124,0.07787465,-1.165741,-0.5379028,-0.1998901,-0.009385945,0.02034439,0.9997489,-0.6894288,0.6894293,10,MixedRealityCamera,3.97434,
701.8954,-0.03234424,0.08907793,0.07769802,-1.253601,-0.556488,-0.167511,-0.00970987,0.02187787,0.9997135,-0.6894288,0.6894293,10,MixedRealityCamera,3.908258,
701.9124,-0.03233031,0.08927835,0.07757431,-1.351349,-0.5440369,-0.1702576,-0.00949235,0.0235833,0.9996768,-0.6894288,0.6894293,10,MixedRealityCamera,3.863763,
701.9287,-0.03234839,0.08942278,0.07739846,-1.445709,-0.5421448,-0.1520996,-0.009459194,0.02522948,0.9996369,-0.6894288,0.6894293,10,MixedRealityCamera,3.814132,
701.946,-0.03237247,0.08961948,0.07720523,-1.549347,-0.5260315,-0.1740723,-0.009177232,0.02703811,0.9995923,-0.6894288,0.6894293,10,MixedRealityCamera,3.773616,
701.9623,-0.03237811,0.08981904,0.0770193,-1.662659,-0.5223389,-0.190094,-0.009112713,0.02901463,0.9995375,-0.6894288,0.6894293,10,MixedRealityCamera,3.72026,
701.9796,-0.03237069,0.09000705,0.07681541,-1.772156,-0.5244446,-0.1828003,-0.009148629,0.03092492,0.9994798,-0.6894288,0.6894293,10,MixedRealityCamera,3.666395,
701.9957,-0.03232888,0.09023038,0.07658733,-1.88089,-0.5091858,-0.1876831,-0.008882253,0.03282195,0.9994217,-0.6894288,0.6894293,10,MixedRealityCamera,3.631139,
702.0125,-0.03234256,0.09048469,0.07629147,-1.991791,-0.5022888,-0.2051392,-0.00876117,0.0347565,0.9993574,-0.6894288,0.6894293,10,MixedRealityCamera,3.590033,
702.0291,-0.0323268,0.09072424,0.0760414,-2.117218,-0.4901123,-0.2062073,-0.008548257,0.03694426,0.9992808,-0.6894288,0.6894293,10,MixedRealityCamera,3.55165,
702.0464,-0.03230517,0.09092619,0.07573643,-2.25293,-0.4791565,-0.2067261,-0.008356344,0.03931072,0.9991921,-0.6894288,0.6894293,10,MixedRealityCamera,3.512849,
702.0628,-0.03228637,0.09123531,0.07547437,-2.399017,-0.457489,-0.223053,-0.007977715,0.04185851,0.9990917,-0.6894288,0.6894293,10,MixedRealityCamera,3.485993,
702.0789,-0.03222881,0.0915958,0.0751989,-2.552094,-0.4349976,-0.2322083,-0.00758463,0.04452762,0.9989794,-0.6894288,0.6894293,10,MixedRealityCamera,3.464415,
702.0955,-0.03218555,0.09187631,0.07492433,-2.728485,-0.4375305,-0.2285767,-0.007627392,0.04760288,0.9988372,-0.6894288,0.6894293,10,MixedRealityCamera,3.420622,
702.1129,-0.0321297,0.09223302,0.07462859,-2.905548,-0.4334717,-0.2350769,-0.00755576,0.05068989,0.9986858,-0.6894288,0.6894293,10,MixedRealityCamera,3.391883,
702.1295,-0.03210404,0.09256186,0.0743404,-3.103363,-0.4301147,-0.2448425,-0.007495646,0.05413742,0.9985054,-0.6894288,0.6894293,10,MixedRealityCamera,3.369587,
702.1453,-0.03209809,0.09291695,0.0740156,-3.297791,-0.4221497,-0.2614441,-0.007355778,0.05752539,0.9983169,-0.6894288,0.6894293,10,MixedRealityCamera,3.363539,
702.1627,-0.0320721,0.09323685,0.07369705,-3.491974,-0.4235229,-0.2783508,-0.00737794,0.0609086,0.9981161,-0.6894288,0.6894293,10,MixedRealityCamera,3.359753,
702.1785,-0.03203978,0.09357743,0.0733308,-3.697174,-0.424408,-0.2948608,-0.007391907,0.06448307,0.9978914,-0.6894288,0.6894293,10,MixedRealityCamera,3.368716,
702.1953,-0.03201342,0.09394903,0.07301304,-3.928223,-0.4186096,-0.3104553,-0.007289026,0.06850664,0.997624,-0.6894288,0.6894293,10,target_0,3.400645,
702.2133,-0.03191987,0.09434068,0.07271169,-4.183838,-0.4267273,-0.3345337,-0.007427724,0.07295668,0.9973075,-0.6894288,0.6894293,10,target_0,3.440313,
702.2296,-0.03187153,0.09475127,0.07240654,-4.426666,-0.4256287,-0.3321533,-0.007406522,0.07718283,0.9969894,-0.6894288,0.6894293,10,target_0,3.503473,
702.2455,-0.03182144,0.09517404,0.0720769,-4.682129,-0.419281,-0.3669128,-0.007293318,0.08162746,0.9966362,-0.6894288,0.6894293,10,target_0,3.591669,
702.2621,-0.03175424,0.0955539,0.07178482,-4.930969,-0.4199829,-0.3804932,-0.007302633,0.08595534,0.9962722,-0.6894288,0.6894293,10,target_0,3.68674,
702.2787,-0.03169828,0.09600048,0.07147989,-5.195313,-0.4144287,-0.4018555,-0.007203517,0.09055094,0.9958658,-0.6894288,0.6894293,10,target_0,3.808789,
702.2953,-0.03162146,0.09644994,0.0711976,-5.451752,-0.4051819,-0.4098816,-0.007039894,0.09500736,0.9954517,-0.6894288,0.6894293,10,target_0,3.944318,
702.3122,-0.03152912,0.09687722,0.07088144,-5.688995,-0.397583,-0.4517517,-0.006904972,0.09912844,0.9950507,-0.6894288,0.6894293,10,target_0,4.07972,
702.3293,-0.03147826,0.09718975,0.07062019,-5.901184,-0.3696899,-0.5328369,-0.006417959,0.1028128,0.99468,-0.6894288,0.6894293,10,target_0,4.225309,
702.3453,-0.03136988,0.09749237,0.07037944,-6.063232,-0.3558655,-0.5976257,-0.006176404,0.1056258,0.9943868,-0.6894288,0.6894293,10,target_0,4.335037,
702.3617,-0.03131778,0.09776537,0.07016703,-6.227112,-0.3431702,-0.6391907,-0.00595391,0.1084698,0.9940819,-0.6894288,0.6894293,10,target_0,4.448054,
702.3788,-0.0312485,0.09793916,0.06992334,-6.307983,-0.3335571,-0.6525574,-0.005786322,0.1098727,0.9939288,-0.6894288,0.6894293,10,target_0,4.507891,
702.3951,-0.03120524,0.09806264,0.06973402,-6.399506,-0.3167419,-0.6906738,-0.005493692,0.1114606,0.9937537,-0.6894288,0.6894293,10,MixedRealityCamera,4.580607,
702.4131,-0.03110863,0.09812221,0.06954368,-6.403015,-0.3100281,-0.6772461,-0.005377415,0.1115213,0.9937475,-0.6894288,0.6894293,10,MixedRealityCamera,4.588554,
702.4291,-0.03110576,0.09828006,0.06941558,-6.480957,-0.3188782,-0.6747437,-0.005530111,0.1128732,0.993594,-0.6894288,0.6894293,10,MixedRealityCamera,4.633838,
702.4454,-0.03108951,0.09840327,0.06928809,-6.564697,-0.3370056,-0.6784363,-0.005843357,0.1143252,0.9934262,-0.6894288,0.6894293,10,MixedRealityCamera,4.676967,
702.4624,-0.03109997,0.09847433,0.06921514,-6.610077,-0.3764954,-0.6741638,-0.006527379,0.1151118,0.9933311,-0.6894288,0.6894293,10,MixedRealityCamera,4.679228,
702.4785,-0.03111239,0.09856164,0.06907351,-6.608582,-0.4215698,-0.6600342,-0.0073088,0.1150857,0.9933287,-0.6894288,0.6894293,10,MixedRealityCamera,4.645912,
702.4968,-0.03113316,0.09855211,0.06903152,-6.609253,-0.4448853,-0.6408081,-0.007713138,0.1150978,0.9933242,-0.6894288,0.6894293,10,MixedRealityCamera,4.629609,
702.5121,-0.03109144,0.09850472,0.06902351,-6.577972,-0.4501953,-0.6054077,-0.007805347,0.1145551,0.9933862,-0.6894288,0.6894293,10,MixedRealityCamera,4.604109,
702.5279,-0.03108232,0.09849962,0.06900194,-6.561096,-0.4764099,-0.5720825,-0.008260595,0.1142626,0.9934162,-0.6894288,0.6894293,10,MixedRealityCamera,4.573632,
702.5449,-0.03104956,0.09853215,0.06894217,-6.555054,-0.4892883,-0.5553284,-0.008483907,0.1141578,0.9934264,-0.6894288,0.6894293,10,MixedRealityCamera,4.560465,
702.562,-0.03103732,0.09846861,0.06898098,-6.519897,-0.4874878,-0.5644531,-0.008453,0.1135482,0.9934965,-0.6894288,0.6894293,10,MixedRealityCamera,4.537385,
702.5792,-0.03097776,0.09844075,0.06896433,-6.460815,-0.4975586,-0.5482178,-0.008628724,0.1125238,0.9936116,-0.6894288,0.6894293,10,MixedRealityCamera,4.489866,
702.5954,-0.0309916,0.09835969,0.06899723,-6.414185,-0.5112305,-0.5393066,-0.00886693,0.111715,0.9937007,-0.6894288,0.6894293,10,MixedRealityCamera,4.447834,
702.6116,-0.03095277,0.0983173,0.0689579,-6.352509,-0.5350952,-0.5422058,-0.009281714,0.1106452,0.9938166,-0.6894288,0.6894293,10,MixedRealityCamera,4.388785,
702.6277,-0.03095351,0.09827201,0.0689942,-6.342102,-0.5387573,-0.5483093,-0.00934534,0.1104648,0.9938361,-0.6894288,0.6894293,10,MixedRealityCamera,4.378956,
702.6447,-0.03092065,0.09831601,0.06897277,-6.330505,-0.5571899,-0.5589294,-0.00966544,0.1102636,0.9938554,-0.6894288,0.6894293,10,MixedRealityCamera,4.357839,
702.6625,-0.03091408,0.09834957,0.06905106,-6.342743,-0.579895,-0.5682373,-0.01005893,0.1104756,0.9938279,-0.6894288,0.6894293,10,MixedRealityCamera,4.349561,
702.6789,-0.03093243,0.09827121,0.06909823,-6.315552,-0.5976257,-0.5874634,-0.01036697,0.1100041,0.9938771,-0.6894288,0.6894293,10,MixedRealityCamera,4.317881,
702.6951,-0.03097095,0.09818996,0.06916319,-6.257538,-0.6236572,-0.5908508,-0.01081973,0.1089976,0.9939831,-0.6894288,0.6894293,10,MixedRealityCamera,4.259288,
702.7115,-0.03098235,0.09809123,0.06915818,-6.194794,-0.6446228,-0.599823,-0.0111849,0.1079091,0.9940978,-0.6894288,0.6894293,10,target_0,4.20151,
702.7275,-0.0310667,0.0979632,0.0692284,-6.102753,-0.6757507,-0.6008911,-0.01172681,0.1063117,0.9942637,-0.6894288,0.6894293,10,target_0,4.116754,
702.7451,-0.03117332,0.097766,0.06922701,-5.941254,-0.7369385,-0.620697,-0.01279277,0.1035086,0.9945463,-0.6894288,0.6894293,10,target_0,3.964621,
702.762,-0.0313288,0.09757596,0.06937304,-5.83551,-0.7750244,-0.6077576,-0.01345643,0.1016729,0.9947269,-0.6894288,0.6894293,10,target_0,3.867005,
702.7792,-0.03150497,0.0973639,0.06946331,-5.662415,-0.8362427,-0.5735779,-0.01452336,0.09866709,0.9950145,-0.6894288,0.6894293,10,target_0,3.710721,
702.795,-0.03175235,0.09706597,0.06962165,-5.456604,-0.9194336,-0.5241089,-0.01597362,0.09509155,0.9953403,-0.6894288,0.6894293,10,target_0,3.519698,
702.8116,-0.03202476,0.09679294,0.06977482,-5.292023,-1.053131,-0.4269714,-0.0183011,0.09223211,0.9955693,-0.6894288,0.6894293,10,target_0,3.314167,
702.8276,-0.03238244,0.09664811,0.06997482,-5.190094,-1.221283,-0.3179932,-0.02122658,0.09046017,0.9956738,-0.6894288,0.6894293,10,target_0,3.116213,
702.8444,-0.03277751,0.09648602,0.07012334,-5.111725,-1.397919,-0.2210693,-0.0242991,0.08909795,0.9957264,-0.6894288,0.6894293,10,MixedRealityCamera,2.924894,
702.8625,-0.03330585,0.09630321,0.07028276,-4.977295,-1.678223,-0.09967041,-0.02917583,0.08676109,0.9958018,-0.6894288,0.6894293,10,MixedRealityCamera,2.616961,
702.8784,-0.03385717,0.0960257,0.07036195,-4.814728,-1.931213,-0.012146,-0.03358084,0.08393373,0.9959053,-0.6894288,0.6894293,10,MixedRealityCamera,2.314353,
702.895,-0.03437262,0.09578535,0.07040721,-4.659332,-2.21048,0.06025952,-0.03844298,0.08123097,0.9959536,-0.6894288,0.6894293,10,MixedRealityCamera,1.996158,
702.9118,-0.03491749,0.09561791,0.07044169,-4.601135,-2.476349,0.1235541,-0.04306792,0.08021886,0.9958464,-0.6894288,0.6894293,10,MixedRealityCamera,1.753793,
702.9275,-0.0353522,0.09561298,0.07047705,-4.594147,-2.710602,0.1838437,-0.0471396,0.08009693,0.9956718,-0.6894288,0.6894293,10,MixedRealityCamera,1.582638,
702.9452,-0.03575687,0.0957318,0.07044801,-4.681946,-2.954193,0.1847675,-0.05136539,0.0816243,0.9953387,-0.6894288,0.6894293,10,MixedRealityCamera,1.504412,
702.9612,-0.03619465,0.09581607,0.07046879,-4.73996,-3.17804,0.2121068,-0.05524928,0.08263335,0.9950473,-0.6894288,0.6894293,10,MixedRealityCamera,1.449019,
702.9778,-0.03657308,0.09594912,0.07044415,-4.842316,-3.40686,0.2334541,-0.05921382,0.08441363,0.9946699,-0.6894288,0.6894293,10,MixedRealityCamera,1.472198,
702.9958,-0.03691979,0.09615184,0.07044423,-4.974182,-3.600525,0.2355487,-0.06256295,0.0867069,0.9942675,-0.6894288,0.6894293,10,MixedRealityCamera,1.570349,
703.0119,-0.03727395,0.09625851,0.07036196,-5.036591,-3.759369,0.2325747,-0.06531323,0.08779202,0.9939954,-0.6894288,0.6894293,10,MixedRealityCamera,1.62534,
703.028,-0.03752392,0.09629592,0.07037024,-5.07431,-3.875702,0.2516388,-0.06732736,0.08844774,0.9938028,-0.6894288,0.6894293,10,MixedRealityCamera,1.667535,
703.0447,-0.03775088,0.09631274,0.07038164,-5.094696,-4.010681,0.2861428,-0.06966593,0.08880229,0.99361,-0.6894288,0.6894293,10,MixedRealityCamera,1.702839,
703.0627,-0.03801032,0.0964004,0.07043736,-5.128571,-4.147583,0.3438321,-0.0720361,0.08939108,0.9933882,-0.6894288,0.6894293,10,MixedRealityCamera,1.762475,
703.0779,-0.03830839,0.09647065,0.07048777,-5.165344,-4.293549,0.3819849,-0.07456236,0.09003,0.993144,-0.6894288,0.6894293,10,MixedRealityCamera,1.83643,
703.095,-0.03858437,0.09650934,0.07056081,-5.21106,-4.442566,0.3881649,-0.07713942,0.09082488,0.9928748,-0.6894288,0.6894293,10,MixedRealityCamera,1.928844,
703.1108,-0.0389309,0.0965291,0.07060193,-5.227234,-4.57135,0.3954784,-0.07936896,0.09110577,0.9926733,-0.6894288,0.6894293,10,MixedRealityCamera,1.994,
703.1271,-0.0392215,0.09655985,0.07068276,-5.244904,-4.705841,0.403969,-0.08169682,0.09141292,0.9924562,-0.6894288,0.6894293,10,MixedRealityCamera,2.069519,
703.1443,-0.03948227,0.09651731,0.07068925,-5.193268,-4.845795,0.427798,-0.08412732,0.09051542,0.9923354,-0.6894288,0.6894293,10,MixedRealityCamera,2.09387,
703.1611,-0.03968856,0.09636837,0.07075366,-5.114166,-4.945221,0.4605137,-0.08586002,0.08914068,0.9923114,-0.6894288,0.6894293,10,MixedRealityCamera,2.082435,
703.178,-0.03992661,0.09616652,0.07082321,-4.997803,-5.051086,0.5170277,-0.08770946,0.08711772,0.9923294,-0.6894288,0.6894293,10,MixedRealityCamera,2.053761,
703.1945,-0.04015856,0.09606844,0.0709302,-4.934357,-5.180267,0.5488593,-0.08995483,0.08601451,0.9922246,-0.6894288,0.6894293,10,MixedRealityCamera,2.091812,
703.2112,-0.04037544,0.09593599,0.07106886,-4.84903,-5.319214,0.6121846,-0.09237274,0.08453064,0.99213,-0.6894288,0.6894293,10,MixedRealityCamera,2.13093,
703.2277,-0.04059109,0.0957588,0.07121831,-4.72467,-5.462006,0.6505715,-0.09486212,0.08236789,0.992077,-0.6894288,0.6894293,10,MixedRealityCamera,2.161026,
703.245,-0.04079306,0.09550253,0.07134932,-4.544617,-5.596741,0.6917597,-0.09721947,0.07923555,0.9921039,-0.6894288,0.6894293,10,MixedRealityCamera,2.170785,
703.2615,-0.04095907,0.09518941,0.07148941,-4.329346,-5.706177,0.6951495,-0.09914322,0.07548936,0.9922056,-0.6894288,0.6894293,10,MixedRealityCamera,2.165821,
703.2774,-0.04114026,0.09482732,0.0716851,-4.119934,-5.806793,0.6966907,-0.1009128,0.07184462,0.9922978,-0.6894288,0.6894293,10,MixedRealityCamera,2.181668,
703.2949,-0.04122387,0.0943414,0.0718964,-3.799438,-5.87915,0.6331497,-0.1022057,0.06626393,0.9925538,-0.6894288,0.6894293,10,MixedRealityCamera,2.172318,
703.311,-0.04133477,0.09391151,0.07212736,-3.522247,-5.940796,0.5788537,-0.1033053,0.06143589,0.9927505,-0.6894288,0.6894293,10,MixedRealityCamera,2.203892,
703.3273,-0.04130755,0.09354454,0.07243544,-3.344604,-5.943451,0.5404009,-0.1033703,0.05834099,0.9929305,-0.6894288,0.6894293,10,MixedRealityCamera,2.205934,
703.3448,-0.04128356,0.0934232,0.07273278,-3.259827,-5.900452,0.5265679,-0.1026341,0.05686377,0.9930925,-0.6894288,0.6894293,10,MixedRealityCamera,2.167898,
703.3614,-0.04118291,0.09333023,0.07303993,-3.203217,-5.859161,0.5118846,-0.1019239,0.05587775,0.9932216,-0.6894288,0.6894293,10,MixedRealityCamera,2.131297,
703.3776,-0.0409182,0.09322402,0.07328697,-3.157013,-5.696106,0.5169601,-0.09910155,0.05507259,0.9935521,-0.6894288,0.6894293,10,MixedRealityCamera,1.973975,
703.3947,-0.04063643,0.09309075,0.07352078,-3.083527,-5.521423,0.5085312,-0.09607848,0.05379186,0.9939192,-0.6894288,0.6894293,10,MixedRealityCamera,1.812617,
703.4108,-0.04037306,0.09299755,0.0737288,-3.057159,-5.365173,0.5197477,-0.09336986,0.05333235,0.9942021,-0.6894288,0.6894293,10,MixedRealityCamera,1.663893,
703.427,-0.04008476,0.09310594,0.07391231,-3.100739,-5.194977,0.4811391,-0.09041259,0.0540915,0.9944344,-0.6894288,0.6894293,10,MixedRealityCamera,1.486879,
703.4443,-0.0398733,0.09319489,0.07405464,-3.168671,-5.043549,0.4748845,-0.08777856,0.05527574,0.9946052,-0.6894288,0.6894293,10,target_7,1.323378,
703.4615,-0.0396558,0.09331587,0.07416897,-3.224548,-4.948273,0.3927667,-0.08611979,0.05624947,0.9946956,-0.6894288,0.6894293,10,target_7,1.218204,
703.4778,-0.03956028,0.09327658,0.07430875,-3.228149,-4.864014,0.3405906,-0.08465653,0.05631189,0.9948177,-0.6894288,0.6894293,10,target_7,1.134014,
703.4949,-0.03940605,0.09331687,0.07447496,-3.270416,-4.814575,0.289195,-0.08379448,0.05704867,0.9948487,-0.6894288,0.6894293,10,target_7,1.077745,
703.5129,-0.03929762,0.09342031,0.07458908,-3.324036,-4.710999,0.2579243,-0.08199142,0.05798265,0.9949449,-0.6894288,0.6894293,10,target_7,0.9675278,
703.5278,-0.03916837,0.09348074,0.07473241,-3.368195,-4.629425,0.2523301,-0.08057125,0.05875227,0.9950158,-0.6894288,0.6894293,10,target_7,0.8816,
703.5446,-0.03911966,0.0934983,0.0748475,-3.399506,-4.532654,0.2338212,-0.07888833,0.05929764,0.9951183,-0.6894288,0.6894293,10,target_7,0.7828471,
703.5607,-0.03899295,0.09351268,0.07498134,-3.404846,-4.437531,0.2605446,-0.07723532,0.05939087,0.9952424,-0.6894288,0.6894293,10,target_7,0.6872803,
703.5776,-0.03900621,0.09343637,0.07507619,-3.381195,-4.33667,0.2790911,-0.07548505,0.05897891,0.9954011,-0.6894288,0.6894293,10,target_7,0.5878411,
703.5945,-0.03888064,0.09337694,0.07519834,-3.347382,-4.24527,0.3214986,-0.07390007,0.05838978,0.9955548,-0.6894288,0.6894293,10,target_7,0.5008504,
703.6109,-0.03883951,0.09329322,0.075328,-3.319977,-4.150482,0.3613849,-0.07225491,0.05791226,0.9957035,-0.6894288,0.6894293,10,target_7,0.4140146,
703.6275,-0.03875236,0.09326656,0.07545201,-3.298981,-4.055206,0.4001347,-0.07060061,0.05754625,0.9958434,-0.6894288,0.6894293,10,target_7,0.3304307,
703.6447,-0.03867966,0.09316771,0.07561326,-3.263702,-3.987915,0.4187291,-0.06943331,0.05693132,0.9959608,-0.6894288,0.6894293,10,target_7,0.2887141,
703.6605,-0.03860519,0.09310034,0.07572936,-3.207489,-3.913239,0.4213666,-0.06813896,0.05595213,0.9961056,-0.6894288,0.6894293,10,target_7,0.2755364,
703.6785,-0.03865476,0.09293795,0.07581039,-3.138123,-3.894501,0.4160787,-0.06781755,0.05474331,0.9961947,-0.6894288,0.6894293,10,target_7,0.3268584,
703.6945,-0.0386136,0.09286936,0.07588594,-3.082123,-3.864899,0.4150663,-0.06730645,0.05376734,0.9962826,-0.6894288,0.6894293,10,target_7,0.3679734,
703.7109,-0.03868479,0.09276687,0.07595325,-3.056183,-3.837616,0.3973563,-0.06683369,0.05331539,0.9963387,-0.6894288,0.6894293,10,target_7,0.3871488,
703.7267,-0.03864276,0.09277605,0.07606246,-3.060242,-3.812958,0.3940103,-0.06640497,0.05338572,0.9963636,-0.6894288,0.6894293,10,target_7,0.3774237,
703.7444,-0.03876208,0.09280492,0.07617207,-3.099152,-3.811096,0.366377,-0.06637016,0.05406427,0.9963293,-0.6894288,0.6894293,10,target_7,0.339197,
703.761,-0.03874034,0.09278174,0.07629839,-3.116486,-3.812897,0.3934481,-0.06639996,0.05436595,0.9963109,-0.6894288,0.6894293,10,target_7,0.3226406,
703.7772,-0.03881083,0.09271517,0.07639069,-3.108826,-3.805786,0.4141115,-0.06627689,0.05423274,0.9963263,-0.6894288,0.6894293,10,target_7,0.3286494,
703.7947,-0.03881378,0.09270971,0.07648897,-3.072327,-3.811554,0.4337078,-0.06637958,0.05359633,0.9963539,-0.6894288,0.6894293,10,target_7,0.3663747,
703.8107,-0.0389268,0.09268335,0.07662678,-3.081543,-3.81308,0.4268519,-0.06640531,0.05375689,0.9963436,-0.6894288,0.6894293,10,target_7,0.358274,
703.8273,-0.03896505,0.09275412,0.07676706,-3.130768,-3.813416,0.4069465,-0.06640846,0.05461488,0.9962967,-0.6894288,0.6894293,10,target_7,0.3102743,
703.8442,-0.03905715,0.09274472,0.07685257,-3.110626,-3.830658,0.3959948,-0.06670956,0.05426374,0.9962958,-0.6894288,0.6894293,10,target_7,0.3333784,
703.8605,-0.03908312,0.09271614,0.07696389,-3.091949,-3.847321,0.3897168,-0.06700048,0.05393829,0.9962939,-0.6894288,0.6894293,10,target_7,0.3555328,
703.8773,-0.0391987,0.09262401,0.07702707,-3.022583,-3.865601,0.4348412,-0.06732262,0.05272935,0.9963369,-0.6894288,0.6894293,10,target_7,0.4284154,
703.8941,-0.03928832,0.09250016,0.07713066,-3.015839,-3.886322,0.4601147,-0.06768312,0.05261188,0.9963187,-0.6894288,0.6894293,10,target_7,0.4410186,
703.9105,-0.03932301,0.09256518,0.07724775,-3.07135,-3.892975,0.4777199,-0.06779567,0.05357958,0.9962595,-0.6894288,0.6894293,10,target_7,0.3911712,
703.9275,-0.03942155,0.09262851,0.07731652,-3.144684,-3.922668,0.5049022,-0.06830723,0.05485773,0.996155,-0.6894288,0.6894293,10,target_7,0.3380413,
703.9453,-0.03945163,0.09269181,0.07743712,-3.196808,-3.967743,0.5198396,-0.06908696,0.05576597,0.9960508,-0.6894288,0.6894293,10,target_7,0.3238513,
703.9609,-0.03954618,0.09267341,0.07748695,-3.19101,-4.010895,0.5086468,-0.06983761,0.05566501,0.996004,-0.6894288,0.6894293,10,target_7,0.3588198,
703.978,-0.03955323,0.0926443,0.07755257,-3.147186,-4.054779,0.5154665,-0.07060353,0.05490114,0.9959925,-0.6894288,0.6894293,10,target_7,0.4201138,
703.9944,-0.03960811,0.09259484,0.07758631,-3.111115,-4.07019,0.5043384,-0.07087372,0.05427253,0.9960077,-0.6894288,0.6894293,10,target_7,0.4571402,
704.012,-0.03954687,0.09256858,0.07765918,-3.103424,-4.091125,0.4831692,-0.07123829,0.05413838,0.995989,-0.6894288,0.6894293,10,target_7,0.477244,
704.0278,-0.03952583,0.0926495,0.07774441,-3.136597,-4.07901,0.4850719,-0.07102537,0.05471665,0.9959726,-0.6894288,0.6894293,10,target_7,0.4454334,
704.0442,-0.03947161,0.09273492,0.07785378,-3.217316,-4.053589,0.44218,-0.07057802,0.05612316,0.9959261,-0.6894288,0.6894293,10,target_7,0.3743001,
704.0707,-0.03939957,0.09274848,0.07799502,-3.21109,-4.034302,0.4181487,-0.07024317,0.0560149,0.9959559,-0.6894288,0.6894293,10,target_7,0.3620769,
704.0891,-0.03935778,0.09268323,0.07808229,-3.178284,-4.031036,0.4125852,-0.07018889,0.05544326,0.9959918,-0.6894288,0.6894293,10,target_7,0.3805216,
704.0978,-0.03942227,0.09265424,0.07816327,-3.148895,-4.026031,0.4199085,-0.07010376,0.05493071,0.9960262,-0.6894288,0.6894293,10,target_7,0.3981127,
704.1103,-0.03937996,0.09260215,0.07825865,-3.120056,-4.037506,0.4245248,-0.07030496,0.05442824,0.9960396,-0.6894288,0.6894293,10,target_7,0.4270431,
704.128,-0.03943218,0.09256744,0.07836641,-3.111633,-4.036774,0.4250007,-0.07029269,0.0542814,0.9960485,-0.6894288,0.6894293,10,target_7,0.4334104,
704.1468,-0.039429,0.09258114,0.07846932,-3.107147,-4.040527,0.4169571,-0.07035834,0.05420312,0.996048,-0.6894288,0.6894293,10,target_7,0.4387946,
704.1617,-0.03946648,0.09260388,0.07855301,-3.115356,-4.056854,0.4242901,-0.07064173,0.05434664,0.9960202,-0.6894288,0.6894293,10,target_7,0.4441136,
704.178,-0.03948163,0.09259111,0.07861899,-3.0914,-4.076538,0.4175142,-0.07098542,0.05392895,0.9960185,-0.6894288,0.6894293,10,target_7,0.4747775,
704.1956,-0.03948583,0.09255256,0.07870476,-3.095581,-4.101074,0.4134576,-0.07141174,0.05400195,0.995984,-0.6894288,0.6894293,10,target_7,0.4893896,
704.2112,-0.03949584,0.092565,0.07876731,-3.093658,-4.094513,0.4014082,-0.07129803,0.05396827,0.995994,-0.6894288,0.6894293,10,target_7,0.4861804,
704.227,-0.03953107,0.09261031,0.07879908,-3.108765,-4.101501,0.4068698,-0.0714185,0.05423144,0.9959711,-0.6894288,0.6894293,10,target_7,0.4805128,
704.2446,-0.03952856,0.09262346,0.07887679,-3.125977,-4.102783,0.4133028,-0.0714396,0.05453128,0.9959532,-0.6894288,0.6894293,10,target_7,0.4702222,
704.2609,-0.03952971,0.09268082,0.07895633,-3.142242,-4.114258,0.4211596,-0.07163774,0.05481496,0.9959233,-0.6894288,0.6894293,10,target_7,0.468137,
704.2795,-0.03951087,0.09268533,0.07902981,-3.162933,-4.106934,0.4261414,-0.07150899,0.05517561,0.9959127,-0.6894288,0.6894293,10,target_7,0.4498048,
704.2941,-0.03956459,0.09271227,0.07912228,-3.166382,-4.10202,0.4297765,-0.07142358,0.05523554,0.9959155,-0.6894288,0.6894293,10,target_7,0.4441136,
704.3107,-0.03950246,0.09271388,0.0791818,-3.176056,-4.099121,0.4597695,-0.0713724,0.05540406,0.9959098,-0.6894288,0.6894293,10,target_7,0.4356619,
704.328,-0.03956284,0.09268668,0.0792198,-3.156311,-4.067566,0.4627662,-0.07082509,0.05506001,0.995968,-0.6894288,0.6894293,10,target_7,0.4238235,
704.3456,-0.03950458,0.09265462,0.07926771,-3.147827,-4.051208,0.4579734,-0.07054121,0.05491252,0.9959962,-0.6894288,0.6894293,10,target_7,0.4173099,
704.362,-0.03950571,0.09267297,0.07928845,-3.131012,-4.030457,0.4427603,-0.07018192,0.0546191,0.9960378,-0.6894288,0.6894293,10,target_7,0.414487,
704.379,-0.03945721,0.09266433,0.07933033,-3.130981,-3.996765,0.427483,-0.06959619,0.05461885,0.9960789,-0.6894288,0.6894293,10,target_7,0.3921704,
704.3953,-0.03945448,0.09269204,0.07934996,-3.153687,-3.968842,0.4257357,-0.06910892,0.0550142,0.9960911,-0.6894288,0.6894293,10,target_7,0.3571801,
704.4104,-0.03940414,0.09273068,0.07940672,-3.193359,-3.943848,0.4348494,-0.06867206,0.05570594,0.9960828,-0.6894288,0.6894293,10,target_7,0.3102743,
704.4266,-0.03953148,0.09281918,0.07941425,-3.229401,-3.937347,0.4404152,-0.0685567,0.05633361,0.9960555,-0.6894288,0.6894293,10,target_7,0.2776587,
704.4437,-0.03953035,0.09284459,0.07946237,-3.22876,-3.926758,0.4207814,-0.06837267,0.05632255,0.9960688,-0.6894288,0.6894293,10,target_7,0.2712421,
704.46,-0.03961932,0.09280644,0.07946567,-3.213806,-3.912994,0.427086,-0.06813403,0.05606228,0.9960998,-0.6894288,0.6894293,10,target_7,0.2748253,
704.4774,-0.03958795,0.09269434,0.07950854,-3.171173,-3.933716,0.4745603,-0.06849713,0.05531941,0.9961164,-0.6894288,0.6894293,10,target_7,0.3226406,
704.4937,-0.03966872,0.09270552,0.07949387,-3.145508,-3.923889,0.497804,-0.06832843,0.05487168,0.9961528,-0.6894288,0.6894293,10,target_7,0.339197,
704.5103,-0.03960705,0.09278731,0.07958193,-3.187592,-3.906647,0.4985794,-0.06802581,0.05560524,0.9961328,-0.6894288,0.6894293,10,target_7,0.2934199,
704.5272,-0.03961285,0.09285384,0.07964592,-3.241821,-3.896149,0.4603338,-0.06783925,0.05655046,0.9960923,-0.6894288,0.6894293,10,target_7,0.2430897,
704.5439,-0.03956445,0.0928667,0.07970496,-3.245819,-3.881989,0.4309542,-0.0675933,0.05661982,0.9961051,-0.6894288,0.6894293,10,target_7,0.2315465,
704.5607,-0.03962041,0.09281859,0.07970125,-3.21814,-3.897797,0.4294842,-0.06786951,0.05613736,0.9961136,-0.6894288,0.6894293,10,target_7,0.2639296,
704.5775,-0.03958263,0.09277369,0.07973816,-3.187561,-3.898956,0.4242266,-0.06789178,0.05560498,0.996142,-0.6894288,0.6894293,10,target_7,0.2887141,
704.5935,-0.03966841,0.09271426,0.07971661,-3.154633,-3.867828,0.4206036,-0.06735297,0.05503105,0.9962104,-0.6894288,0.6894293,10,target_7,0.3051875,
704.6104,-0.03959075,0.09269128,0.07973543,-3.14267,-3.844635,0.4108853,-0.06695017,0.05482268,0.996249,-0.6894288,0.6894293,10,target_7,0.3083766,
704.6262,-0.03959015,0.0926782,0.07969072,-3.156982,-3.819916,0.4221106,-0.06651939,0.05507191,0.9962642,-0.6894288,0.6894293,10,target_7,0.2866737,
704.6437,-0.0395548,0.09269392,0.07970721,-3.180939,-3.826019,0.4358783,-0.06662405,0.05548945,0.996234,-0.6894288,0.6894293,10,target_7,0.2654082,
704.6602,-0.03961004,0.09272575,0.07967418,-3.180756,-3.84137,0.4410214,-0.06689122,0.05548599,0.9962163,-0.6894288,0.6894293,10,target_7,0.2705197,
704.6765,-0.03959775,0.09273605,0.07968344,-3.197754,-3.853119,0.4295058,-0.06709453,0.05578245,0.9961861,-0.6894288,0.6894293,10,target_7,0.2586879,
704.6931,-0.03960348,0.09281464,0.07961916,-3.203125,-3.8927,0.4140278,-0.0677821,0.05587599,0.9961343,-0.6894288,0.6894293,10,target_7,0.272681,
704.71,-0.03957844,0.09280221,0.07955052,-3.206848,-3.898682,0.3949358,-0.06788609,0.05594109,0.9961236,-0.6894288,0.6894293,10,target_7,0.272681,
704.7258,-0.03962096,0.09284042,0.07944009,-3.191833,-3.910004,0.4157773,-0.0680837,0.05567937,0.9961247,-0.6894288,0.6894293,10,target_7,0.2914124,
704.7435,-0.0395895,0.09292594,0.07939649,-3.253265,-3.925812,0.4013213,-0.06835432,0.05674943,0.9960458,-0.6894288,0.6894293,10,target_7,0.2533378,
704.7599,-0.03958804,0.09294271,0.07937485,-3.299469,-3.928223,0.3739763,-0.06839322,0.05755492,0.9959969,-0.6894288,0.6894293,10,target_7,0.2246844,
704.7763,-0.03952193,0.09299303,0.07934734,-3.307098,-3.940216,0.378514,-0.06860096,0.05768782,0.9959749,-0.6894288,0.6894293,10,target_7,0.2298502,
704.7939,-0.03957016,0.09308094,0.07926957,-3.338776,-3.953888,0.3901008,-0.06883642,0.05823947,0.9959266,-0.6894288,0.6894293,10,target_7,0.2264194,
704.8098,-0.03953175,0.09312546,0.07926569,-3.372009,-3.973419,0.4064336,-0.06917354,0.05881845,0.9958692,-0.6894288,0.6894293,10,target_7,0.2332305,
704.8271,-0.03949738,0.09309743,0.07929372,-3.374451,-3.98819,0.4219,-0.06943023,0.05886135,0.9958488,-0.6894288,0.6894293,10,target_7,0.2462884,
704.8431,-0.03944872,0.09310472,0.07928608,-3.35144,-3.996368,0.427312,-0.06957379,0.05846043,0.9958624,-0.6894288,0.6894293,10,target_7,0.2609472,
704.8604,-0.03942572,0.09312785,0.07922812,-3.343353,-3.997894,0.4246174,-0.06960118,0.05831918,0.9958687,-0.6894288,0.6894293,10,target_7,0.2646699,
704.877,-0.03935596,0.09309936,0.07924961,-3.315704,-4.004211,0.4155616,-0.06971317,0.05783752,0.995889,-0.6894288,0.6894293,10,target_7,0.2797648,
704.8937,-0.03925254,0.09305637,0.07925695,-3.285522,-3.994141,0.4033665,-0.06953981,0.0573116,0.9959315,-0.6894288,0.6894293,10,target_7,0.2853053,
704.9101,-0.03915849,0.0930319,0.07930829,-3.278473,-3.98468,0.3928763,-0.06937618,0.05718873,0.99595,-0.6894288,0.6894293,10,target_7,0.2804634,
704.9262,-0.03904662,0.09307393,0.07936274,-3.300232,-3.952362,0.3679474,-0.06881266,0.05756829,0.9959672,-0.6894288,0.6894293,10,target_7,0.2406627,
704.9434,-0.03893784,0.0930588,0.07943769,-3.302124,-3.932526,0.3506809,-0.06846756,0.05760115,0.9959891,-0.6894288,0.6894293,10,target_7,0.2229358,
704.9611,-0.03886079,0.09300528,0.07947875,-3.258423,-3.908356,0.3444627,-0.06805054,0.05683938,0.9960614,-0.6894288,0.6894293,10,target_7,0.234068,
704.9772,-0.03874469,0.09292412,0.07952194,-3.211304,-3.878693,0.3381163,-0.0675379,0.05601856,0.9961429,-0.6894288,0.6894293,10,target_7,0.2548778,
704.9933,-0.03864926,0.09288269,0.07955222,-3.176361,-3.842346,0.3381462,-0.06690846,0.05540952,0.9962194,-0.6894288,0.6894293,10,target_7,0.2719625,
705.0097,-0.03854376,0.09285468,0.07960267,-3.161041,-3.814819,0.3447969,-0.06643098,0.05514253,0.9962661,-0.6894288,0.6894293,10,target_7,0.2790645,
705.0268,-0.03842093,0.09289917,0.07970715,-3.173981,-3.795715,0.3308329,-0.06609794,0.05536808,0.9962758,-0.6894288,0.6894293,10,target_7,0.2631872,
705.0436,-0.0383254,0.09291344,0.07976423,-3.19162,-3.798401,0.3323668,-0.06614309,0.05567542,0.9962556,-0.6894288,0.6894293,10,target_7,0.2454926,
705.0601,-0.03830108,0.09291475,0.07978395,-3.181366,-3.795227,0.3191333,-0.06608864,0.05549704,0.9962692,-0.6894288,0.6894293,10,target_7,0.2548778,
705.0768,-0.03822091,0.09291559,0.07980795,-3.187988,-3.791809,0.2987271,-0.06602896,0.05561221,0.9962668,-0.6894288,0.6894293,10,target_7,0.2486604,
705.0931,-0.03813806,0.09293595,0.07985364,-3.197968,-3.781769,0.2851974,-0.06585361,0.05578591,0.9962686,-0.6894288,0.6894293,10,target_7,0.2365626,
705.1097,-0.03804416,0.09294435,0.07987759,-3.212494,-3.771118,0.2706658,-0.0656674,0.05603917,0.9962667,-0.6894288,0.6894293,10,target_7,0.2211734,
705.1257,-0.03796631,0.0929776,0.07987064,-3.225464,-3.744049,0.2794407,-0.06519615,0.056265,0.996285,-0.6894288,0.6894293,10,target_7,0.20842,
705.1434,-0.03789242,0.09297058,0.07988816,-3.21698,-3.706085,0.2634567,-0.06453627,0.05611724,0.9963363,-0.6894288,0.6894293,10,target_7,0.2220564,
705.1597,-0.03780147,0.09293532,0.07997124,-3.213959,-3.683807,0.2769075,-0.06414898,0.05606495,0.9963642,-0.6894288,0.6894293,10,target_7,0.23239,
705.1766,-0.03770085,0.09291044,0.08003326,-3.201019,-3.684601,0.3379668,-0.06416383,0.0558392,0.9963759,-0.6894288,0.6894293,10,target_7,0.2446942,
705.193,-0.03764965,0.09297578,0.08011211,-3.214539,-3.69104,0.3582952,-0.06427483,0.05607507,0.9963555,-0.6894288,0.6894293,10,target_7,0.2281412,
705.2098,-0.03754681,0.09306596,0.08016062,-3.256714,-3.699615,0.3075719,-0.06442164,0.05680976,0.9963045,-0.6894288,0.6894293,10,target_7,0.1855749,
705.2253,-0.03747074,0.09307338,0.08019383,-3.270721,-3.700897,0.251139,-0.06444258,0.0570538,0.9962891,-0.6894288,0.6894293,10,target_7,0.1724585,
705.2429,-0.03736058,0.09305584,0.08015323,-3.2341,-3.689606,0.1839599,-0.06424861,0.05641595,0.996338,-0.6894288,0.6894293,10,target_7,0.2112177,
705.2594,-0.037315,0.09303313,0.0800561,-3.188904,-3.673706,0.1793371,-0.06397507,0.05562834,0.9963999,-0.6894288,0.6894293,10,target_7,0.2594432,
705.2762,-0.03717943,0.09304462,0.08002074,-3.188446,-3.639587,0.1941515,-0.06338168,0.05561991,0.9964383,-0.6894288,0.6894293,10,target_7,0.2733977,
705.2925,-0.0371537,0.09302476,0.0800336,-3.205292,-3.58728,0.1884806,-0.06247102,0.0559135,0.9964793,-0.6894288,0.6894293,10,target_7,0.2866737,
705.3094,-0.03701614,0.09309931,0.08000132,-3.24823,-3.55011,0.1948433,-0.06182194,0.05666173,0.9964775,-0.6894288,0.6894293,10,target_7,0.2818553,
705.3255,-0.0369854,0.09316994,0.08000103,-3.320465,-3.536865,0.2127959,-0.06158732,0.05792058,0.9964197,-0.6894288,0.6894293,10,target_7,0.2517883,
705.3427,-0.03695451,0.09321459,0.07997143,-3.346405,-3.550262,0.2218931,-0.06181879,0.05837266,0.996379,-0.6894288,0.6894293,10,target_7,0.2281412,
705.3596,-0.0370577,0.09315877,0.07998313,-3.351959,-3.609985,0.2227428,-0.06285686,0.05846956,0.9963083,-0.6894288,0.6894293,10,target_7,0.1724585,
705.3762,-0.0371122,0.09312434,0.07995978,-3.324219,-3.651825,0.2062796,-0.06358629,0.05798612,0.9962903,-0.6894288,0.6894293,10,target_7,0.1532334,
705.3929,-0.03713663,0.09314291,0.07995181,-3.30481,-3.680847,0.1924997,-0.06409188,0.05764796,0.9962776,-0.6894288,0.6894293,10,target_7,0.1519511,
705.4097,-0.03712604,0.09305474,0.07993256,-3.269714,-3.702148,0.1906195,-0.06446471,0.05703634,0.9962887,-0.6894288,0.6894293,10,target_7,0.1735894,
705.4259,-0.03708159,0.09312679,0.07989001,-3.245483,-3.694458,0.2171721,-0.06433269,0.05661387,0.9963213,-0.6894288,0.6894293,10,target_7,0.1988102,
705.4429,-0.03704192,0.09318614,0.07989372,-3.299866,-3.676605,0.1965618,-0.0640183,0.05756174,0.9962873,-0.6894288,0.6894293,10,target_7,0.1570175,
705.4595,-0.03704235,0.09317857,0.07989928,-3.335999,-3.630066,0.182726,-0.06320718,0.05819122,0.9963025,-0.6894288,0.6894293,10,target_7,0.1643245,
705.4762,-0.03699697,0.09321535,0.07988993,-3.355133,-3.586304,0.190593,-0.0624448,0.05852488,0.996331,-0.6894288,0.6894293,10,target_7,0.1907741,
705.4928,-0.03698482,0.09318109,0.07993153,-3.36734,-3.587616,0.2010337,-0.06246695,0.05873729,0.9963171,-0.6894288,0.6894293,10,target_7,0.1855749,
705.5089,-0.03701624,0.09317794,0.07995187,-3.364014,-3.607178,0.2192822,-0.06280734,0.05867924,0.9962991,-0.6894288,0.6894293,10,target_7,0.1701742,
705.5254,-0.03712231,0.09316204,0.08001225,-3.360779,-3.627625,0.2230272,-0.06316262,0.0586228,0.99628,-0.6894288,0.6894293,10,target_7,0.1532334,
705.5422,-0.03717266,0.09315877,0.08004794,-3.356384,-3.645874,0.2309149,-0.06348075,0.05854638,0.9962643,-0.6894288,0.6894293,10,target_7,0.1370561,
705.5598,-0.03730199,0.09311478,0.08015458,-3.357666,-3.671265,0.2489772,-0.06392197,0.05856871,0.9962348,-0.6894288,0.6894293,10,target_7,0.1170339,
705.5762,-0.03738217,0.0930946,0.08023221,-3.349518,-3.695587,0.2478703,-0.06434558,0.05842707,0.9962158,-0.6894288,0.6894293,10,target_7,0.1046783,
705.5938,-0.03745192,0.09307052,0.0803057,-3.318909,-3.699402,0.2468331,-0.06441345,0.05789333,0.9962426,-0.6894288,0.6894293,10,target_7,0.1297215,
705.6089,-0.03750116,0.09301493,0.08038089,-3.293884,-3.693024,0.242926,-0.06430442,0.05745758,0.9962748,-0.6894288,0.6894293,10,target_7,0.1545051,
705.6258,-0.03751537,0.09294313,0.08043977,-3.244568,-3.670868,0.247706,-0.06392219,0.05659791,0.9963486,-0.6894288,0.6894293,10,target_7,0.2093567,
705.642,-0.03753934,0.09288415,0.08051835,-3.219177,-3.652924,0.2544211,-0.06361195,0.05615579,0.9963935,-0.6894288,0.6894293,10,target_7,0.2398483,
705.659,-0.03755556,0.09281785,0.0806574,-3.207092,-3.62561,0.2782241,-0.06313759,0.05594505,0.9964355,-0.6894288,0.6894293,10,target_7,0.2639296,
705.6765,-0.03755665,0.0928077,0.08084449,-3.225769,-3.598785,0.2932906,-0.06266981,0.05627032,0.9964468,-0.6894288,0.6894293,10,target_7,0.2631872,
705.6932,-0.03757247,0.09278346,0.08093035,-3.207123,-3.587555,0.309778,-0.06247597,0.05594579,0.9964772,-0.6894288,0.6894293,10,target_7,0.2853053,
705.7106,-0.03761914,0.0927621,0.08105193,-3.178833,-3.593323,0.3088445,-0.06257774,0.0554529,0.9964983,-0.6894288,0.6894293,10,target_7,0.3058279,
705.7249,-0.03764697,0.09272641,0.08112203,-3.158691,-3.573883,0.3046071,-0.06224065,0.05510188,0.9965389,-0.6894288,0.6894293,10,target_7,0.332791,
705.7425,-0.03763818,0.09269913,0.08119623,-3.136627,-3.58551,0.2987965,-0.06244462,0.05471693,0.9965474,-0.6894288,0.6894293,10,target_7,0.3454843,
705.7587,-0.03767196,0.09267826,0.08131445,-3.149933,-3.579987,0.2857413,-0.06234743,0.05494909,0.9965407,-0.6894288,0.6894293,10,target_7,0.3374619,
705.7757,-0.03766797,0.09268636,0.08137687,-3.168335,-3.57196,0.2800267,-0.06220682,0.05526945,0.9965318,-0.6894288,0.6894293,10,target_7,0.3268584,
705.7924,-0.0376443,0.09269468,0.0814168,-3.175201,-3.555481,0.2782581,-0.06192001,0.05538945,0.996543,-0.6894288,0.6894293,10,target_7,0.3304307,
705.8096,-0.03762703,0.09267634,0.08148053,-3.194672,-3.535126,0.2702363,-0.0615646,0.05572842,0.9965461,-0.6894288,0.6894293,10,target_7,0.3286494,
705.8258,-0.03760008,0.0927344,0.08153945,-3.203491,-3.517456,0.2795891,-0.06125689,0.05588233,0.9965565,-0.6894288,0.6894293,10,target_7,0.3351346,
705.8426,-0.03764723,0.0927135,0.08164305,-3.218079,-3.507294,0.2609058,-0.06107892,0.05613657,0.9965531,-0.6894288,0.6894293,10,target_7,0.332791,
705.8589,-0.03761991,0.09268697,0.08168685,-3.204895,-3.49649,0.2643931,-0.06089222,0.05590688,0.9965774,-0.6894288,0.6894293,10,target_7,0.3494264,
705.8754,-0.03758924,0.09263138,0.0817509,-3.18335,-3.49939,0.2969654,-0.06094358,0.05553128,0.9965953,-0.6894288,0.6894293,10,target_7,0.3631561,
705.8922,-0.03758595,0.09256053,0.08189842,-3.16098,-3.492401,0.2951182,-0.06082357,0.05514133,0.9966243,-0.6894288,0.6894293,10,target_7,0.3835945,
705.9089,-0.03755976,0.09260476,0.08201164,-3.175903,-3.475433,0.2705103,-0.06052757,0.05540185,0.9966279,-0.6894288,0.6894293,10,target_7,0.3856296,
705.9249,-0.03753959,0.09257841,0.08209214,-3.175537,-3.446259,0.2246854,-0.06002007,0.05539539,0.9966589,-0.6894288,0.6894293,10,target_7,0.4083038,
705.9424,-0.03750733,0.0924836,0.08218084,-3.124054,-3.419128,0.2080503,-0.05955121,0.05449787,0.9967365,-0.6894288,0.6894293,10,target_7,0.463094,
705.9589,-0.03748591,0.09242444,0.08222169,-3.082306,-3.406647,0.1915001,-0.05933633,0.05377031,0.9967888,-0.6894288,0.6894293,10,target_7,0.501241,
705.9753,-0.03745693,0.09237388,0.08226035,-3.060669,-3.386688,0.1884716,-0.05899042,0.05339334,0.9968296,-0.6894288,0.6894293,10,target_7,0.530449,
705.9919,-0.0374825,0.09235523,0.08233087,-3.047791,-3.347687,0.1778115,-0.05831242,0.05316902,0.9968815,-0.6894288,0.6894293,10,target_7,0.5678623,
706.0101,-0.03738724,0.09234837,0.08239637,-3.08667,-3.33548,0.1901027,-0.05809763,0.05384635,0.9968577,-0.6894288,0.6894293,10,target_7,0.5517841,
706.025,-0.0373897,0.09238859,0.08240795,-3.120331,-3.340759,0.202944,-0.05818781,0.05443296,0.9968206,-0.6894288,0.6894293,10,target_7,0.5267473,
706.0433,-0.037514,0.09243256,0.08237465,-3.150909,-3.365021,0.2128189,-0.05860799,0.05496592,0.9967667,-0.6894288,0.6894293,10,target_7,0.4877876,
706.0587,-0.03753275,0.09245777,0.08236954,-3.158234,-3.389038,0.2367264,-0.05902552,0.05509342,0.996735,-0.6894288,0.6894293,10,target_7,0.4639383,
706.0761,-0.03760123,0.09246805,0.08234681,-3.155426,-3.41864,0.2358026,-0.05954052,0.05504476,0.9967071,-0.6894288,0.6894293,10,target_7,0.4423477,
706.0919,-0.0376373,0.09242404,0.08234537,-3.157379,-3.414886,0.2243377,-0.05947554,0.05507891,0.996709,-0.6894288,0.6894293,10,target_7,0.4441136,
706.1088,-0.03759243,0.09240672,0.08236907,-3.125397,-3.397552,0.2326078,-0.05917552,0.05452135,0.9967576,-0.6894288,0.6894293,10,target_7,0.4780633,
706.1248,-0.03754958,0.09239482,0.08234075,-3.083771,-3.373108,0.2479993,-0.05875262,0.05379613,0.996822,-0.6894288,0.6894293,10,target_7,0.5241405,
706.1418,-0.03752673,0.09240115,0.08233522,-3.108765,-3.362823,0.2142253,-0.05857218,0.05423133,0.9968091,-0.6894288,0.6894293,10,target_7,0.5154827,
706.1587,-0.03746015,0.09249665,0.08234113,-3.167633,-3.318207,0.1979727,-0.05779262,0.05525773,0.9967982,-0.6894288,0.6894293,10,target_7,0.5177552,
706.176,-0.03741397,0.09254953,0.08236018,-3.219116,-3.294281,0.1905129,-0.05737393,0.05615469,0.9967722,-0.6894288,0.6894293,10,target_7,0.5147229,
706.1931,-0.0374172,0.09259,0.08236583,-3.240875,-3.300415,0.2067921,-0.0574794,0.05653377,0.9967448,-0.6894288,0.6894293,10,target_7,0.4996771,
706.2092,-0.03751078,0.0925604,0.08235757,-3.233704,-3.315582,0.1973883,-0.05774323,0.05640889,0.9967365,-0.6894288,0.6894293,10,target_7,0.4885893,
706.2255,-0.03752609,0.09251598,0.08236709,-3.213837,-3.338623,0.1966346,-0.05814528,0.0560625,0.9967327,-0.6894288,0.6894293,10,target_7,0.4768338,
706.2426,-0.03762285,0.09249178,0.08241782,-3.190308,-3.348602,0.1983998,-0.05832051,0.05565239,0.9967455,-0.6894288,0.6894293,10,target_7,0.4792896,
706.259,-0.03766228,0.0924806,0.08245617,-3.196167,-3.380005,0.2082314,-0.05886611,0.05575489,0.9967077,-0.6894288,0.6894293,10,target_7,0.4498048,
706.2757,-0.03776788,0.09245279,0.08246931,-3.191315,-3.386047,0.2218909,-0.05897182,0.05567028,0.9967061,-0.6894288,0.6894293,10,target_7,0.4467493,
706.2924,-0.03780617,0.0924163,0.08246322,-3.158508,-3.39386,0.2271326,-0.05910949,0.05509868,0.9967297,-0.6894288,0.6894293,10,target_7,0.4588492,
706.3079,-0.03783879,0.09239352,0.08248282,-3.141724,-3.389709,0.2326965,-0.05903809,0.0548058,0.9967501,-0.6894288,0.6894293,10,target_7,0.4731261,
706.3251,-0.0378466,0.0923859,0.08248605,-3.149261,-3.391632,0.2276562,-0.05907121,0.05493743,0.9967409,-0.6894288,0.6894293,10,target_7,0.466462,
706.3419,-0.03786009,0.09241033,0.08247645,-3.178284,-3.378296,0.2345815,-0.05883772,0.0554432,0.9967268,-0.6894288,0.6894293,10,target_7,0.4597013,
706.3592,-0.03786554,0.09244218,0.08247487,-3.208221,-3.366913,0.2444931,-0.0586379,0.05596493,0.9967093,-0.6894288,0.6894293,10,target_7,0.4532716,
706.3754,-0.03788496,0.09246448,0.08248943,-3.229706,-3.364655,0.2570247,-0.05859746,0.05633925,0.9966906,-0.6894288,0.6894293,10,target_7,0.4445539,
706.3917,-0.03789873,0.0924716,0.08250222,-3.247864,-3.366241,0.2610471,-0.05862382,0.0566554,0.9966711,-0.6894288,0.6894293,10,target_7,0.4352126,
706.4088,-0.03790598,0.09242357,0.0825248,-3.237305,-3.37674,0.2778814,-0.05880711,0.05647141,0.9966708,-0.6894288,0.6894293,10,target_7,0.4302385,
706.4252,-0.03792957,0.09237205,0.08256085,-3.227844,-3.398773,0.2779166,-0.05919072,0.05630656,0.9966574,-0.6894288,0.6894293,10,target_7,0.4159008,
706.4417,-0.03795286,0.09233823,0.08259003,-3.210144,-3.405853,0.284609,-0.05931534,0.05599843,0.9966674,-0.6894288,0.6894293,10,target_7,0.4191812,
706.4587,-0.03794848,0.09229938,0.08265077,-3.173828,-3.409576,0.2774766,-0.05938216,0.05536531,0.9966988,-0.6894288,0.6894293,10,target_7,0.4370072,
706.475,-0.03795462,0.09229104,0.08266095,-3.165405,-3.408875,0.2732642,-0.05937041,0.05521838,0.9967076,-0.6894288,0.6894293,10,target_7,0.4427898,
706.4919,-0.03792368,0.09224685,0.08274395,-3.148987,-3.393219,0.2571214,-0.05909909,0.05493245,0.9967396,-0.6894288,0.6894293,10,target_7,0.4652019,
706.5095,-0.03789113,0.09226353,0.08281112,-3.13855,-3.369385,0.2499784,-0.05868488,0.0547504,0.996774,-0.6894288,0.6894293,10,target_7,0.4913847,
706.5251,-0.03787402,0.0922391,0.08290365,-3.145081,-3.353455,0.2479152,-0.05840743,0.05486465,0.996784,-0.6894288,0.6894293,10,target_7,0.5000685,
706.5427,-0.0378876,0.09220743,0.0829822,-3.15799,-3.346863,0.2726136,-0.05829194,0.05508937,0.9967784,-0.6894288,0.6894293,10,target_7,0.4977152,
706.5589,-0.03793368,0.09220306,0.08305401,-3.15744,-3.358063,0.2798674,-0.05848677,0.05507975,0.9967675,-0.6894288,0.6894293,10,target_7,0.4893896,
706.5755,-0.03803597,0.09219484,0.08305915,-3.129272,-3.386353,0.2908719,-0.05898034,0.05458881,0.9967654,-0.6894288,0.6894293,10,target_7,0.4833549,
706.5916,-0.03809324,0.09214738,0.08311073,-3.110779,-3.426941,0.3323525,-0.05968744,0.05426655,0.9967409,-0.6894288,0.6894293,10,target_7,0.4656223,
706.6086,-0.03820105,0.09207819,0.08318831,-3.094147,-3.497925,0.3770218,-0.06092347,0.05397679,0.9966819,-0.6894288,0.6894293,10,target_7,0.4316007,
706.6249,-0.03823546,0.09208354,0.08324396,-3.054016,-3.533264,0.3690884,-0.06154038,0.05327759,0.9966816,-0.6894288,0.6894293,10,target_7,0.4454334,
706.6428,-0.03819494,0.09209486,0.08331637,-3.077393,-3.538361,0.3188126,-0.061628,0.05368464,0.9966544,-0.6894288,0.6894293,10,target_7,0.4233615,
706.6584,-0.03814919,0.09207831,0.08337037,-3.069489,-3.505035,0.2688047,-0.06104851,0.05354686,0.9966974,-0.6894288,0.6894293,10,target_7,0.4480613,
706.675,-0.03804057,0.09207629,0.08340482,-3.046967,-3.464996,0.2572031,-0.06035328,0.05315427,0.9967608,-0.6894288,0.6894293,10,target_7,0.4893896,
706.6921,-0.03794272,0.09203726,0.08342446,-3.027466,-3.419769,0.2698117,-0.05956774,0.05281476,0.9968261,-0.6894288,0.6894293,10,target_7,0.533392,
706.7078,-0.03784083,0.09206717,0.08340275,-3.011017,-3.355316,0.2811255,-0.05844714,0.05252818,0.9969076,-0.6894288,0.6894293,10,target_7,0.5885065,
706.7246,-0.03776192,0.09203573,0.08339519,-3.000183,-3.308563,0.2760237,-0.05763396,0.05233935,0.9969649,-0.6894288,0.6894293,10,target_7,0.6296288,
706.7417,-0.03766957,0.09200174,0.08339401,-3.000336,-3.27417,0.2624366,-0.05703543,0.05234175,0.9969991,-0.6894288,0.6894293,10,target_7,0.6552143,
706.7589,-0.0376424,0.09200078,0.08334117,-3.007721,-3.28653,0.2685415,-0.05725037,0.05247042,0.9969801,-0.6894288,0.6894293,10,target_7,0.6407191,
706.7755,-0.03763153,0.09203455,0.0833054,-3.023529,-3.331543,0.272408,-0.05803277,0.05274618,0.9969203,-0.6894288,0.6894293,10,target_7,0.5970887,
706.7915,-0.03764649,0.09207234,0.08321953,-3.046844,-3.371094,0.2621574,-0.05871943,0.0531522,0.9968585,-0.6894288,0.6894293,10,target_7,0.5524929,
706.8079,-0.03769794,0.09216758,0.0831084,-3.071442,-3.400299,0.2395531,-0.05922621,0.05358089,0.9968055,-0.6894288,0.6894293,10,target_7,0.513962,
706.8255,-0.03769462,0.09220335,0.0829874,-3.110443,-3.412903,0.2297716,-0.05944337,0.05426091,0.9967558,-0.6894288,0.6894293,10,target_7,0.4776538,
706.8423,-0.03762712,0.09229632,0.08286178,-3.134552,-3.41394,0.2533525,-0.05946031,0.05468113,0.9967319,-0.6894288,0.6894293,10,target_7,0.4601268,
706.8587,-0.03758775,0.09237911,0.08274599,-3.180481,-3.412109,0.2678231,-0.05942544,0.05548158,0.9966897,-0.6894288,0.6894293,10,target_7,0.4325065,
706.8749,-0.03756273,0.09238511,0.08264802,-3.219727,-3.380463,0.2522741,-0.05887306,0.05616529,0.9966842,-0.6894288,0.6894293,10,target_7,0.4379019,
706.892,-0.03750183,0.09240153,0.08253916,-3.220764,-3.379272,0.2574167,-0.05885233,0.05618326,0.9966844,-0.6894288,0.6894293,10,target_7,0.4383485,
706.9074,-0.03749017,0.09241915,0.08244136,-3.227478,-3.373657,0.2534802,-0.05875391,0.05630039,0.9966836,-0.6894288,0.6894293,10,target_7,0.4401304,
706.9248,-0.03751281,0.09243935,0.08238789,-3.245636,-3.400391,0.2723559,-0.05921779,0.05661668,0.9966382,-0.6894288,0.6894293,10,target_7,0.4078243,
706.9418,-0.03752259,0.0924854,0.08237971,-3.271515,-3.424835,0.2818238,-0.05964191,0.05706756,0.9965872,-0.6894288,0.6894293,10,target_7,0.373777,
706.9586,-0.0375577,0.09247313,0.08236717,-3.273804,-3.438019,0.2692164,-0.05987077,0.05710749,0.9965712,-0.6894288,0.6894293,10,target_7,0.3609945,
706.9749,-0.03761204,0.09247518,0.08234597,-3.253174,-3.448029,0.2717327,-0.06004619,0.05674821,0.9965812,-0.6894288,0.6894293,10,target_7,0.3620769,
706.9915,-0.03761428,0.09240657,0.08234271,-3.219482,-3.447296,0.2812984,-0.06003546,0.05616113,0.9966151,-0.6894288,0.6894293,10,target_7,0.3810355,
707.0077,-0.03766434,0.09236923,0.08231054,-3.183655,-3.435059,0.2817428,-0.05982466,0.05553683,0.9966628,-0.6894288,0.6894293,10,target_7,0.4121198,
707.025,-0.03764377,0.09233956,0.0823117,-3.167389,-3.420441,0.2781061,-0.05957115,0.0552532,0.9966937,-0.6894288,0.6894293,10,target_7,0.4334104,
707.0421,-0.0376332,0.092328,0.08233292,-3.184479,-3.404114,0.2667234,-0.05928646,0.05555112,0.9966941,-0.6894288,0.6894293,10,target_7,0.4365593,
707.0591,-0.03763842,0.09235323,0.08236426,-3.216125,-3.385345,0.2677196,-0.0589579,0.05610274,0.9966827,-0.6894288,0.6894293,10,target_7,0.4343124,
707.0757,-0.03773536,0.09233158,0.08232301,-3.216187,-3.384613,0.2704951,-0.05894515,0.05610339,0.9966834,-0.6894288,0.6894293,10,target_7,0.4352126,
707.0912,-0.03776194,0.0922866,0.08233413,-3.192596,-3.392212,0.2736562,-0.05907869,0.05569234,0.9966986,-0.6894288,0.6894293,10,target_7,0.4410186,
707.1074,-0.03786978,0.09224785,0.08230677,-3.167603,-3.389404,0.277968,-0.05903143,0.05525689,0.9967256,-0.6894288,0.6894293,10,target_7,0.4575681,
707.1247,-0.03791887,0.09218571,0.08230628,-3.144897,-3.405945,0.2962473,-0.05932057,0.05486146,0.9967303,-0.6894288,0.6894293,10,target_7,0.4584226,
707.1411,-0.03800507,0.09220054,0.08226756,-3.148193,-3.433838,0.3199501,-0.05980529,0.05491881,0.9966982,-0.6894288,0.6894293,10,target_7,0.4347627,
707.1578,-0.03805193,0.09220831,0.08226924,-3.162079,-3.450134,0.3304744,-0.06008844,0.05516088,0.9966678,-0.6894288,0.6894293,10,target_7,0.4130683,
707.1748,-0.03813913,0.0922061,0.08225089,-3.187744,-3.470917,0.3383462,-0.06044829,0.05560803,0.9966212,-0.6894288,0.6894293,10,target_7,0.3800071,
707.1915,-0.0381619,0.09219511,0.08224339,-3.194641,-3.489349,0.3404032,-0.06076867,0.05572832,0.996595,-0.6894288,0.6894293,10,target_7,0.3615361,
707.2072,-0.03822314,0.09214802,0.08221996,-3.193817,-3.500519,0.3369819,-0.06096283,0.05571388,0.9965839,-0.6894288,0.6894293,10,target_7,0.3538778,
707.2252,-0.03820813,0.09210102,0.08217742,-3.174255,-3.499237,0.317412,-0.06094179,0.05537269,0.9966042,-0.6894288,0.6894293,10,target_7,0.3695653,
707.2411,-0.03818914,0.09207974,0.08210446,-3.151367,-3.476074,0.3142431,-0.06053989,0.0549742,0.9966508,-0.6894288,0.6894293,10,target_7,0.4020255,
707.2589,-0.03815043,0.09205252,0.08204392,-3.143372,-3.449158,0.3106687,-0.06007251,0.05483475,0.9966868,-0.6894288,0.6894293,10,target_7,0.4265846,
707.2753,-0.03806385,0.09203437,0.0819608,-3.160614,-3.428589,0.3285943,-0.05971326,0.0551353,0.9966918,-0.6894288,0.6894293,10,target_7,0.4306931,
707.2913,-0.03802404,0.09207924,0.08190616,-3.182068,-3.413666,0.3233951,-0.05945257,0.05550922,0.9966866,-0.6894288,0.6894293,10,target_7,0.4284154,
707.3071,-0.03799539,0.09208436,0.08184895,-3.202271,-3.398834,0.3047484,-0.05919335,0.05586085,0.9966823,-0.6894288,0.6894293,10,target_7,0.4297835,
707.3244,-0.03794248,0.09207385,0.08176912,-3.200348,-3.403809,0.3219362,-0.05928015,0.05582749,0.9966791,-0.6894288,0.6894293,10,target_7,0.4270431,
707.341,-0.03789719,0.09200437,0.08173201,-3.199371,-3.415802,0.3399817,-0.05948877,0.05581048,0.9966676,-0.6894288,0.6894293,10,target_7,0.4177785,
707.3586,-0.0378539,0.09202993,0.08165006,-3.176514,-3.414551,0.3236365,-0.05946847,0.05541201,0.996691,-0.6894288,0.6894293,10,target_7,0.4320539,
707.375,-0.03785747,0.09213102,0.08157678,-3.21286,-3.40744,0.2705199,-0.0593427,0.05604548,0.9966631,-0.6894288,0.6894293,10,target_7,0.4177785,
707.3915,-0.03782114,0.09213653,0.0815193,-3.241394,-3.403351,0.2161364,-0.05926995,0.05654259,0.9966394,-0.6894288,0.6894293,10,target_7,0.4054182,
707.4072,-0.03773525,0.09213725,0.08143146,-3.229736,-3.404388,0.2052601,-0.05928833,0.05633985,0.9966497,-0.6894288,0.6894293,10,target_7,0.4116447,
707.4249,-0.03769043,0.09210341,0.08136251,-3.211914,-3.397125,0.2319157,-0.05916345,0.05602891,0.9966747,-0.6894288,0.6894293,10,target_7,0.4270431,
707.4415,-0.03776239,0.0921292,0.08126158,-3.195679,-3.369507,0.2334893,-0.05868357,0.05574635,0.9967189,-0.6894288,0.6894293,10,target_7,0.4588492,
707.4579,-0.03772835,0.09208462,0.08119141,-3.186096,-3.330322,0.2516447,-0.05800231,0.05557919,0.9967681,-0.6894288,0.6894293,10,target_7,0.4973219,
707.4748,-0.0377114,0.09209803,0.08109111,-3.177246,-3.323578,0.2741297,-0.05788558,0.05542503,0.9967835,-0.6894288,0.6894293,10,target_7,0.5078341,
707.4908,-0.03771405,0.09208857,0.08101694,-3.165985,-3.341583,0.3064293,-0.05819944,0.05522867,0.9967761,-0.6894288,0.6894293,10,target_7,0.4981082,
707.507,-0.03778517,0.09206282,0.08094131,-3.166656,-3.376312,0.3222613,-0.05880367,0.05524047,0.99674,-0.6894288,0.6894293,10,target_7,0.4689721,
707.5242,-0.03788284,0.09207618,0.0807945,-3.139313,-3.426086,0.3054217,-0.05967139,0.05476372,0.9967147,-0.6894288,0.6894293,10,target_7,0.4471871,
707.5408,-0.03788195,0.09209248,0.08068927,-3.135254,-3.450836,0.3000185,-0.0601018,0.05469326,0.9966927,-0.6894288,0.6894293,10,target_7,0.4311472,
707.5575,-0.03786776,0.09211214,0.08056276,-3.166138,-3.448578,0.2750254,-0.06006081,0.05523141,0.9966655,-0.6894288,0.6894293,10,target_7,0.4121198,
707.5745,-0.03779018,0.09214318,0.08048659,-3.198761,-3.450897,0.2728659,-0.06009924,0.05579975,0.9966316,-0.6894288,0.6894293,10,target_7,0.3896677,
707.5909,-0.03771481,0.09228837,0.08040754,-3.260223,-3.44104,0.2641352,-0.05992419,0.05687094,0.9965816,-0.6894288,0.6894293,10,target_7,0.3636945,
707.6071,-0.0376819,0.09231962,0.08031131,-3.295166,-3.423126,0.2182739,-0.05961036,0.05747969,0.9965655,-0.6894288,0.6894293,10,target_7,0.3636945,
707.6241,-0.03763131,0.09230575,0.08021399,-3.295166,-3.407043,0.2069468,-0.05933084,0.05747999,0.9965821,-0.6894288,0.6894293,10,target_7,0.3794918,
707.6405,-0.03759216,0.09230475,0.0801478,-3.267395,-3.409637,0.2175184,-0.05937767,0.05699568,0.9966071,-0.6894288,0.6894293,10,target_7,0.3886621,
707.6584,-0.03767642,0.09231076,0.08005732,-3.281952,-3.414764,0.1910322,-0.0594658,0.05724974,0.9965873,-0.6894288,0.6894293,10,target_7,0.3769049,
707.6747,-0.0376527,0.09226666,0.08002627,-3.27594,-3.429657,0.2353083,-0.05972518,0.05714481,0.9965779,-0.6894288,0.6894293,10,target_7,0.3658403,
707.6909,-0.03770231,0.09225512,0.07994832,-3.276123,-3.412689,0.2558101,-0.05943023,0.05714798,0.9965953,-0.6894288,0.6894293,10,target_7,0.3810355,
707.7068,-0.03772854,0.09226155,0.0798686,-3.258911,-3.44223,0.1656187,-0.05994477,0.05684809,0.9965816,-0.6894288,0.6894293,10,target_7,0.3631561,
707.7245,-0.03766038,0.09218799,0.0798151,-3.201752,-3.430786,0.2174341,-0.05974934,0.05585197,0.9966497,-0.6894288,0.6894293,10,target_7,0.4039677,
707.7406,-0.03766114,0.09215778,0.07975706,-3.201355,-3.440399,0.2140626,-0.05991635,0.05584507,0.99664,-0.6894288,0.6894293,10,target_7,0.3966355,
707.7584,-0.0376354,0.09220418,0.07968709,-3.220581,-3.429047,0.2126897,-0.05971823,0.05618023,0.9966331,-0.6894288,0.6894293,10,target_7,0.3941611,
707.7747,-0.03764535,0.09220515,0.07960695,-3.229095,-3.426147,0.2166097,-0.05966678,0.05632869,0.9966278,-0.6894288,0.6894293,10,target_7,0.3921704,
707.7907,-0.03765776,0.09219696,0.07952023,-3.224335,-3.430847,0.2144421,-0.05974919,0.05624576,0.9966275,-0.6894288,0.6894293,10,target_7,0.3906707,
707.807,-0.0376935,0.09219821,0.07938911,-3.229858,-3.43396,0.2319479,-0.05980287,0.05634176,0.9966189,-0.6894288,0.6894293,10,target_7,0.3851218,
707.8241,-0.03771781,0.09222131,0.07928628,-3.224457,-3.447296,0.2379515,-0.06003499,0.05624769,0.9966102,-0.6894288,0.6894293,10,target_7,0.3769049,
707.8403,-0.0377396,0.09220195,0.07919867,-3.212097,-3.454071,0.2464884,-0.06015356,0.05603258,0.9966152,-0.6894288,0.6894293,10,target_7,0.3779418,
