#NEXT_T0_EU_PW_B2_C6_S204_0214163900
Timestamp,HeadPositionX,HeadPositionY,HeadPositionZ,HeadRotationX,HeadRotationY,HeadRotationZ,HeadForwardX,HeadForwardY,HeadForwardZ,TargetPositionX,TargetPositionY,TargetPositionZ,TargetEntered,TargetAngularDistance
954.0239,0.05558664,0.07978001,-0.09557816,1.199299,0.4625676,1.505704,0.008071471,-0.02093019,0.9997483,0,0.195,1.904422,DwellButton,4.94213,
954.041,0.05579605,0.07988221,-0.09579547,1.158118,0.456277,1.488751,0.007961825,-0.0202116,0.999764,0,0.195,1.904204,MixedRealityCamera,4.901928,
954.0576,0.05604068,0.07986748,-0.09623503,1.133275,0.4493981,1.489593,0.007841863,-0.01977808,0.9997736,0,0.195,1.903765,MixedRealityCamera,4.879817,
954.0748,0.05624851,0.0799192,-0.09645189,1.107891,0.4567166,1.479638,0.007969633,-0.01933514,0.9997813,0,0.195,1.903548,MixedRealityCamera,4.861033,
954.0909,0.05642122,0.08005849,-0.09669779,1.081244,0.4575799,1.466427,0.007984769,-0.01887015,0.9997901,0,0.195,1.903302,MixedRealityCamera,4.83582,
954.1076,0.05660526,0.08012787,-0.09686401,1.043924,0.4627123,1.462805,0.008074425,-0.01821891,0.9998014,0,0.195,1.903136,MixedRealityCamera,4.80477,
954.1237,0.05679512,0.08019932,-0.09710425,1.00553,0.4670673,1.462497,0.008150516,-0.01754891,0.9998128,0,0.195,1.902896,MixedRealityCamera,4.772698,
954.1409,0.05697039,0.08024836,-0.09722781,0.9753342,0.4487035,1.479386,0.007830138,-0.01702197,0.9998245,0,0.195,1.902772,MixedRealityCamera,4.738426,
954.1578,0.05718787,0.08019863,-0.09757267,0.9688402,0.4301924,1.506773,0.007507131,-0.01690865,0.9998289,0,0.195,1.902427,MixedRealityCamera,4.728494,
954.1747,0.05731808,0.08016831,-0.09772211,0.9919567,0.412808,1.509738,0.007203717,-0.01731205,0.9998242,0,0.195,1.902278,MixedRealityCamera,4.744169,
954.1908,0.0574044,0.08020982,-0.09787522,1.024259,0.3945658,1.525116,0.006885317,-0.01787574,0.9998165,0,0.195,1.902125,MixedRealityCamera,4.765387,
954.2076,0.05753274,0.08020964,-0.09799804,1.028093,0.3630264,1.544479,0.006334945,-0.01794264,0.9998189,0,0.195,1.902002,MixedRealityCamera,4.757117,
954.2234,0.05767913,0.08021767,-0.09811334,1.017422,0.3342908,1.567795,0.005833523,-0.01775643,0.9998253,0,0.195,1.901887,MixedRealityCamera,4.736813,
954.2408,0.05778897,0.08022721,-0.09817448,0.9915206,0.2998475,1.585777,0.005232519,-0.01730444,0.9998366,0,0.195,1.901826,MixedRealityCamera,4.700071,
954.2576,0.05790349,0.08012951,-0.09840383,0.9731133,0.2664662,1.605958,0.004650025,-0.01698321,0.999845,0,0.195,1.901596,MixedRealityCamera,4.673321,
954.2744,0.05803603,0.08010766,-0.09843591,0.9554531,0.2307938,1.621875,0.004027542,-0.01667503,0.9998528,0,0.195,1.901564,MixedRealityCamera,4.644815,
954.2909,0.05806531,0.08008146,-0.09849489,0.9603143,0.2096656,1.653056,0.003658833,-0.01675986,0.9998528,0,0.195,1.901505,MixedRealityCamera,4.641652,
954.3076,0.05821844,0.07998823,-0.0985177,1.00008,0.1828606,1.665133,0.003191028,-0.0174538,0.9998426,0,0.195,1.901482,MixedRealityCamera,4.671561,
954.3236,0.05841236,0.07992323,-0.09858876,1.044963,0.159514,1.673094,0.002783578,-0.01823704,0.9998298,0,0.195,1.901411,MixedRealityCamera,4.707526,
954.3408,0.0585939,0.07984017,-0.09854006,1.074359,0.1141262,1.719061,0.001991526,-0.01875,0.9998222,0,0.195,1.90146,MixedRealityCamera,4.721487,
954.3578,0.05875066,0.07979697,-0.0985385,1.022862,0.02019011,1.769544,0.0003523278,-0.01785137,0.9998406,0,0.195,1.901461,MixedRealityCamera,4.641398,
954.3735,0.05883501,0.07989614,-0.0983949,0.913652,-0.1228027,1.845441,-0.00214318,-0.01594556,0.9998705,0,0.195,1.901605,MixedRealityCamera,4.486593,
954.3905,0.05865036,0.08022144,-0.09818128,0.7683823,-0.4572754,1.922273,-0.007980255,-0.0134104,0.9998782,0,0.195,1.901819,MixedRealityCamera,4.231793,
954.4069,0.05865187,0.08034386,-0.09802303,0.6497428,-0.7929993,2.006927,-0.01383902,-0.01133991,0.9998399,0,0.195,1.901977,MixedRealityCamera,4.028176,
954.4233,0.05866769,0.08041941,-0.09789588,0.5448626,-1.127838,2.058475,-0.01968221,-0.009509503,0.999761,0,0.195,1.902104,MixedRealityCamera,3.86209,
954.4407,0.05891474,0.08068387,-0.09767459,0.4040934,-1.422913,2.064191,-0.02483119,-0.007052702,0.9996668,0,0.195,1.902325,MixedRealityCamera,3.683605,
954.4572,0.05932749,0.08101171,-0.09741139,0.1605153,-1.69577,2.064576,-0.02959247,-0.002801517,0.9995581,0,0.195,1.902589,MixedRealityCamera,3.42108,
954.4742,0.0598315,0.08146964,-0.09700803,-0.1201477,-1.93927,2.051817,-0.03384025,0.002097013,0.9994251,0,0.195,1.902992,MixedRealityCamera,3.13544,
954.4906,0.06037948,0.08197064,-0.09654233,-0.3852539,-2.153351,2.021112,-0.03757321,0.006723877,0.9992713,0,0.195,1.903458,MixedRealityCamera,2.87916,
954.5073,0.0612279,0.08231566,-0.09612978,-0.6009521,-2.302704,2.02045,-0.04017664,0.01048852,0.9991375,0,0.195,1.90387,MixedRealityCamera,2.679199,
954.5236,0.06215814,0.082713,-0.0957562,-0.7886963,-2.406525,2.012351,-0.04198521,0.01376475,0.9990234,0,0.195,1.904244,MixedRealityCamera,2.502645,
954.5405,0.06330754,0.08310546,-0.0952037,-1.024841,-2.480682,2.021184,-0.04327542,0.01788609,0.998903,0,0.195,1.904796,MixedRealityCamera,2.275721,
954.5568,0.06448802,0.08353351,-0.09469888,-1.299561,-2.582703,2.022961,-0.04504991,0.0226795,0.9987273,0,0.195,1.905301,MixedRealityCamera,2.026806,
954.5742,0.06567144,0.08406229,-0.09397511,-1.593781,-2.729767,2.021564,-0.04760672,0.02781321,0.9984788,0,0.195,1.906025,MixedRealityCamera,1.79275,
954.5908,0.06670725,0.08442803,-0.09298744,-1.901031,-2.890076,2.050682,-0.05039237,0.03317313,0.9981784,0,0.195,1.907013,MixedRealityCamera,1.596794,
954.6073,0.06801015,0.08488353,-0.09205336,-2.206696,-3.059845,2.098024,-0.05333926,0.03850461,0.9978338,0,0.195,1.907947,MixedRealityCamera,1.4571,
954.6237,0.0693089,0.08537903,-0.09107228,-2.498291,-3.218353,2.144038,-0.05608799,0.04358955,0.9974738,0,0.195,1.908928,target_0,1.387057,
954.6403,0.07078695,0.08565558,-0.08991934,-2.74649,-3.365601,2.191682,-0.05863936,0.04791687,0.9971286,0,0.195,1.910081,target_0,1.389876,
954.6572,0.07231408,0.08578677,-0.0887982,-2.908264,-3.492401,2.228644,-0.0608376,0.0507369,0.9968573,0,0.195,1.911202,MixedRealityCamera,1.435859,
954.6737,0.07402134,0.08596933,-0.0874374,-3.056488,-3.595978,2.26128,-0.06263143,0.05332067,0.9966114,0,0.195,1.912563,MixedRealityCamera,1.47565,
954.6907,0.07588572,0.08595049,-0.08589317,-3.163361,-3.671844,2.286459,-0.06394441,0.05518283,0.9964266,0,0.195,1.914107,MixedRealityCamera,1.49724,
954.707,0.07776587,0.08601068,-0.08421481,-3.229523,-3.726379,2.331211,-0.06488853,0.05633614,0.996301,0,0.195,1.915785,MixedRealityCamera,1.501417,
954.7234,0.07987258,0.08594491,-0.08229601,-3.293671,-3.747437,2.375978,-0.06525068,0.05745399,0.9962135,0,0.195,1.917704,MixedRealityCamera,1.468604,
954.7405,0.08211785,0.08599862,-0.08025356,-3.363983,-3.754395,2.476427,-0.06536678,0.05867912,0.9961345,0,0.195,1.919746,target_0,1.422578,
954.7573,0.08445329,0.085903,-0.07794955,-3.438263,-3.747711,2.515745,-0.06524552,0.05997293,0.9960654,0,0.195,1.92205,target_0,1.365157,
954.7737,0.08693358,0.0857866,-0.07551351,-3.499756,-3.710999,2.505182,-0.06460299,0.06104413,0.9960422,0,0.195,1.924487,target_0,1.277175,
954.7906,0.08953458,0.08553788,-0.07281132,-3.556183,-3.641846,2.474048,-0.06339702,0.06202705,0.9960589,0,0.195,1.927189,target_0,1.15792,
954.8069,0.09219046,0.08528363,-0.06992671,-3.630524,-3.56012,2.413181,-0.06197139,0.06332217,0.9960672,0,0.195,1.930073,target_0,1.043427,
954.8234,0.09493974,0.08483211,-0.0667536,-3.693054,-3.489227,2.353043,-0.06073437,0.06441108,0.9960735,0,0.195,1.933246,target_0,0.9425307,
954.8407,0.0976853,0.08429012,-0.06338561,-3.750916,-3.435486,2.275949,-0.05979629,0.06541923,0.9960646,0,0.195,1.936614,target_0,0.8666012,
954.8566,0.1002902,0.08363009,-0.05974862,-3.773285,-3.448853,2.172484,-0.06002728,0.06580849,0.9960251,0,0.195,1.940251,target_0,0.8256681,
954.8738,0.1028006,0.0830894,-0.05578118,-3.688141,-3.49707,2.01926,-0.060871,0.06432556,0.9960707,0,0.195,1.944219,target_0,0.7391344,
954.8901,0.1052472,0.08264405,-0.05171696,-3.584412,-3.521759,1.801529,-0.0613072,0.06251898,0.996159,0,0.195,1.948283,target_0,0.6308707,
954.9073,0.1076076,0.08201581,-0.04745072,-3.375702,-3.474884,1.580745,-0.06050561,0.05888296,0.9964296,0,0.195,1.952549,target_0,0.4210443,
954.9226,0.1099504,0.08092847,-0.0429866,-3.107849,-3.373047,1.344219,-0.05875018,0.05421578,0.9967994,0,0.195,1.957013,target_0,0.2712421,
954.9402,0.112044,0.07958658,-0.03821839,-2.78125,-3.29718,1.149038,-0.0574474,0.04852281,0.9971687,0,0.195,1.961782,target_0,0.5241405,
954.9565,0.1139117,0.07817495,-0.03322785,-2.50592,-3.298523,1.042865,-0.05748323,0.04372242,0.9973886,0,0.195,1.966772,target_0,0.8325126,
954.9739,0.1155257,0.07673924,-0.027855,-2.316467,-3.314728,0.9982076,-0.05777334,0.04041875,0.9975112,0,0.195,1.972145,target_0,1.062016,
954.99,0.1169619,0.07545587,-0.0222458,-2.151123,-3.340027,1.010275,-0.05822064,0.03753546,0.9975978,0,0.195,1.977754,target_0,1.26362,
955.0065,0.1181645,0.07454205,-0.01619652,-2.088684,-3.355347,1.036518,-0.05848966,0.03644639,0.9976225,0,0.195,1.983804,target_0,1.352195,
955.0231,0.119207,0.07395804,-0.01002606,-2.033051,-3.353088,1.056807,-0.05845198,0.03547582,0.9976597,0,0.195,1.989974,MixedRealityCamera,1.425327,
955.0405,0.1200621,0.07353059,-0.00367767,-1.850952,-3.316925,1.028342,-0.05782872,0.03229969,0.9978039,0,0.195,1.996322,MixedRealityCamera,1.622689,
955.0565,0.1208265,0.07308862,0.002685856,-1.480896,-3.266296,0.9799579,-0.05695765,0.02584375,0.998042,0,0.195,2.002686,MixedRealityCamera,2.009934,
955.073,0.1217354,0.0725982,0.009052843,-1.079041,-3.216827,0.9629996,-0.05610496,0.01883144,0.9982473,0,0.195,2.009053,MixedRealityCamera,2.431319,
955.09,0.122205,0.07226931,0.01617076,-0.5858154,-3.18512,1.00715,-0.05555909,0.01022402,0.9984031,0,0.195,2.016171,MixedRealityCamera,2.935717,
955.1072,0.1227554,0.07147115,0.02320658,-0.1825562,-3.204346,1.081601,-0.05589709,0.003186289,0.9984314,0,0.195,2.023206,MixedRealityCamera,3.359287,
955.1229,0.1232159,0.07039487,0.03054374,0.1028896,-3.209198,1.128162,-0.05598152,-0.001795761,0.9984302,0,0.195,2.030544,MixedRealityCamera,3.674877,
955.1398,0.1234754,0.06907235,0.03851836,0.2453091,-3.180664,1.125278,-0.05548402,-0.004281438,0.9984504,0,0.195,2.038518,MixedRealityCamera,3.857423,
955.1564,0.1237123,0.06800491,0.04639622,0.221072,-3.098114,1.047006,-0.05404573,-0.003858424,0.998531,0,0.195,2.046396,MixedRealityCamera,3.872673,
955.1732,0.1236397,0.0668781,0.05458798,0.1134672,-3.004791,0.8948606,-0.05241924,-0.001980375,0.9986232,0,0.195,2.054588,MixedRealityCamera,3.809252,
955.1901,0.123331,0.06579354,0.06300965,-0.04660034,-2.911835,0.7600864,-0.05079915,0.0008134365,0.9987085,0,0.195,2.06301,MixedRealityCamera,3.694539,
955.2068,0.1227793,0.06455571,0.071834,-0.2788696,-2.858185,0.6771339,-0.04986328,0.004867428,0.9987442,0,0.195,2.071834,MixedRealityCamera,3.507327,
955.2225,0.1219344,0.06335194,0.08080449,-0.522522,-2.816345,0.6146509,-0.04913247,0.009119351,0.9987506,0,0.195,2.080805,MixedRealityCamera,3.30559,
955.2402,0.1207748,0.06202654,0.09025128,-0.7279968,-2.818573,0.5661422,-0.04916972,0.0127056,0.9987096,0,0.195,2.090251,MixedRealityCamera,3.134316,
955.257,0.1194367,0.06081357,0.09969853,-0.9053955,-2.812042,0.5230229,-0.04905373,0.01580136,0.9986711,0,0.195,2.099699,MixedRealityCamera,2.988127,
955.2735,0.1178507,0.05952477,0.109755,-1.060608,-2.786865,0.4555907,-0.04861256,0.01850981,0.9986462,0,0.195,2.109755,MixedRealityCamera,2.868125,
955.2899,0.1161459,0.0584254,0.1198619,-1.1828,-2.712402,0.3694122,-0.04731267,0.02064227,0.9986668,0,0.195,2.119862,MixedRealityCamera,2.78488,
955.3066,0.1143573,0.05733795,0.1303433,-1.282745,-2.521881,0.3138294,-0.04399014,0.02238626,0.9987811,0,0.195,2.130343,MixedRealityCamera,2.752428,
955.3228,0.1124992,0.05633069,0.1411024,-1.385681,-2.252136,0.2441114,-0.03928562,0.02418256,0.9989353,0,0.195,2.141102,MixedRealityCamera,2.749653,
955.3401,0.1105259,0.05515313,0.152269,-1.522278,-1.887207,0.2242739,-0.03292035,0.02656541,0.9991049,0,0.195,2.152269,MixedRealityCamera,2.78066,
955.3564,0.1084684,0.05395297,0.1634455,-1.656677,-1.509216,0.2608552,-0.02632651,0.02891051,0.9992353,0,0.195,2.163445,MixedRealityCamera,2.856841,
955.3731,0.1061556,0.05266682,0.1753059,-1.850067,-1.136536,0.2975542,-0.01982449,0.03228406,0.9992821,0,0.195,2.175306,MixedRealityCamera,2.917523,
955.3898,0.1036809,0.0515947,0.1871294,-2.029053,-0.7608032,0.3075077,-0.01326998,0.03540647,0.9992849,0,0.195,2.187129,MixedRealityCamera,3.020965,
955.4054,0.1008758,0.05037841,0.1993113,-2.136139,-0.3981934,0.3126428,-0.00694496,0.03727387,0.9992809,0,0.195,2.199311,MixedRealityCamera,3.18678,
955.4232,0.09773315,0.04963149,0.2114733,-2.205017,-0.1098022,0.3278351,-0.001914945,0.0384754,0.9992577,0,0.195,2.211473,target_1,3.315643,
955.4401,0.09429241,0.04907613,0.2242409,-2.261444,0.09763746,0.3749141,0.001702767,0.03945962,0.9992197,0,0.195,2.224241,target_1,3.38142,
955.4565,0.09060237,0.04969268,0.2366927,-2.268768,0.2315923,0.4524843,0.004038869,0.03958693,0.999208,0,0.195,2.236693,target_1,3.391248,
955.4732,0.08671055,0.0507366,0.2497485,-2.573853,0.2847181,0.6042683,0.004964234,0.04490694,0.9989789,0,0.195,2.249748,target_1,3.166628,
955.4897,0.08272287,0.05166076,0.2625274,-2.666901,0.2730321,0.7720188,0.00476013,0.04652935,0.9989056,0,0.195,2.262527,target_1,2.999178,
955.5056,0.07854328,0.05325714,0.275576,-2.494171,0.2172745,0.8986658,0.003788555,0.04351779,0.9990455,0,0.195,2.275576,MixedRealityCamera,2.912755,
955.5233,0.07428156,0.05699567,0.2887397,-2.580505,0.1185994,0.9077373,0.002067849,0.04502294,0.9989838,0,0.195,2.28874,MixedRealityCamera,2.624355,
955.5397,0.06989793,0.0614353,0.3022213,-2.995026,-0.04171753,0.8551738,-0.0007268692,0.05224921,0.9986338,0,0.195,2.302221,MixedRealityCamera,2.122555,
955.5563,0.06557426,0.06551041,0.3151974,-3.19342,-0.2786865,0.8842852,-0.004856443,0.05570684,0.9984354,0,0.195,2.315197,MixedRealityCamera,1.675497,
955.5748,0.06147991,0.0686495,0.3281667,-3.110748,-0.5294189,1.035016,-0.00922656,0.05426606,0.9984839,0,0.195,2.328167,target_0,1.327954,
955.5895,0.05764596,0.07086866,0.3405421,-2.948944,-0.7909546,1.241983,-0.01378631,0.0514463,0.9985806,0,0.195,2.340542,target_0,1.048292,
955.6052,0.05415674,0.07164675,0.352851,-2.672668,-1.011383,1.405226,-0.01763196,0.04662997,0.9987566,0,0.195,2.352851,target_0,1.011044,
955.6232,0.05079635,0.07229179,0.3653002,-2.563995,-1.213165,1.439234,-0.02115113,0.04473546,0.9987749,0,0.195,2.3653,target_0,0.9759852,
955.6397,0.04764042,0.0729837,0.3778827,-2.786163,-1.382141,1.416772,-0.02409201,0.0486088,0.9985273,0,0.195,2.377883,target_0,0.7044336,
955.6562,0.04473889,0.07401916,0.3905903,-3.138336,-1.539795,1.436413,-0.0268307,0.05474685,0.9981397,0,0.195,2.39059,target_0,0.4121198,
955.6727,0.04222994,0.07471991,0.4035627,-3.354767,-1.676239,1.56232,-0.02920183,0.05851831,0.9978591,0,0.195,2.403563,target_0,0.4735395,
955.6891,0.03985356,0.07565498,0.4161733,-3.377838,-1.788513,1.729797,-0.03115619,0.05892037,0.9977764,0,0.195,2.416173,target_0,0.6464956,
955.7073,0.03763672,0.0760656,0.4294034,-3.302551,-1.864563,1.853908,-0.03248316,0.05760841,0.9978107,0,0.195,2.429403,target_0,0.7915472,
955.7222,0.0356192,0.07662342,0.4422182,-3.002808,-1.880493,1.96678,-0.03276964,0.05238476,0.9980892,0,0.195,2.442218,target_0,0.9406604,
955.7397,0.03402402,0.07704133,0.4549242,-2.704987,-1.843933,2.059872,-0.0321411,0.04719314,0.9983686,0,0.195,2.454924,target_0,1.096465,
955.756,0.03256431,0.07785297,0.4678343,-2.612305,-1.756622,2.115544,-0.03062245,0.0455775,0.9984913,0,0.195,2.467834,target_0,1.106061,
955.7729,0.03134347,0.07777745,0.4809113,-2.46347,-1.596313,2.076966,-0.02783161,0.04298228,0.9986881,0,0.195,2.480911,target_0,1.130904,
955.7895,0.03031904,0.07742902,0.4938467,-2.277313,-1.411499,2.01153,-0.02461361,0.03973598,0.998907,0,0.195,2.493847,target_0,1.214343,
955.8055,0.02959236,0.07651645,0.5069913,-2.13266,-1.219147,1.887509,-0.02126174,0.03721358,0.9990811,0,0.195,2.506991,target_0,1.310898,
955.8223,0.02861636,0.07588741,0.5200979,-2.073822,-1.064667,1.77394,-0.01856854,0.03618731,0.9991725,0,0.195,2.520098,target_0,1.356241,
955.8392,0.02847285,0.07415941,0.5336297,-2.148499,-0.8784485,1.584103,-0.01532029,0.03748973,0.9991795,0,0.195,2.53363,target_0,1.310301,
955.8557,0.02796862,0.07283953,0.5474239,-2.308929,-0.7359619,1.427117,-0.01283416,0.04028742,0.9991057,0,0.195,2.547424,target_0,1.187786,
955.8724,0.02769783,0.07114595,0.5615547,-2.605347,-0.5999451,1.264902,-0.01046004,0.04545605,0.9989116,0,0.195,2.561555,target_0,0.9575664,
955.8897,0.02742987,0.06944583,0.5759301,-2.862915,-0.492218,1.159551,-0.00858004,0.04994653,0.998715,0,0.195,2.57593,target_0,0.7858408,
955.9054,0.02746716,0.06725612,0.5904115,-3.072174,-0.4055786,1.088705,-0.007068654,0.05359403,0.9985378,0,0.195,2.590411,target_0,0.6954879,
955.9232,0.02747189,0.06518608,0.605427,-3.299133,-0.3367004,1.057565,-0.005866585,0.05754882,0.9983255,0,0.195,2.605427,target_0,0.6110179,
955.9395,0.02800865,0.06252398,0.62059,-3.479553,-0.2666626,1.090594,-0.004645581,0.06069248,0.9981457,0,0.195,2.62059,target_0,0.6177064,
955.9561,0.02861217,0.05972262,0.6357718,-3.52478,-0.16745,1.09616,-0.00291721,0.06148011,0.998104,0,0.195,2.635772,target_0,0.7367479,
955.9733,0.0294987,0.05660127,0.6514277,-3.547913,-0.07214355,0.926689,-0.001256666,0.06188316,0.9980826,0,0.195,2.651428,target_0,0.873573,
955.9897,0.03011389,0.05367401,0.6669245,-3.544617,-0.04452515,0.8110513,-0.0007754958,0.061826,0.9980866,0,0.195,2.666924,target_0,0.9559301,
956.0049,0.0311549,0.05058046,0.683095,-3.446655,-0.07385254,0.8353542,-0.001286758,0.06011903,0.9981904,0,0.195,2.683095,target_0,1.064776,
956.0225,0.03217836,0.04806629,0.6992323,-3.371185,-0.1776733,0.977133,-0.003095575,0.05880414,0.9982647,0,0.195,2.699232,target_0,1.113818,
956.0394,0.03363831,0.04634678,0.7153238,-3.40979,-0.3013916,1.131728,-0.005250877,0.05947716,0.9982159,0,0.195,2.715324,target_0,1.068811,
956.056,0.03489776,0.04562888,0.7316659,-3.614624,-0.4563599,1.18811,-0.007949168,0.06304551,0.997979,0,0.195,2.731666,target_0,0.8506485,
956.0722,0.03652498,0.04484087,0.7481678,-3.739014,-0.6382751,1.248657,-0.0111162,0.06521172,0.9978095,0,0.195,2.748168,target_0,0.687565,
956.09,0.03781212,0.04454894,0.764532,-3.679413,-0.8769226,1.362498,-0.01527322,0.06417353,0.9978219,0,0.195,2.764532,target_0,0.6552143,
956.1058,0.03930508,0.04562936,0.7817273,-3.467346,-1.137573,1.417959,-0.01981701,0.06047992,0.9979727,0,0.195,2.781727,target_0,0.8030819,
956.1226,0.04054086,0.04912106,0.7982986,-3.495117,-1.41861,1.441949,-0.02471076,0.06096364,0.9978341,0,0.195,2.798299,target_0,0.7230757,
956.1395,0.04214608,0.05209244,0.8147609,-3.9198,-1.670502,1.308691,-0.0290833,0.06835989,0.9972367,0,0.195,2.814761,target_0,0.4909863,
956.1561,0.04352268,0.05332191,0.8307727,-3.430481,-1.815063,1.166489,-0.03161688,0.05983744,0.9977073,0,0.195,2.830773,target_0,0.840466,
956.1724,0.04520482,0.05523288,0.8465998,-2.81073,-1.891083,0.916273,-0.03296004,0.04903662,0.998253,0,0.195,2.8466,target_0,1.326774,
956.1891,0.04640205,0.05957612,0.8625047,-2.788757,-1.892639,0.7281399,-0.03298772,0.04865367,0.9982708,0,0.195,2.862505,target_0,1.221252,
956.2052,0.04746772,0.06378958,0.8791964,-3.254089,-1.877899,0.60588,-0.0327168,0.05676387,0.9978514,0,0.195,2.879196,target_0,0.7181882,
956.2232,0.04820627,0.06550274,0.8947748,-3.443604,-1.900452,0.544911,-0.03310315,0.06006587,0.9976454,0,0.195,2.894775,target_0,0.5801346,
956.2392,0.04870039,0.06606108,0.9099107,-3.362152,-1.909302,0.5564937,-0.03326007,0.05864706,0.9977245,0,0.195,2.909911,target_0,0.607807,
956.2561,0.04892304,0.06773293,0.9250954,-3.664093,-1.911316,0.5682266,-0.03328417,0.06390674,0.9974006,0,0.195,2.925096,target_0,0.5089886,
956.2726,0.04876209,0.06966552,0.9413743,-4.118958,-1.978699,0.6059148,-0.03443872,0.0718276,0.9968224,0,0.195,2.941374,target_0,0.7890712,
956.2892,0.0483273,0.07172267,0.9568471,-4.434753,-2.076141,0.6088215,-0.03611886,0.07732385,0.9963516,0,0.195,2.956847,target_0,1.141239,
956.3052,0.04780256,0.07418555,0.9730254,-4.686371,-2.187958,0.5372244,-0.03805017,0.08170141,0.9959303,0,0.195,2.973025,target_0,1.476843,
956.3225,0.04697859,0.07665732,0.9887304,-4.895935,-2.306946,0.4272253,-0.04010613,0.08534651,0.9955438,0,0.195,2.98873,MixedRealityCamera,1.789254,
956.3391,0.04601155,0.07866782,1.004856,-4.802124,-2.452087,0.3522569,-0.0426335,0.08371461,0.9955773,0,0.195,3.004856,MixedRealityCamera,1.858042,
956.3564,0.04491166,0.08022794,1.020231,-4.541992,-2.618073,0.2998474,-0.04553482,0.07918951,0.995819,0,0.195,3.020231,MixedRealityCamera,1.829918,
956.3723,0.0438398,0.0810118,1.035327,-4.236359,-2.833984,0.3700393,-0.04930686,0.07387102,0.9960482,0,0.195,3.035327,MixedRealityCamera,1.85224,
956.3884,0.04274528,0.08128215,1.050655,-3.880127,-3.037689,0.5804051,-0.05287158,0.06766933,0.9963059,0,0.195,3.050655,MixedRealityCamera,1.915097,
956.4052,0.04204784,0.08111629,1.066711,-3.599304,-3.194092,0.7914826,-0.05560843,0.06277843,0.9964771,0,0.195,3.066711,MixedRealityCamera,2.015186,
956.4224,0.04105404,0.08049498,1.082275,-3.383392,-3.284698,0.9873819,-0.05719777,0.0590172,0.996617,0,0.195,3.082275,MixedRealityCamera,2.107936,
956.439,0.0401217,0.07943355,1.09881,-3.198395,-3.305817,1.1336,-0.05757576,0.05579355,0.9967809,0,0.195,3.09881,MixedRealityCamera,2.155858,
956.4561,0.03896645,0.07822137,1.114829,-3.096466,-3.255463,1.236356,-0.05670489,0.05401697,0.9969286,0,0.195,3.114829,MixedRealityCamera,2.149949,
956.4724,0.03791366,0.07675199,1.131067,-3.051422,-3.142456,1.329301,-0.05474102,0.05323231,0.9970806,0,0.195,3.131067,MixedRealityCamera,2.079708,
956.4888,0.0370044,0.07507886,1.147896,-3.095673,-3.029022,1.47423,-0.05276488,0.0540036,0.9971457,0,0.195,3.147896,MixedRealityCamera,1.994196,
956.5048,0.03583256,0.07307965,1.164475,-3.195557,-2.908112,1.669942,-0.05065529,0.05574394,0.9971593,0,0.195,3.164475,MixedRealityCamera,1.901046,
956.5222,0.03464037,0.07071045,1.181739,-3.339996,-2.776459,1.85419,-0.04835709,0.05826112,0.9971295,0,0.195,3.181739,MixedRealityCamera,1.793842,
956.5391,0.03320003,0.06825717,1.198629,-3.437531,-2.658295,1.964251,-0.04629594,0.05996034,0.9971266,0,0.195,3.198629,MixedRealityCamera,1.714521,
956.5561,0.03147564,0.06541462,1.215698,-3.486359,-2.548309,1.956287,-0.04437966,0.06081081,0.9971622,0,0.195,3.215698,MixedRealityCamera,1.65812,
956.5721,0.0295257,0.0623789,1.23295,-3.564392,-2.452667,1.899372,-0.04271119,0.06217048,0.9971513,0,0.195,3.23295,MixedRealityCamera,1.619913,
956.5883,0.02744013,0.0587316,1.250606,-3.501862,-2.327393,1.858484,-0.04053394,0.06108101,0.9973094,0,0.195,3.250606,MixedRealityCamera,1.588069,
956.605,0.02507462,0.05491184,1.267616,-3.495758,-2.217987,1.760029,-0.0386295,0.0609746,0.9973915,0,0.195,3.267616,MixedRealityCamera,1.581277,
956.6218,0.02236339,0.05066957,1.284935,-3.355194,-2.083984,1.758485,-0.0363019,0.05852591,0.9976256,0,0.195,3.284935,MixedRealityCamera,1.634225,
956.6388,0.01954697,0.04780591,1.302275,-3.308197,-1.985199,1.769018,-0.03458366,0.05770662,0.9977344,0,0.195,3.302275,MixedRealityCamera,1.68342,
956.6563,0.01607231,0.04628761,1.319572,-3.554047,-1.970245,1.774111,-0.03431435,0.06198994,0.9974867,0,0.195,3.319572,MixedRealityCamera,1.660361,
956.6719,0.01251165,0.04533752,1.337049,-3.798859,-2.000488,1.738527,-0.0348311,0.06625409,0.9971946,0,0.195,3.337049,MixedRealityCamera,1.707085,
956.6888,0.008768396,0.04455107,1.354672,-3.655701,-2.063568,1.731062,-0.0359352,0.06376088,0.997318,0,0.195,3.354672,MixedRealityCamera,1.919894,
956.7051,0.005105427,0.04515612,1.371582,-3.284668,-2.131989,1.715307,-0.03714048,0.05729705,0.9976661,0,0.195,3.371582,MixedRealityCamera,2.219379,
956.7219,0.001012102,0.04717271,1.388458,-3.09024,-2.160492,1.669638,-0.03764381,0.05390869,0.9978361,0,0.195,3.388458,MixedRealityCamera,2.411921,
956.7386,-0.002380039,0.04841921,1.405109,-2.792694,-2.179535,1.737873,-0.03798593,0.04872241,0.9980898,0,0.195,3.405109,MixedRealityCamera,2.643898,
956.7557,-0.005654674,0.04931203,1.421303,-1.960846,-2.110107,1.859027,-0.03679822,0.0342164,0.9987367,0,0.195,3.421303,MixedRealityCamera,3.164031,
956.7723,-0.008585463,0.05292781,1.437905,-1.587219,-1.996246,1.9827,-0.03482089,0.02769854,0.9990097,0,0.195,3.437905,MixedRealityCamera,3.338475,
956.7888,-0.01127678,0.05820694,1.454608,-1.754974,-1.824249,2.041544,-0.03181873,0.03062527,0.9990243,0,0.195,3.454608,MixedRealityCamera,3.042145,
956.8046,-0.0138967,0.0613007,1.471713,-2.280548,-1.659271,2.143894,-0.02893289,0.03979262,0.998789,0,0.195,3.471713,MixedRealityCamera,2.569788,
956.8219,-0.01603155,0.06058192,1.488337,-2.007141,-1.412476,2.366213,-0.02463462,0.03502392,0.9990828,0,0.195,3.488337,MixedRealityCamera,2.62137,
956.8389,-0.01725218,0.06009228,1.504928,-1.454437,-1.050934,2.465824,-0.01833513,0.02538206,0.9995097,0,0.195,3.504928,MixedRealityCamera,2.857115,
956.856,-0.01858241,0.06194973,1.521892,-1.462952,-0.6227417,2.517951,-0.0108652,0.02553081,0.999615,0,0.195,3.521892,MixedRealityCamera,2.61157,
956.8716,-0.01937554,0.06473561,1.539162,-1.630737,-0.1726074,2.589097,-0.003011104,0.02845799,0.9995905,0,0.195,3.539162,MixedRealityCamera,2.218056,
956.8896,-0.02015811,0.06649059,1.556718,-1.427002,0.2153992,2.746036,0.00375825,0.02490311,0.9996828,0,0.195,3.556718,MixedRealityCamera,2.278214,
956.9045,-0.0206372,0.06820709,1.573807,-1.183563,0.5216966,2.997598,0.009103255,0.02065543,0.9997452,0,0.195,3.573807,MixedRealityCamera,2.444726,
956.9218,-0.02145405,0.07010043,1.591119,-1.089233,0.790542,3.164687,0.01379463,0.01900975,0.9997241,0,0.195,3.591119,MixedRealityCamera,2.490258,
956.9388,-0.02190749,0.07200089,1.608195,-0.8400879,1.061886,3.189735,0.01853035,0.01466199,0.9997208,0,0.195,3.608195,MixedRealityCamera,2.713898,
956.9553,-0.02287437,0.07334878,1.624945,-0.7197876,1.304271,3.074536,0.02276006,0.01256246,0.999662,0,0.195,3.624945,MixedRealityCamera,2.835866,
956.9717,-0.02356892,0.0740673,1.64192,-0.6321106,1.477879,2.946453,0.02578942,0.01103206,0.9996065,0,0.195,3.64192,MixedRealityCamera,2.939382,
956.9885,-0.02436529,0.07427846,1.6589,-0.655304,1.552391,2.915885,0.02708925,0.01143714,0.9995676,0,0.195,3.6589,MixedRealityCamera,2.926032,
957.0046,-0.02513661,0.07404304,1.675933,-0.7545166,1.555353,2.898188,0.02714034,0.01316833,0.9995449,0,0.195,3.675933,MixedRealityCamera,2.831998,
957.0214,-0.0262436,0.07322363,1.692685,-0.8409729,1.523662,2.880717,0.02658692,0.01467705,0.9995388,0,0.195,3.692685,MixedRealityCamera,2.753211,
957.0384,-0.02695284,0.07191949,1.709646,-0.9081726,1.460002,2.831934,0.02547589,0.01585019,0.9995497,0,0.195,3.709646,MixedRealityCamera,2.701971,
957.0549,-0.02799653,0.07011221,1.726448,-0.9967041,1.374708,2.755321,0.02398724,0.01739499,0.9995609,0,0.195,3.726448,MixedRealityCamera,2.638785,
957.0715,-0.02867147,0.06810324,1.743633,-1.153046,1.240207,2.603491,0.02163963,0.02012331,0.9995633,0,0.195,3.743633,MixedRealityCamera,2.512091,
957.0885,-0.02930116,0.06611795,1.760909,-1.400574,1.077088,2.417128,0.01879201,0.02444223,0.9995246,0,0.195,3.760909,MixedRealityCamera,2.298484,
957.1038,-0.02984678,0.06420787,1.77816,-1.620453,0.925754,2.333127,0.01615029,0.02827826,0.9994696,0,0.195,3.77816,MixedRealityCamera,2.121818,
957.1219,-0.03034942,0.06117197,1.795982,-1.865326,0.7005852,2.383564,0.01222073,0.03255007,0.9993954,0,0.195,3.795982,MixedRealityCamera,1.969608,
957.1385,-0.03020063,0.05830315,1.813425,-2.039001,0.5484229,2.425809,0.009565579,0.03557988,0.999321,0,0.195,3.813425,MixedRealityCamera,1.89713,
957.1551,-0.02991296,0.05523393,1.830948,-2.202179,0.445967,2.469136,0.007777765,0.03842578,0.9992312,0,0.195,3.830948,MixedRealityCamera,1.841113,
957.1724,-0.02907297,0.05223069,1.848723,-2.40741,0.431331,2.402031,0.007521431,0.04200476,0.9990891,0,0.195,3.848723,MixedRealityCamera,1.722492,
957.1887,-0.02790908,0.04981543,1.866283,-2.69516,0.4466773,2.26033,0.007787286,0.04702229,0.9988635,0,0.195,3.866283,MixedRealityCamera,1.498416,
957.2042,-0.02673163,0.04782256,1.884487,-2.919586,0.4636735,2.142896,0.008082036,0.05093447,0.9986693,0,0.195,3.884487,target_0,1.323674,
957.2219,-0.02557576,0.04660365,1.902249,-3.191284,0.4618754,2.10392,0.008048658,0.05566978,0.9984168,0,0.195,3.902249,target_0,1.085885,
957.2385,-0.02392519,0.04592045,1.92045,-3.497131,0.4614187,2.162571,0.008038192,0.06099856,0.9981055,0,0.195,3.92045,target_0,0.7977034,
957.2558,-0.02236869,0.04573159,1.938154,-3.796082,0.4514836,2.26667,0.007862506,0.0662056,0.997775,0,0.195,3.938154,target_0,0.5082192,
957.2712,-0.02043661,0.04627604,1.95653,-3.945038,0.4245047,2.331731,0.007391382,0.06879969,0.9976031,0,0.195,3.95653,target_0,0.3466151,
957.2886,-0.01819704,0.04852708,1.974698,-3.792908,0.4216622,2.353517,0.007343209,0.06615054,0.9977826,0,0.195,3.974698,target_0,0.4068635,
957.3043,-0.01627589,0.05181189,1.992573,-4.055176,0.4214907,2.239894,0.007337916,0.07071695,0.9974694,0,0.195,3.992573,target_0,0.05934703,
957.3217,-0.01441652,0.0527004,2.009841,-3.707123,0.4957454,1.984823,0.008634177,0.06465641,0.9978702,0,0.195,4.009841,target_0,0.3716771,
957.3383,-0.01252298,0.05357544,2.026716,-2.649872,0.6836893,1.68185,0.01191959,0.04623233,0.9988596,0,0.195,4.026716,MixedRealityCamera,1.432038,
957.3551,-0.01093168,0.05718322,2.043411,-2.16217,0.8408921,1.372292,0.01466536,0.03772827,0.9991804,0,0.195,4.043411,MixedRealityCamera,1.856146,
957.3718,-0.009585601,0.06246665,2.060422,-2.492126,0.960297,1.159173,0.01674371,0.0434823,0.9989139,0,0.195,4.060422,MixedRealityCamera,1.468338,
957.3885,-0.008234046,0.06573937,2.077362,-3.126404,1.053586,0.9893056,0.01836014,0.05453883,0.9983428,0,0.195,4.077362,target_0,0.9966185,
957.4047,-0.007446731,0.0665592,2.093991,-3.053131,1.13655,0.9852158,0.01980708,0.05326211,0.9983841,0,0.195,4.093991,target_0,1.111531,
957.4213,-0.007245222,0.06788024,2.110394,-2.978058,1.170836,0.9821213,0.02040592,0.05195341,0.998441,0,0.195,4.110394,target_0,1.165668,
957.4376,-0.007438557,0.07032491,2.12705,-3.083527,1.12927,0.9595382,0.01967967,0.05379153,0.9983582,0,0.195,4.12705,target_0,1.034576,
957.4547,-0.008118916,0.07276285,2.143254,-3.06546,1.0338,0.9486168,0.01801642,0.05347662,0.9984066,0,0.195,4.143253,target_0,0.9089215,
957.4715,-0.009074183,0.07469802,2.159806,-2.971771,0.8839548,0.9359598,0.01540656,0.05184406,0.9985363,0,0.195,4.159806,target_0,0.7805943,
957.4871,-0.009776284,0.07676779,2.176204,-2.870178,0.7436165,0.9259945,0.01296191,0.05007325,0.9986615,0,0.195,4.176204,target_0,0.6906884,
957.5042,-0.01141894,0.07875464,2.192635,-2.57254,0.473387,1.03692,0.008253741,0.04488423,0.9989581,0,0.195,4.192635,target_0,0.7679582,
957.5214,-0.0127918,0.08022019,2.208538,-2.30191,0.2490366,1.286519,0.004342987,0.04016517,0.9991836,0,0.195,4.208538,target_0,0.989525,
957.538,-0.01402528,0.08075586,2.22462,-1.968781,0.01970718,1.622635,0.0003437521,0.03435506,0.9994096,0,0.195,4.22462,target_0,1.35523,
957.5547,-0.01528139,0.08124315,2.240424,-1.788361,-0.1825867,1.963577,-0.003184916,0.03120749,0.9995078,0,0.195,4.240424,MixedRealityCamera,1.592622,
957.5707,-0.01631831,0.08171271,2.256549,-1.83136,-0.3288879,2.253776,-0.005737443,0.03195756,0.9994727,0,0.195,4.256549,MixedRealityCamera,1.619308,
957.5883,-0.016995,0.08200741,2.272749,-1.858856,-0.4338074,2.464467,-0.007567048,0.03243768,0.9994451,0,0.195,4.272749,MixedRealityCamera,1.653748,
957.6039,-0.01790919,0.08146866,2.288857,-1.877228,-0.4853516,2.573373,-0.0084663,0.03275818,0.9994274,0,0.195,4.288857,MixedRealityCamera,1.696044,
957.6212,-0.01895174,0.08056406,2.304679,-1.940918,-0.4932251,2.614452,-0.00860358,0.0338688,0.9993892,0,0.195,4.304679,MixedRealityCamera,1.68818,
957.6381,-0.01990196,0.07916918,2.320839,-2.058868,-0.4622803,2.663265,-0.008062772,0.03592641,0.9993219,0,0.195,4.320839,MixedRealityCamera,1.624858,
957.6546,-0.02100199,0.07755634,2.336954,-2.208038,-0.4164429,2.72692,-0.00726286,0.03852783,0.9992312,0,0.195,4.336954,MixedRealityCamera,1.536842,
957.6711,-0.022076,0.07586411,2.353314,-2.427765,-0.3441162,2.80449,-0.006000509,0.04235964,0.9990844,0,0.195,4.353314,target_0,1.383384,
957.6884,-0.02294805,0.07419112,2.369826,-2.68573,-0.2409363,2.834049,-0.004200507,0.04685776,0.9988927,0,0.195,4.369825,target_0,1.182667,
957.7043,-0.02421005,0.07186535,2.386376,-2.904358,-0.1429443,2.817572,-0.002491863,0.05066876,0.9987124,0,0.195,4.386376,target_0,1.039105,
957.7209,-0.02585636,0.06925265,2.402917,-3.126648,-0.009216309,2.744195,-0.0001604573,0.05454327,0.9985114,0,0.195,4.402917,target_0,0.8844808,
957.7383,-0.02751457,0.06654121,2.419719,-3.390686,0.1479435,2.639012,0.002577579,0.05914385,0.9982461,0,0.195,4.419719,target_0,0.6996954,
957.7561,-0.02947233,0.06379775,2.436337,-3.713715,0.3183169,2.598712,0.005543984,0.06477129,0.9978848,0,0.195,4.436337,target_0,0.5263757,
957.7712,-0.03133603,0.06064421,2.453206,-4.041168,0.500765,2.623957,0.008718157,0.07047321,0.9974756,0,0.195,4.453206,target_0,0.4427898,
957.7881,-0.03323237,0.05764501,2.470618,-4.145935,0.6976048,2.668453,0.01214334,0.07229705,0.9973092,0,0.195,4.470618,target_0,0.3345502,
957.804,-0.03531393,0.05561586,2.487537,-4.371796,0.8707749,2.78321,0.01515309,0.07622837,0.9969752,0,0.195,4.487537,target_0,0.4111691,
957.8211,-0.03778305,0.05356886,2.504549,-4.54892,1.004317,2.878767,0.01747253,0.07931047,0.9966968,0,0.195,4.504549,target_0,0.5105241,
957.838,-0.04009879,0.05177811,2.521425,-4.542908,1.127652,2.887464,0.01961814,0.07920571,0.9966652,0,0.195,4.521425,target_0,0.4480613,
957.8544,-0.04274007,0.05067301,2.538326,-4.297058,1.305532,2.795169,0.02271981,0.07492778,0.9969301,0,0.195,4.538326,target_0,0.1887116,
957.871,-0.04526349,0.05194483,2.55523,-3.9758,1.514388,2.553782,0.02636439,0.06933517,0.997245,0,0.195,4.55523,target_0,0.2462884,
957.8876,-0.04752421,0.05409167,2.572215,-4.01004,1.754223,2.27618,0.03053723,0.06993119,0.9970843,0,0.195,4.572215,target_0,0.3921704,
957.9044,-0.04956968,0.05441638,2.588537,-3.455078,2.041491,2.136081,0.03555845,0.06026582,0.9975488,0,0.195,4.588537,target_0,0.8388348,
957.9214,-0.05155475,0.05547993,2.604509,-2.647949,2.425794,2.023188,0.04228025,0.04619899,0.9980371,0,0.195,4.604509,MixedRealityCamera,1.642348,
957.9379,-0.05328548,0.05944345,2.620949,-2.480865,2.801768,1.988955,0.04883479,0.043286,0.9978685,0,0.195,4.620949,MixedRealityCamera,1.889066,
957.9548,-0.05510128,0.0636698,2.637226,-2.918823,3.129316,1.952111,0.0545189,0.05092124,0.9972135,0,0.195,4.637226,MixedRealityCamera,1.760031,
957.9713,-0.05671138,0.06545439,2.653575,-3.406036,3.34925,1.886986,0.05831895,0.05941169,0.9965286,0,0.195,4.653575,MixedRealityCamera,1.747197,
957.9869,-0.05793186,0.06506829,2.670036,-3.189392,3.523744,2.06869,0.06136697,0.05563664,0.9965634,0,0.195,4.670036,MixedRealityCamera,1.934214,
958.0039,-0.05933508,0.06653963,2.686478,-3.065796,3.644847,2.211766,0.06348071,0.05348268,0.996549,0,0.195,4.686478,MixedRealityCamera,2.034997,
958.0212,-0.06103942,0.07009854,2.702967,-3.528076,3.677851,2.335083,0.06402496,0.06153769,0.9960492,0,0.195,4.702967,MixedRealityCamera,1.92661,
958.0376,-0.06250232,0.07348369,2.719482,-3.816681,3.61784,2.472983,0.06296133,0.06656455,0.9957937,0,0.195,4.719482,MixedRealityCamera,1.85604,
958.0541,-0.06417926,0.0758054,2.735982,-3.733887,3.480353,2.718276,0.06057741,0.0651227,0.9960368,0,0.195,4.735982,MixedRealityCamera,1.671287,
958.0714,-0.06553034,0.07804938,2.752115,-3.606689,3.285721,2.910871,0.05720169,0.06290715,0.9963788,0,0.195,4.752115,target_0,1.430534,
958.0882,-0.06666858,0.0802922,2.768316,-3.340271,3.108367,3.047053,0.05413252,0.05826546,0.9968324,0,0.195,4.768316,target_0,1.19861,
958.1036,-0.06780435,0.08219872,2.784209,-3.116577,2.95689,3.069633,0.05150827,0.0543677,0.9971916,0,0.195,4.784209,target_0,1.019332,
958.1203,-0.0690604,0.0834043,2.800079,-2.932556,2.843881,3.026626,0.04954974,0.05116023,0.9974605,0,0.195,4.800079,target_0,0.90309,
958.1377,-0.07002451,0.08365456,2.815752,-2.751953,2.779714,2.870769,0.04844021,0.04801205,0.9976715,0,0.195,4.815752,target_0,0.8862489,
958.1539,-0.07108909,0.08351284,2.831786,-2.6987,2.737443,2.747124,0.04770626,0.0470836,0.9977511,0,0.195,4.831786,target_0,0.8552368,
958.1713,-0.07181776,0.08309533,2.847767,-2.75946,2.730989,2.625426,0.04759145,0.04814284,0.9977061,0,0.195,4.847767,target_0,0.8050289,
958.1875,-0.07211375,0.08249576,2.864264,-2.889404,2.748622,2.520866,0.04789315,0.05040848,0.9975797,0,0.195,4.864264,target_0,0.7571809,
958.2037,-0.07267187,0.08113287,2.88047,-2.992065,2.764445,2.414488,0.0481642,0.05219753,0.9974746,0,0.195,4.88047,target_0,0.7322189,
958.2208,-0.07325354,0.07933024,2.896689,-3.132019,2.765289,2.329644,0.04817261,0.05463662,0.9973436,0,0.195,4.896689,target_0,0.6892704,
958.2372,-0.07369079,0.07729912,2.913266,-3.263947,2.745198,2.267125,0.04781672,0.05693566,0.9972321,0,0.195,4.913266,target_0,0.6419396,
958.2545,-0.07405696,0.07486251,2.929957,-3.343445,2.720799,2.213085,0.04738826,0.05832119,0.9971725,0,0.195,4.929957,target_0,0.6061952,
958.2711,-0.07382659,0.07248785,2.946741,-3.377716,2.695307,2.203202,0.04694295,0.05891787,0.9971585,0,0.195,4.946741,target_0,0.5938025,
958.2874,-0.07367349,0.06998847,2.963486,-3.385956,2.661381,2.266156,0.04635209,0.05906183,0.9971776,0,0.195,4.963486,target_0,0.5824909,
958.3029,-0.07331464,0.06716082,2.980309,-3.402313,2.631494,2.305869,0.04583117,0.05934685,0.9971848,0,0.195,4.980309,target_0,0.5881739,
958.321,-0.07279858,0.06425597,2.997328,-3.449188,2.587429,2.290319,0.04506203,0.06016342,0.9971709,0,0.195,4.997328,target_0,0.5784457,
958.3379,-0.07214139,0.06108583,3.014592,-3.606476,2.516582,2.294693,0.04382157,0.06290338,0.9970571,0,0.195,5.014592,target_0,0.5020211,
958.3536,-0.07135828,0.05832393,3.032134,-3.761963,2.435261,2.347127,0.04239897,0.06561161,0.9969441,0,0.195,5.032134,target_0,0.4168407,
958.3707,-0.07006223,0.05610136,3.050006,-3.91452,2.326859,2.389943,0.04050547,0.06826821,0.9968444,0,0.195,5.050006,target_0,0.324455,
958.387,-0.06877422,0.05465418,3.067864,-4.061005,2.258998,2.426585,0.03931778,0.07081844,0.9967141,0,0.195,5.067864,target_0,0.2934199,
958.4033,-0.06708685,0.05377494,3.085602,-4.297455,2.216094,2.472774,0.03855978,0.07493424,0.9964427,0,0.195,5.085602,target_0,0.3921704,
958.4205,-0.06516333,0.05380013,3.103451,-4.656311,2.233598,2.578563,0.03884514,0.0811784,0.9959424,0,0.195,5.103451,target_0,0.7200928,
958.4371,-0.06294684,0.0535094,3.12123,-4.917938,2.280453,2.742842,0.03964442,0.0857288,0.9955295,0,0.195,5.12123,target_0,0.9944565,
958.4538,-0.06050603,0.05405663,3.138827,-4.684387,2.431885,2.905932,0.04228993,0.08166685,0.9957621,0,0.195,5.138827,target_0,0.9567486,
958.4708,-0.05771139,0.05703837,3.156719,-4.496552,2.678851,2.968865,0.04659389,0.07839919,0.9958326,0,0.195,5.156719,target_0,1.162811,
958.4867,-0.05520284,0.06035266,3.173991,-4.97937,2.954815,2.767727,0.05135385,0.08679679,0.9949015,0,0.195,5.173991,MixedRealityCamera,1.775309,
958.5031,-0.05255442,0.06076748,3.191213,-4.727539,3.333477,2.630882,0.05794951,0.08241747,0.9949117,0,0.195,5.191213,MixedRealityCamera,2.028447,
958.5204,-0.05033921,0.06175026,3.207756,-4.018982,3.701163,2.461104,0.06439381,0.07008695,0.9954603,0,0.195,5.207756,MixedRealityCamera,2.263648,
958.5374,-0.04853388,0.06453264,3.224447,-3.848785,3.951279,2.35249,0.06875278,0.06712323,0.9953731,0,0.195,5.224447,MixedRealityCamera,2.558261,
958.5541,-0.04720662,0.06905998,3.240822,-3.712128,4.104783,2.400573,0.07143052,0.06474359,0.9953421,0,0.195,5.240822,MixedRealityCamera,2.749297,
958.5705,-0.04601038,0.07337676,3.258061,-4.344971,4.093131,2.503316,0.07117272,0.07576162,0.9945827,0,0.195,5.25806,MixedRealityCamera,2.901038,
958.5892,-0.04551434,0.0751102,3.274762,-4.794617,3.979188,2.575398,0.0691513,0.08358447,0.9940984,0,0.195,5.274762,MixedRealityCamera,2.997416,
958.6027,-0.045654,0.07595098,3.291367,-4.840363,3.838699,2.46121,0.06670907,0.08437992,0.9941981,0,0.195,5.291367,MixedRealityCamera,2.903601,
958.62,-0.04614223,0.07826265,3.308397,-5.23175,3.630705,2.293544,0.06306156,0.09118461,0.9938353,0,0.195,5.308397,MixedRealityCamera,2.98019,
958.637,-0.04690957,0.08069915,3.325181,-5.471588,3.361518,2.187471,0.05836874,0.09535236,0.9937308,0,0.195,5.325181,MixedRealityCamera,2.982357,
958.6539,-0.04797456,0.08306213,3.342315,-5.575745,3.013919,2.031577,0.05232978,0.09716152,0.993892,0,0.195,5.342315,MixedRealityCamera,2.881879,
958.674,-0.04885714,0.08499953,3.359559,-5.523376,2.625549,1.87087,0.04559575,0.09625192,0.9943121,0,0.195,5.359559,MixedRealityCamera,2.67225,
958.6871,-0.04995005,0.08664776,3.376364,-5.245148,2.279018,1.766029,0.03959937,0.09141702,0.995025,0,0.195,5.376364,MixedRealityCamera,2.305796,
958.7029,-0.05092091,0.08774984,3.392725,-4.840546,2.003046,1.695418,0.03482797,0.08438314,0.9958245,0,0.195,5.392725,MixedRealityCamera,1.853402,
958.7203,-0.05176505,0.08807617,3.409108,-4.333099,1.77082,1.641152,0.03081338,0.07555465,0.9966655,0,0.195,5.409108,target_0,1.305962,
958.7365,-0.05248145,0.08746304,3.425573,-3.726807,1.588562,1.638572,0.02766347,0.06499927,0.9975018,0,0.195,5.425573,target_0,0.6558113,
958.7557,-0.05309623,0.08685179,3.442334,-3.285675,1.468315,1.621806,0.02558201,0.0573146,0.9980283,0,0.195,5.442334,target_0,0.1978235,
958.7698,-0.05356102,0.08626857,3.459144,-3.036011,1.392227,1.618123,0.02426246,0.05296341,0.9983017,0,0.195,5.459144,target_0,0.1594904,
958.7858,-0.05406652,0.08504987,3.476152,-2.835022,1.375525,1.613856,0.02397575,0.04946012,0.9984883,0,0.195,5.476152,target_0,0.3555328,
958.8044,-0.05459973,0.08341915,3.492507,-2.697083,1.406824,1.584316,0.02452404,0.04705552,0.9985912,0,0.195,5.492507,target_0,0.5188877,
958.8204,-0.05516681,0.08154428,3.509563,-2.566376,1.478585,1.540397,0.02577743,0.04477698,0.9986644,0,0.195,5.509562,target_0,0.6867107,
958.8367,-0.05591414,0.0793353,3.52603,-2.484528,1.60399,1.507005,0.02796493,0.04334939,0.9986685,0,0.195,5.52603,target_0,0.82377,
958.8538,-0.0567129,0.07706145,3.543008,-2.47583,1.744505,1.482,0.03041423,0.0431981,0.9986035,0,0.195,5.543008,target_0,0.9059024,
958.8701,-0.05754216,0.07500013,3.560392,-2.551605,1.891859,1.513104,0.03298044,0.04451937,0.998464,0,0.195,5.560392,target_0,0.9136455,
958.8871,-0.05863412,0.072678,3.577426,-2.703888,2.056133,1.558205,0.03583864,0.04717421,0.9982436,0,0.195,5.577426,target_0,0.8789325,
958.9028,-0.0600725,0.06991413,3.594405,-2.892212,2.235521,1.603327,0.03895761,0.05045695,0.9979661,0,0.195,5.594405,target_0,0.8566085,
958.921,-0.061538,0.06673054,3.611596,-3.032349,2.452329,1.614635,0.04272824,0.05289999,0.9976853,0,0.195,5.611596,target_0,0.9371173,
958.9365,-0.06345697,0.0628268,3.62855,-2.998749,2.674655,1.568342,0.04660069,0.05231417,0.9975428,0,0.195,5.62855,target_0,1.158258,
958.954,-0.06537572,0.05909112,3.645535,-3.033844,2.897146,1.526312,0.05047235,0.05292556,0.9973221,0,0.195,5.645535,target_0,1.331045,
958.9703,-0.06743702,0.05532311,3.662685,-2.884674,3.138847,1.552364,0.05468643,0.05032581,0.9972345,0,0.195,5.662685,MixedRealityCamera,1.637336,
958.9871,-0.0698119,0.05248245,3.679521,-2.849457,3.3731,1.576916,0.05876496,0.04971216,0.9970333,0,0.195,5.679521,MixedRealityCamera,1.83824,
959.0032,-0.07284905,0.05008508,3.696596,-3.07193,3.510062,1.580372,0.06113586,0.05358966,0.9966898,0,0.195,5.696596,MixedRealityCamera,1.778723,
959.0206,-0.07600372,0.0486155,3.713878,-3.360413,3.576642,1.580494,0.06227639,0.05861643,0.9963362,0,0.195,5.713878,MixedRealityCamera,1.621482,
959.037,-0.07954265,0.04730847,3.730977,-3.466064,3.59781,1.576572,0.06263757,0.06045714,0.9962035,0,0.195,5.730977,MixedRealityCamera,1.517751,
959.054,-0.08298888,0.04823899,3.747972,-3.220032,3.612684,1.515511,0.06291198,0.05617038,0.9964371,0,0.195,5.747972,MixedRealityCamera,1.571594,
959.0707,-0.08647371,0.05079724,3.764697,-3.342987,3.60458,1.421608,0.06276332,0.05831301,0.9963234,0,0.195,5.764697,target_0,1.36845,
959.0884,-0.08979546,0.05175932,3.781095,-3.10968,3.566159,1.526953,0.06210945,0.05424725,0.996594,0,0.195,5.781095,target_0,1.397458,
959.103,-0.09352213,0.05274468,3.797163,-2.404663,3.530952,1.551151,0.06153351,0.04195674,0.9972228,0,0.195,5.797163,MixedRealityCamera,1.865506,
959.1204,-0.0968326,0.05659537,3.813428,-2.443756,3.483395,1.599746,0.06070402,0.04263863,0.9972447,0,0.195,5.813428,MixedRealityCamera,1.668943,
959.137,-0.1005334,0.06166688,3.829803,-2.824677,3.439694,1.539353,0.05992503,0.04928007,0.9969857,0,0.195,5.829803,target_0,1.133151,
959.1537,-0.1038293,0.06578203,3.846262,-3.597717,3.331056,1.604214,0.05799064,0.0627509,0.996343,0,0.195,5.846262,target_0,0.3706227,
959.1705,-0.1072319,0.06645289,3.862741,-4.030273,3.127647,1.856861,0.05442571,0.07028352,0.9960412,0,0.195,5.862741,target_0,0.3631561,
959.187,-0.1103628,0.06609355,3.879287,-3.956757,2.930304,2.078529,0.05099931,0.06900338,0.996312,0,0.195,5.879287,target_0,0.3560827,
959.2026,-0.1131968,0.06751388,3.896098,-4.200623,2.795244,2.202252,0.04863586,0.0732488,0.9961271,0,0.195,5.896098,target_0,0.7135413,
959.2205,-0.115621,0.07010221,3.912994,-4.401917,2.68212,2.193485,0.0466567,0.07675236,0.995958,0,0.195,5.912994,target_0,1.042489,
959.2371,-0.117898,0.07182997,3.929747,-4.196503,2.549614,2.239974,0.0443652,0.07317756,0.9963316,0,0.195,5.929747,target_0,1.065694,
959.2538,-0.1200969,0.07260203,3.946507,-3.720764,2.422762,2.459332,0.04218347,0.06489414,0.9970002,0,0.195,5.946507,target_0,1.036465,
959.2701,-0.1220503,0.07335486,3.962996,-3.1651,2.336218,2.650079,0.04070123,0.0552133,0.9976447,0,0.195,5.962996,target_0,1.194521,
959.2859,-0.1236039,0.07419138,3.978905,-2.467133,2.344811,2.742554,0.04087533,0.04304637,0.9982365,0,0.195,5.978905,MixedRealityCamera,1.54345,
959.3049,-0.1251131,0.07478896,3.995191,-1.954498,2.434682,2.710593,0.04245571,0.03410605,0.998516,0,0.195,5.995191,MixedRealityCamera,1.869174,
959.3207,-0.1263617,0.07502232,4.011023,-1.544312,2.611746,2.598793,0.04555122,0.0269501,0.9985984,0,0.195,6.011023,MixedRealityCamera,2.132307,
959.3362,-0.1276872,0.07484036,4.02708,-1.344666,2.833567,2.416967,0.04942131,0.0234666,0.9985023,0,0.195,6.02708,MixedRealityCamera,2.241405,
959.3534,-0.1289589,0.07440334,4.043066,-1.245239,3.063537,2.220465,0.05343071,0.02173159,0.9983351,0,0.195,6.043066,MixedRealityCamera,2.285504,
959.3698,-0.1302156,0.07347207,4.059231,-1.17395,3.281478,2.117204,0.05722928,0.02048772,0.9981508,0,0.195,6.059231,MixedRealityCamera,2.338248,
959.3856,-0.1314291,0.07217672,4.075197,-1.149506,3.456872,2.043926,0.06028506,0.02006139,0.9979796,0,0.195,6.075197,MixedRealityCamera,2.376523,
959.4036,-0.1326863,0.07061766,4.091231,-1.241241,3.619365,1.963408,0.06311302,0.02166212,0.9977713,0,0.195,6.091231,MixedRealityCamera,2.316382,
959.4198,-0.1338398,0.06872088,4.107529,-1.387878,3.755485,1.851364,0.06547944,0.0242205,0.9975599,0,0.195,6.107529,MixedRealityCamera,2.218056,
959.4368,-0.1349214,0.06677982,4.123677,-1.541901,3.875458,1.694545,0.06756347,0.02690796,0.9973521,0,0.195,6.123677,MixedRealityCamera,2.118125,
959.4534,-0.1360399,0.06471652,4.140338,-1.739105,4.006719,1.537864,0.06984127,0.03034835,0.9970964,0,0.195,6.140338,MixedRealityCamera,1.982779,
959.4698,-0.1370155,0.06255583,4.157039,-1.946289,4.120306,1.39665,0.07180949,0.03396235,0.99684,0,0.195,6.157039,MixedRealityCamera,1.844405,
959.4859,-0.137991,0.05995481,4.173695,-2.103363,4.188389,1.30898,0.07298688,0.03670217,0.9966574,0,0.195,6.173695,MixedRealityCamera,1.766911,
959.503,-0.13875,0.05693533,4.190722,-2.246216,4.226756,1.314018,0.07364728,0.03919379,0.9965139,0,0.195,6.190722,MixedRealityCamera,1.712922,
959.52,-0.1394359,0.05362945,4.207735,-2.366333,4.229896,1.354691,0.07369568,0.04128832,0.9964257,0,0.195,6.207735,MixedRealityCamera,1.684582,
959.5363,-0.1398861,0.05000943,4.225342,-2.472046,4.237128,1.406304,0.0738157,0.04313205,0.9963387,0,0.195,6.225342,MixedRealityCamera,1.680977,
959.5528,-0.1403129,0.04693337,4.242426,-2.480103,4.199335,1.438453,0.07315804,0.04327231,0.9963812,0,0.195,6.242426,MixedRealityCamera,1.75357,
959.5693,-0.1406478,0.04461191,4.260012,-2.507721,4.152266,1.364176,0.07233795,0.04375377,0.99642,0,0.195,6.260012,MixedRealityCamera,1.786627,
959.5855,-0.1410969,0.04328538,4.277475,-2.576843,4.068628,1.243224,0.07087956,0.04495901,0.9964712,0,0.195,6.277475,MixedRealityCamera,1.750777,
959.6033,-0.1414507,0.04231036,4.295386,-2.68866,3.923188,1.242284,0.06834374,0.04690866,0.9965584,0,0.195,6.295386,MixedRealityCamera,1.670818,
959.6197,-0.1417613,0.04212098,4.312915,-2.769165,3.716861,1.403437,0.06475026,0.04831221,0.9967313,0,0.195,6.312915,MixedRealityCamera,1.626423,
959.6362,-0.1419145,0.04307796,4.330517,-2.718567,3.47489,1.668309,0.06054289,0.04743003,0.9970381,0,0.195,6.330517,MixedRealityCamera,1.716346,
959.6531,-0.1421687,0.04629933,4.348189,-2.754883,3.246472,1.862313,0.05656587,0.04806325,0.9972413,0,0.195,6.348189,MixedRealityCamera,1.696736,
959.6703,-0.1423645,0.04953757,4.366099,-3.237244,3.064015,1.799469,0.05336637,0.05647028,0.996977,0,0.195,6.366099,target_0,1.357539,
959.6858,-0.1426126,0.05139961,4.383139,-3.172211,2.994943,1.631806,0.05216775,0.05533711,0.997104,0,0.195,6.383139,MixedRealityCamera,1.422716,
959.7028,-0.1429303,0.05373729,4.399685,-2.970093,2.982947,1.366695,0.05196884,0.0518147,0.9973036,0,0.195,6.399685,MixedRealityCamera,1.529567,
959.7198,-0.1435822,0.05813695,4.416277,-3.212616,2.99915,1.103191,0.05223891,0.05604146,0.9970609,0,0.195,6.416277,target_0,1.304013,
959.7367,-0.1444095,0.06313722,4.432963,-3.80011,2.981778,1.013086,0.05190399,0.06627589,0.9964504,0,0.195,6.432963,target_0,1.146201,
959.7527,-0.1454224,0.06641307,4.449201,-4.668701,2.899623,1.013905,0.05041852,0.08139393,0.995406,0,0.195,6.449201,MixedRealityCamera,1.604984,
959.7698,-0.1466444,0.06723951,4.465688,-4.988556,2.830478,1.093148,0.04919402,0.08695682,0.9949967,0,0.195,6.465688,MixedRealityCamera,1.911005,
959.7855,-0.1482487,0.06855318,4.481497,-5.192627,2.786029,0.969136,0.04840675,0.0905043,0.9947189,0,0.195,6.481497,MixedRealityCamera,2.147216,
959.8032,-0.1501099,0.07070283,4.498126,-5.676239,2.74656,0.7723059,0.04768319,0.09890733,0.9939535,0,0.195,6.498126,MixedRealityCamera,2.628603,
959.8191,-0.1521707,0.07298432,4.514223,-5.877899,2.734001,0.5468395,0.04744843,0.1024086,0.9936101,0,0.195,6.514223,MixedRealityCamera,2.888189,
959.8365,-0.1543165,0.07479848,4.530761,-5.975555,2.745984,0.2237793,0.0476478,0.104104,0.9934244,0,0.195,6.530761,MixedRealityCamera,3.039828,
959.8528,-0.1567846,0.07651817,4.547143,-5.903564,2.74848,-0.02316284,0.04769731,0.1028543,0.9935522,0,0.195,6.547143,MixedRealityCamera,3.058575,
959.8699,-0.1592472,0.07806104,4.5633,-5.615906,2.735553,-0.081604,0.04749721,0.09785941,0.9940662,0,0.195,6.5633,MixedRealityCamera,2.912016,
959.8852,-0.1618756,0.0796667,4.579596,-5.36554,2.738812,-0.0171814,0.04757373,0.0935097,0.9944811,0,0.195,6.579596,MixedRealityCamera,2.802607,
959.903,-0.1642689,0.08012799,4.595559,-4.965912,2.773828,0.1774384,0.04821187,0.08656301,0.9950791,0,0.195,6.595559,MixedRealityCamera,2.555046,
959.9196,-0.1665826,0.07971945,4.611698,-4.527039,2.904519,0.3965394,0.05051363,0.07892937,0.9955996,0,0.195,6.611698,MixedRealityCamera,2.228795,
959.9359,-0.1687276,0.07896594,4.627879,-4.187775,3.091164,0.5724477,0.05378085,0.07302528,0.995879,0,0.195,6.627879,MixedRealityCamera,1.938156,
959.9532,-0.1709114,0.07785506,4.64407,-3.969482,3.326691,0.6867108,0.05788988,0.06922534,0.99592,0,0.195,6.64407,MixedRealityCamera,1.677131,
959.97,-0.1730151,0.07632124,4.660139,-3.736816,3.599726,0.7406831,0.06265225,0.06517365,0.9959052,0,0.195,6.660139,target_0,1.387762,
959.9854,-0.1752781,0.07423942,4.67623,-3.485443,3.86609,0.7710278,0.06730009,0.06079504,0.9958788,0,0.195,6.67623,target_0,1.141067,
960.0029,-0.1777157,0.07207825,4.692572,-3.307739,4.109216,0.7546696,0.07153851,0.0576987,0.9957676,0,0.195,6.692572,target_0,0.9865541,
960.0194,-0.1803892,0.06966527,4.708968,-3.212128,4.295793,0.7227036,0.07478783,0.05603283,0.995624,0,0.195,6.708968,target_0,0.9287274,
960.0359,-0.18316,0.06741762,4.725398,-3.258636,4.485024,0.6797566,0.07807208,0.0568433,0.9953259,0,0.195,6.725398,target_0,0.8355626,
960.0538,-0.1860133,0.06506161,4.741943,-3.435608,4.664188,0.6585331,0.08116941,0.0599269,0.9948971,0,0.195,6.741943,target_0,0.7002546,
960.0693,-0.1889347,0.06271374,4.758711,-3.69989,4.826385,0.5921698,0.08396136,0.06453055,0.9943773,0,0.195,6.758711,target_0,0.5733491,
960.0856,-0.1922632,0.05980831,4.775876,-4.008209,4.988576,0.4745696,0.08674443,0.06989933,0.9937754,0,0.195,6.775876,target_0,0.5260038,
960.1029,-0.1956566,0.05673772,4.792715,-4.419189,5.147697,0.3636507,0.0894567,0.07705306,0.9930057,0,0.195,6.792715,target_0,0.6528208,
960.1194,-0.1992299,0.05242626,4.809739,-4.58017,5.30733,0.2794783,0.0922026,0.07985405,0.9925331,0,0.195,6.809739,target_0,0.646193,
960.1362,-0.2028261,0.04879291,4.826276,-4.457611,5.484724,0.2372781,0.09529124,0.07772136,0.9924107,0,0.195,6.826276,target_0,0.4261257,
960.1525,-0.2064599,0.04590271,4.843176,-4.408325,5.694471,0.2266533,0.09893018,0.07686416,0.9921213,0,0.195,6.843176,target_0,0.2601963,
960.1693,-0.2101382,0.04361057,4.859672,-4.348969,5.940737,0.1337621,0.1032017,0.07583101,0.9917656,0,0.195,6.859672,target_0,0.07401875,
960.1855,-0.2139708,0.04118418,4.876446,-4.21814,6.171883,-0.04425049,0.1072203,0.07355403,0.9915107,0,0.195,6.876446,target_0,0.1690205,
960.2024,-0.2181343,0.04021225,4.893184,-3.910889,6.366119,-0.2286682,0.1106231,0.06820466,0.9915194,0,0.195,6.893184,target_0,0.5089886,
960.2194,-0.2221811,0.04150105,4.909844,-3.801208,6.502256,-0.2944946,0.1129932,0.06629483,0.9913816,0,0.195,6.909844,target_0,0.5841681,
960.2357,-0.2259716,0.04359728,4.926668,-4.084442,6.616082,-0.1577148,0.1149233,0.07122656,0.9908175,0,0.195,6.926668,target_0,0.2762456,
960.2529,-0.2296421,0.04492905,4.94301,-3.752167,6.732514,-0.01577759,0.116983,0.06544061,0.9909755,0,0.195,6.94301,target_0,0.5421248,
960.2694,-0.2334665,0.04791649,4.959255,-3.451813,6.879086,-0.03408813,0.1195572,0.06020913,0.991,0,0.195,6.959255,target_0,0.758472,
960.285,-0.2370296,0.05350945,4.975426,-3.314484,7.046385,-0.1856995,0.1224677,0.05781623,0.990787,0,0.195,6.975426,target_0,0.7602757,
960.3026,-0.240675,0.06092409,4.99143,-3.783386,7.173643,-0.3537292,0.1246047,0.06598433,0.99001,0,0.195,6.99143,target_0,0.3121605,
960.3197,-0.2439967,0.06553365,5.007634,-4.481873,7.208162,-0.2799377,0.1250909,0.07814383,0.9890631,0,0.195,7.007634,target_0,0.8437192,
960.3364,-0.2471861,0.06693899,5.023335,-4.488922,7.207934,-0.002540673,0.1250857,0.07826641,0.9890541,0,0.195,7.023335,target_0,0.8677295,
960.3523,-0.2498598,0.06754123,5.039062,-4.223755,7.291678,0.05809487,0.1265758,0.07365151,0.9892189,0,0.195,7.039062,target_0,0.629007,
960.3689,-0.2524685,0.07049893,5.055037,-4.436401,7.499828,0.05402435,0.1301321,0.0773527,0.9884747,0,0.195,7.055037,target_0,0.9524438,
960.3853,-0.2544938,0.07391963,5.071266,-5.042877,7.707069,0.03043643,0.1335894,0.08790121,0.9871308,0,0.195,7.071266,MixedRealityCamera,1.669178,
960.4022,-0.2566691,0.07666468,5.087359,-5.328491,7.830009,0.1226008,0.1356458,0.09286558,0.9863955,0,0.195,7.087359,MixedRealityCamera,2.036151,
960.4191,-0.2584969,0.07841025,5.103508,-5.368286,7.865639,0.3703899,0.1362503,0.09355719,0.9862469,0,0.195,7.103508,MixedRealityCamera,2.119141,
960.4357,-0.260201,0.08004797,5.119317,-5.240814,7.848004,0.6611767,0.1359748,0.09134199,0.9864925,0,0.195,7.119317,MixedRealityCamera,2.025744,
960.452,-0.2616881,0.08125398,5.13498,-4.821777,7.870591,0.834248,0.1364515,0.08405674,0.9870742,0,0.195,7.13498,MixedRealityCamera,1.647345,
960.4691,-0.2630727,0.08230451,5.150493,-4.39798,7.940914,0.8945985,0.137745,0.07668396,0.9874948,0,0.195,7.150493,target_0,1.280694,
960.4846,-0.2643562,0.08225483,5.165943,-3.940521,8.03044,0.8378081,0.139369,0.068721,0.9878531,0,0.195,7.165943,target_0,0.8941622,
960.5024,-0.2656277,0.0817422,5.181013,-3.54126,8.105656,0.7424992,0.1407297,0.06176733,0.9881194,0,0.195,7.181013,target_0,0.6311808,
960.5189,-0.2668335,0.08084185,5.196629,-3.256805,8.154991,0.6680065,0.1416223,0.05681113,0.9882892,0,0.195,7.196629,target_0,0.555319,
