#NEXT_T0_EU_PW_B3_C4_S204_0214164051
Timestamp,HeadPositionX,HeadPositionY,HeadPositionZ,HeadRotationX,HeadRotationY,HeadRotationZ,HeadForwardX,HeadForwardY,HeadForwardZ,TargetPositionX,TargetPositionY,TargetPositionZ,TargetEntered,TargetAngularDistance
1065.43,0.1141067,0.09238601,0.07439238,0.4708679,-0.5641174,0.7782272,-0.009845066,-0.008218102,0.9999177,0,0.195,2.074392,DwellButton,4.344289,
1065.448,0.1137313,0.09240811,0.07469419,0.4785595,-0.618988,0.7827129,-0.01080257,-0.008352341,0.9999068,0,0.195,2.074694,MixedRealityCamera,4.309526,
1065.463,0.1134323,0.09238467,0.07500287,0.4945268,-0.6414795,0.8132607,-0.01119502,-0.008631013,0.9999001,0,0.195,2.075003,MixedRealityCamera,4.303887,
1065.481,0.1131123,0.09238693,0.07531317,0.4898542,-0.6678467,0.8380245,-0.01165545,-0.008549465,0.9998955,0,0.195,2.075313,MixedRealityCamera,4.278739,
1065.497,0.1128431,0.09237508,0.07566272,0.4802203,-0.6651611,0.8846771,-0.01160883,-0.008381328,0.9998975,0,0.195,2.075663,MixedRealityCamera,4.268291,
1065.514,0.1125598,0.09240116,0.07598759,0.5039904,-0.6650085,0.9303299,-0.01160604,-0.008796179,0.999894,0,0.195,2.075988,MixedRealityCamera,4.281988,
1065.531,0.112277,0.09236667,0.07635166,0.5084316,-0.663147,0.9645226,-0.01157365,-0.008873688,0.9998937,0,0.195,2.076352,MixedRealityCamera,4.282674,
1065.548,0.112038,0.09236795,0.07673538,0.505515,-0.6545715,0.9805027,-0.01142388,-0.008822786,0.9998958,0,0.195,2.076735,MixedRealityCamera,4.281394,
1065.563,0.1117083,0.09240477,0.07717595,0.473016,-0.6550293,0.9713592,-0.01143199,-0.008255593,0.9999006,0,0.195,2.077176,MixedRealityCamera,4.24856,
1065.581,0.1113433,0.09243122,0.07758722,0.4562892,-0.6611938,0.949342,-0.01153957,-0.007963666,0.9999017,0,0.195,2.077587,MixedRealityCamera,4.224614,
1065.598,0.111005,0.09236957,0.07802956,0.4810912,-0.6828308,0.9906324,-0.01191699,-0.008396526,0.9998937,0,0.195,2.07803,MixedRealityCamera,4.227488,
1065.614,0.110636,0.09233527,0.07842143,0.5407329,-0.7036743,1.01997,-0.01228057,-0.00943743,0.9998801,0,0.195,2.078421,MixedRealityCamera,4.25846,
1065.631,0.1102435,0.09223071,0.07882658,0.5974928,-0.7174988,1.040893,-0.01252151,-0.01042803,0.9998672,0,0.195,2.078827,MixedRealityCamera,4.293134,
1065.648,0.1097973,0.09213672,0.07927309,0.6554202,-0.7448425,1.037088,-0.01299889,-0.01143899,0.9998501,0,0.195,2.079273,MixedRealityCamera,4.320782,
1065.663,0.1093386,0.09203914,0.07973523,0.690201,-0.7530212,1.03493,-0.01314116,-0.01204599,0.9998411,0,0.195,2.079735,MixedRealityCamera,4.340456,
1065.68,0.1088859,0.09196442,0.08019938,0.7150646,-0.7813416,1.057613,-0.01363527,-0.01247991,0.9998292,0,0.195,2.080199,MixedRealityCamera,4.340771,
1065.697,0.1084009,0.09187061,0.08073741,0.72641,-0.8200378,1.089803,-0.01431074,-0.01267791,0.9998172,0,0.195,2.080737,MixedRealityCamera,4.324724,
1065.714,0.1078791,0.09182691,0.08128618,0.7287566,-0.8493042,1.098059,-0.01482144,-0.01271886,0.9998093,0,0.195,2.081286,MixedRealityCamera,4.304751,
1065.731,0.1073317,0.09177968,0.08187309,0.7591059,-0.8827515,1.093672,-0.01540481,-0.01324851,0.9997936,0,0.195,2.081873,MixedRealityCamera,4.306662,
1065.748,0.1067392,0.09179393,0.08245045,0.8126662,-0.898407,1.066378,-0.01567782,-0.01418322,0.9997765,0,0.195,2.08245,MixedRealityCamera,4.336348,
1065.763,0.106104,0.09177007,0.0831003,0.8648224,-0.912384,1.063093,-0.01592143,-0.01509343,0.9997593,0,0.195,2.0831,MixedRealityCamera,4.366639,
1065.78,0.1054122,0.09179576,0.0837753,0.8897627,-0.9335938,1.055377,-0.01629145,-0.01552866,0.9997467,0,0.195,2.083775,MixedRealityCamera,4.368119,
1065.797,0.1045823,0.0918871,0.08458295,0.8329267,-0.9510803,1.052087,-0.0165971,-0.0145368,0.9997566,0,0.195,2.084583,MixedRealityCamera,4.296281,
1065.814,0.1037069,0.09204832,0.08545578,0.7291127,-0.9839172,1.048677,-0.01717028,-0.01272507,0.9997716,0,0.195,2.085456,MixedRealityCamera,4.173543,
1065.83,0.1026779,0.09225763,0.08644046,0.5888081,-1.024384,1.058168,-0.01787709,-0.01027646,0.9997874,0,0.195,2.086441,MixedRealityCamera,4.011612,
1065.847,0.1015361,0.09254932,0.08751589,0.429149,-1.078308,1.095278,-0.01881822,-0.007489993,0.9997948,0,0.195,2.087516,MixedRealityCamera,3.82285,
1065.863,0.1001995,0.09280396,0.08865382,0.2356489,-1.160614,1.121202,-0.02025473,-0.004112838,0.9997864,0,0.195,2.088654,MixedRealityCamera,3.588942,
1065.88,0.09871018,0.09286849,0.08981138,0.07648197,-1.275696,1.13554,-0.02226343,-0.001334862,0.9997513,0,0.195,2.089811,MixedRealityCamera,3.373013,
1065.897,0.09706792,0.09276287,0.09104574,-0.009216309,-1.408813,1.159469,-0.02458607,0.0001608216,0.9996977,0,0.195,2.091046,MixedRealityCamera,3.219357,
1065.914,0.09526858,0.09270506,0.09235997,-0.1202698,-1.554901,1.192734,-0.02713498,0.002099094,0.9996296,0,0.195,2.09236,MixedRealityCamera,3.039442,
1065.93,0.09340338,0.09271361,0.09376033,-0.2381897,-1.716797,1.246924,-0.02995927,0.004157357,0.9995425,0,0.195,2.09376,MixedRealityCamera,2.85156,
1065.948,0.09142958,0.09276141,0.09524232,-0.34198,-1.8862,1.276993,-0.03291379,0.005968696,0.9994404,0,0.195,2.095242,MixedRealityCamera,2.68285,
1065.964,0.08940758,0.09280889,0.09676291,-0.3881226,-2.024445,1.311073,-0.03532504,0.006774031,0.9993529,0,0.195,2.096763,MixedRealityCamera,2.589819,
1065.981,0.08742006,0.09288714,0.09834114,-0.4003906,-2.139618,1.306139,-0.03733391,0.006987891,0.9992784,0,0.195,2.098341,MixedRealityCamera,2.545682,
1065.997,0.08530135,0.09298768,0.1000438,-0.4344177,-2.232361,1.2879,-0.03895108,0.007581935,0.9992123,0,0.195,2.100044,MixedRealityCamera,2.491672,
1066.014,0.08317576,0.09310555,0.1018651,-0.4892273,-2.309387,1.267369,-0.04029389,0.008538704,0.9991514,0,0.195,2.101865,MixedRealityCamera,2.425757,
1066.03,0.08106179,0.09322565,0.1037118,-0.5774536,-2.344757,1.239006,-0.04091049,0.01007843,0.999112,0,0.195,2.103712,MixedRealityCamera,2.333388,
1066.046,0.07877757,0.09332291,0.1059731,-0.7548828,-2.294983,1.141797,-0.04004066,0.01317455,0.9991112,0,0.195,2.105973,MixedRealityCamera,2.153587,
1066.064,0.0765678,0.09337952,0.1082672,-0.9354553,-2.204163,1.048856,-0.03845514,0.016326,0.999127,0,0.195,2.108267,MixedRealityCamera,1.971197,
1066.08,0.07433864,0.09338126,0.1106596,-1.134979,-2.098206,0.9723129,-0.03660532,0.01980785,0.9991335,0,0.195,2.11066,MixedRealityCamera,1.771888,
1066.097,0.07199894,0.09333205,0.1131828,-1.326721,-1.99057,0.8958425,-0.0347257,0.02315352,0.9991286,0,0.195,2.113183,MixedRealityCamera,1.583009,
1066.114,0.06953131,0.09322486,0.1157859,-1.46347,-1.865112,0.8270612,-0.03253625,0.02553977,0.9991442,0,0.195,2.115786,MixedRealityCamera,1.453469,
1066.13,0.06698912,0.09321078,0.1185782,-1.636047,-1.759705,0.7351726,-0.0306952,0.02855031,0.999121,0,0.195,2.118578,target_0,1.285879,
1066.147,0.06423837,0.0932968,0.1215382,-1.84436,-1.634583,0.6223146,-0.02851032,0.03218473,0.9990752,0,0.195,2.121538,target_0,1.084623,
1066.163,0.06140237,0.09328823,0.1246555,-2.043976,-1.554993,0.548848,-0.02711914,0.03566666,0.9989957,0,0.195,2.124655,target_0,0.8893346,
1066.18,0.05842296,0.09307507,0.1278953,-2.220459,-1.493774,0.485613,-0.02604872,0.03874465,0.9989096,0,0.195,2.127895,target_0,0.7184606,
1066.197,0.05523312,0.09257334,0.1313205,-2.335052,-1.458252,0.4382779,-0.02542737,0.04074286,0.9988461,0,0.195,2.13132,target_0,0.6084505,
1066.214,0.05209763,0.09180113,0.1348518,-2.442657,-1.43454,0.3976609,-0.02501214,0.0426195,0.9987782,0,0.195,2.134852,target_0,0.5128186,
1066.23,0.04894166,0.09080055,0.138619,-2.573975,-1.400696,0.3404451,-0.02441965,0.04490902,0.9986926,0,0.195,2.138619,target_0,0.4073442,
1066.247,0.04579811,0.08965196,0.1425682,-2.759277,-1.363861,0.289411,-0.02377394,0.04813983,0.9985576,0,0.195,2.142568,target_0,0.2609472,
1066.263,0.0426735,0.08832577,0.146735,-2.8909,-1.349426,0.2882301,-0.02351971,0.05043428,0.9984504,0,0.195,2.146735,target_0,0.2055842,
1066.28,0.03985255,0.08717635,0.151047,-2.889526,-1.336823,0.3692428,-0.02330004,0.05041037,0.9984568,0,0.195,2.151047,target_0,0.276953,
1066.297,0.03713959,0.08667459,0.1557017,-2.936188,-1.32074,0.5049171,-0.02301873,0.05122359,0.9984219,0,0.195,2.155702,target_0,0.3045456,
1066.313,0.03470665,0.08609103,0.1605659,-3.028351,-1.308685,0.6932552,-0.0228071,0.05282982,0.9983431,0,0.195,2.160566,target_0,0.3256589,
1066.33,0.03240834,0.08527668,0.16565,-2.924591,-1.307068,0.8555229,-0.02278102,0.05102181,0.9984377,0,0.195,2.16565,target_0,0.4352126,
1066.346,0.03046535,0.08473878,0.1709948,-2.843567,-1.286987,1.038111,-0.02243271,0.04960901,0.9985167,0,0.195,2.170995,target_0,0.518133,
1066.363,0.02867791,0.08452014,0.1767049,-2.74884,-1.23703,1.208729,-0.02156394,0.04795787,0.9986166,0,0.195,2.176705,target_0,0.5851721,
1066.381,0.02729265,0.08442874,0.1825886,-2.672638,-1.176971,1.380498,-0.0205181,0.04662967,0.9987015,0,0.195,2.182589,target_0,0.63025,
1066.396,0.02596804,0.08413783,0.1889451,-2.560486,-1.128662,1.520051,-0.019678,0.04467397,0.9988078,0,0.195,2.188945,target_0,0.7228051,
1066.413,0.02466466,0.08379959,0.1951273,-2.439087,-1.08963,1.609367,-0.01899921,0.04255721,0.9989133,0,0.195,2.195127,target_0,0.8357967,
1066.43,0.02372884,0.08343229,0.2023298,-2.322845,-1.037903,1.571155,-0.01809892,0.04053018,0.9990144,0,0.195,2.20233,target_0,0.9404523,
1066.446,0.02284755,0.08270228,0.2094971,-2.222137,-0.9968567,1.472082,-0.01738464,0.03877394,0.9990968,0,0.195,2.209497,target_0,1.048665,
1066.463,0.02200052,0.08161645,0.2170758,-2.179504,-0.9397278,1.339659,-0.0163886,0.03803045,0.9991422,0,0.195,2.217076,target_0,1.108888,
1066.48,0.0213187,0.08043705,0.2248564,-2.24588,-0.8927917,1.209055,-0.01556968,0.03918787,0.9991106,0,0.195,2.224856,target_0,1.070092,
1066.498,0.02065052,0.07920146,0.2332408,-2.362335,-0.8721619,1.105344,-0.0152088,0.04121871,0.9990344,0,0.195,2.233241,target_0,0.9915005,
1066.513,0.02016777,0.07790099,0.2417774,-2.480164,-0.848053,1.060897,-0.0147869,0.04327358,0.9989538,0,0.195,2.241777,target_0,0.9115012,
1066.53,0.01984294,0.07636102,0.2507619,-2.55542,-0.8134766,1.088049,-0.01418336,0.04458595,0.9989049,0,0.195,2.250762,target_0,0.8740209,
1066.546,0.01980442,0.07469961,0.2598538,-2.566223,-0.7385254,1.152534,-0.01287628,0.04477397,0.9989142,0,0.195,2.259854,target_0,0.8921905,
1066.563,0.02001704,0.07292394,0.2694591,-2.546143,-0.647583,1.240555,-0.01129101,0.0444241,0.9989489,0,0.195,2.269459,target_0,0.9495632,
1066.579,0.02046347,0.07128951,0.2791759,-2.513733,-0.5356445,1.362907,-0.009339446,0.04385865,0.9989941,0,0.195,2.279176,target_0,1.026792,
1066.597,0.02106386,0.06956872,0.289353,-2.467499,-0.4194641,1.466946,-0.007314096,0.04305283,0.999046,0,0.195,2.289353,target_0,1.135911,
1066.613,0.02187013,0.06781383,0.2995968,-2.325653,-0.2969055,1.581668,-0.005177652,0.040579,0.9991629,0,0.195,2.299597,target_0,1.353352,
1066.63,0.02273272,0.06604891,0.3100944,-2.130951,-0.2109375,1.667618,-0.003678937,0.03718368,0.9993017,0,0.195,2.310094,MixedRealityCamera,1.618825,
1066.646,0.02381278,0.06433213,0.3208002,-1.885773,-0.1459656,1.760696,-0.002546161,0.03290721,0.9994552,0,0.195,2.3208,MixedRealityCamera,1.927931,
1066.664,0.02516736,0.06280397,0.3318799,-1.697876,-0.09564209,1.874595,-0.001668551,0.02962939,0.9995596,0,0.195,2.33188,MixedRealityCamera,2.175109,
1066.68,0.02658421,0.06175409,0.3429627,-1.667816,-0.05752563,1.931476,-0.00100369,0.02910492,0.9995759,0,0.195,2.342963,MixedRealityCamera,2.255853,
1066.696,0.02824675,0.06098798,0.3548039,-1.815735,-0.0218811,1.92281,-0.0003818863,0.03168526,0.9994978,0,0.195,2.354804,MixedRealityCamera,2.165098,
1066.713,0.02994064,0.06056154,0.3665997,-2.019836,0.01575458,1.852246,0.0002747985,0.03524539,0.9993786,0,0.195,2.3666,MixedRealityCamera,2.02294,
1066.73,0.03182281,0.06020724,0.378827,-2.203278,0.04151953,1.776545,0.0007241168,0.03844494,0.9992605,0,0.195,2.378827,MixedRealityCamera,1.906289,
1066.745,0.03376001,0.06012558,0.3909593,-2.315399,0.0539653,1.720362,0.0009411031,0.04040024,0.9991831,0,0.195,2.390959,MixedRealityCamera,1.848539,
1066.763,0.03598641,0.06001296,0.4035643,-2.359863,0.07269698,1.653006,0.001267725,0.04117597,0.9991511,0,0.195,2.403564,MixedRealityCamera,1.86183,
1066.78,0.03827479,0.06023964,0.4159423,-2.349945,0.08195703,1.553547,0.001429217,0.0410028,0.999158,0,0.195,2.415942,MixedRealityCamera,1.909469,
1066.796,0.04073282,0.06082199,0.4290554,-2.28775,0.09767078,1.340061,0.001703317,0.03991802,0.9992015,0,0.195,2.429055,MixedRealityCamera,1.998901,
1066.813,0.04300246,0.06253251,0.4419944,-2.301758,0.07433589,1.053488,0.001296359,0.04016227,0.9991924,0,0.195,2.441994,MixedRealityCamera,1.977541,
1066.83,0.04530731,0.06440115,0.4555142,-2.627167,0.00766736,0.7521492,0.00013368,0.04583663,0.9989489,0,0.195,2.455514,MixedRealityCamera,1.710636,
1066.846,0.04745495,0.06591858,0.4687689,-2.682404,-0.04864502,0.4697837,-0.0008481662,0.0467996,0.9989039,0,0.195,2.468769,MixedRealityCamera,1.652564,
1066.863,0.04958746,0.06810161,0.4824657,-2.674591,-0.1217346,0.2146461,-0.002122189,0.04666332,0.9989084,0,0.195,2.482466,MixedRealityCamera,1.610219,
1066.879,0.05147221,0.07189975,0.4958752,-2.768982,-0.1886902,0.04369234,-0.003289542,0.04830882,0.998827,0,0.195,2.495875,MixedRealityCamera,1.487537,
1066.896,0.05338093,0.07597318,0.5097492,-3.087311,-0.2854004,-0.0255127,-0.004973939,0.05385748,0.9985362,0,0.195,2.509749,target_0,1.281611,
1066.912,0.05492172,0.07859668,0.5231229,-3.235443,-0.4162903,0.04021557,-0.007253882,0.05643897,0.9983797,0,0.195,2.523123,target_0,1.158765,
1066.93,0.05632222,0.08000302,0.5366051,-3.034882,-0.5658264,0.2196108,-0.009861579,0.05294415,0.9985488,0,0.195,2.536605,target_0,1.075928,
1066.945,0.0574554,0.0818751,0.5497414,-3.010681,-0.7308044,0.3317418,-0.01273704,0.05252216,0.9985386,0,0.195,2.549741,target_0,0.9406604,
1066.963,0.05809378,0.08352852,0.563342,-3.144165,-0.9584656,0.4927243,-0.01670228,0.05484832,0.998355,0,0.195,2.563342,target_0,0.7058211,
1066.979,0.0585041,0.08468595,0.5766015,-3.290894,-1.15033,0.5173272,-0.02004267,0.05740518,0.9981498,0,0.195,2.576602,target_0,0.5421248,
1066.996,0.05891591,0.08554388,0.5908754,-3.494171,-1.308868,0.4067277,-0.02279959,0.06094675,0.9978806,0,0.195,2.590875,target_0,0.5241405,
1067.013,0.05883322,0.08656111,0.6045066,-3.661133,-1.426971,0.2064571,-0.02485217,0.06385554,0.9976497,0,0.195,2.604506,target_0,0.615167,
1067.03,0.05879218,0.08768238,0.618666,-3.735596,-1.50061,-0.05215454,-0.02613187,0.0651521,0.9975331,0,0.195,2.618666,target_0,0.6898379,
1067.045,0.05828,0.08865312,0.6324785,-3.599213,-1.563843,-0.2825623,-0.02723707,0.06277677,0.9976559,0,0.195,2.632478,target_0,0.5661368,
1067.063,0.0578269,0.08939946,0.6466758,-3.298248,-1.644897,-0.3239746,-0.0286574,0.05753339,0.9979322,0,0.195,2.646676,target_0,0.2776587,
1067.079,0.05702668,0.09042478,0.6603681,-3.048737,-1.73877,-0.1740723,-0.03029956,0.05318557,0.9981248,0,0.195,2.660368,target_0,0.1186941,
1067.096,0.05629105,0.09120604,0.674921,-2.861969,-1.841675,0.1442657,-0.03209761,0.04992993,0.9982368,0,0.195,2.674921,target_0,0.2525642,
1067.113,0.05526559,0.09141263,0.688802,-2.61731,-1.915527,0.5766913,-0.0333913,0.04566485,0.9983986,0,0.195,2.688802,target_0,0.4801054,
1067.129,0.05440245,0.09102499,0.7030082,-2.363281,-1.912689,1.091018,-0.03334833,0.04123511,0.9985928,0,0.195,2.703008,target_0,0.7066523,
1067.145,0.05337535,0.0903824,0.7171661,-2.134583,-1.832581,1.627719,-0.03195683,0.03724682,0.998795,0,0.195,2.717166,target_0,0.910857,
1067.163,0.05244958,0.08952715,0.7319547,-2.042572,-1.708588,2.115631,-0.02979738,0.03564223,0.9989203,0,0.195,2.731955,target_0,0.9966185,
1067.18,0.05130732,0.08850718,0.7464173,-2.068939,-1.548035,2.55229,-0.02699761,0.03610222,0.9989834,0,0.195,2.746417,target_0,0.9809847,
1067.196,0.05007602,0.08727151,0.7619846,-2.182983,-1.353577,2.895546,-0.02360522,0.03809118,0.9989954,0,0.195,2.761985,target_0,0.9026566,
1067.213,0.04860641,0.08586918,0.7771327,-2.412872,-1.178528,3.166359,-0.02054949,0.04210034,0.998902,0,0.195,2.777133,target_0,0.7409853,
1067.23,0.04696942,0.08384234,0.7928268,-2.581848,-1.050781,3.367023,-0.01831996,0.04504649,0.9988169,0,0.195,2.792827,target_0,0.6667597,
1067.245,0.04489817,0.08162796,0.8084922,-2.685181,-0.9892883,3.506851,-0.01724626,0.04684794,0.9987531,0,0.195,2.808492,target_0,0.6324196,
1067.263,0.04257155,0.07923406,0.8245426,-2.750122,-0.9703369,3.617716,-0.0169155,0.04798009,0.998705,0,0.195,2.824543,target_0,0.614212,
1067.28,0.03995097,0.07676356,0.840219,-2.793304,-0.9840088,3.703154,-0.01715316,0.04873325,0.9986645,0,0.195,2.840219,target_0,0.6110179,
1067.296,0.03708987,0.07383934,0.856757,-2.852081,-1.012848,3.760909,-0.01765474,0.04975759,0.9986053,0,0.195,2.856757,target_0,0.6158028,
1067.313,0.0338766,0.07112397,0.8729261,-2.986084,-1.069733,3.778993,-0.01864405,0.05209314,0.9984682,0,0.195,2.872926,target_0,0.5664824,
1067.329,0.03036021,0.0685074,0.889272,-3.305298,-1.155762,3.836937,-0.02013711,0.05765647,0.9981334,0,0.195,2.889272,target_0,0.4233615,
1067.345,0.0263976,0.06525199,0.9057634,-3.474518,-1.267029,3.962739,-0.02207155,0.06060473,0.9979178,0,0.195,2.905763,target_0,0.5616257,
1067.363,0.022386,0.06247984,0.9222044,-3.494019,-1.363983,4.130379,-0.02375931,0.06094417,0.9978583,0,0.195,2.922204,target_0,0.7800927,
1067.379,0.01821486,0.06067824,0.9385833,-3.562927,-1.421631,4.286676,-0.02476162,0.06214465,0.9977599,0,0.195,2.938583,target_0,0.9400361,
1067.396,0.0141361,0.05925741,0.9551393,-3.59079,-1.428711,4.413161,-0.02488421,0.06262991,0.9977266,0,0.195,2.955139,target_0,1.0622,
1067.414,0.01007138,0.05854327,0.9714081,-3.544891,-1.39978,4.524401,-0.02438146,0.06183046,0.9977888,0,0.195,2.971408,target_0,1.165501,
1067.429,0.006178346,0.05866871,0.9878815,-3.389923,-1.338898,4.580546,-0.02332513,0.05913076,0.9979777,0,0.195,2.987882,target_0,1.266559,
1067.445,0.002167517,0.06058656,1.004357,-3.161407,-1.209808,4.55219,-0.02108152,0.05514901,0.9982556,0,0.195,3.004357,target_0,1.333982,
1067.462,-0.001553056,0.06280552,1.020563,-3.205383,-1.082886,4.473735,-0.01886927,0.05591538,0.9982572,0,0.195,3.020564,target_0,1.26424,
1067.479,-0.004980092,0.06396164,1.03641,-2.665924,-0.928772,4.578864,-0.01619188,0.04651235,0.9987864,0,0.195,3.03641,MixedRealityCamera,1.522128,
1067.496,-0.008046504,0.06621609,1.052043,-2.087769,-0.7445679,4.662297,-0.01298627,0.03643063,0.9992518,0,0.195,3.052043,MixedRealityCamera,1.869907,
1067.513,-0.01094915,0.07136162,1.068189,-1.878601,-0.4898987,4.591426,-0.008545498,0.03278204,0.999426,0,0.195,3.068189,MixedRealityCamera,1.842707,
1067.529,-0.0135097,0.07731827,1.0841,-2.528259,-0.2384949,4.350772,-0.004158542,0.04411195,0.999018,0,0.195,3.0841,target_0,1.046237,
1067.545,-0.01587869,0.08059321,1.100143,-3.25354,-0.03598022,4.084492,-0.0006269566,0.05675455,0.998388,0,0.195,3.100143,target_0,0.4897892,
1067.562,-0.01796398,0.08099908,1.115688,-3.268768,0.1979563,3.96711,0.003449362,0.05702002,0.9983671,0,0.195,3.115688,target_0,0.315899,
1067.58,-0.01971674,0.08205537,1.13107,-3.327148,0.3966789,3.865997,0.006911628,0.05803699,0.9982905,0,0.195,3.13107,target_0,0.1928145,
1067.596,-0.02136269,0.08437371,1.146854,-3.656158,0.5692454,3.861199,0.009914823,0.06376884,0.9979154,0,0.195,3.146854,target_0,0.4917827,
1067.612,-0.02282891,0.08687901,1.162514,-3.946289,0.7056003,3.924697,0.01228554,0.06882113,0.9975533,0,0.195,3.162514,target_0,0.8536337,
1067.629,-0.0241617,0.08870423,1.17863,-4.065491,0.801038,4.040127,0.01394512,0.07089648,0.9973862,0,0.195,3.17863,target_0,1.029076,
1067.645,-0.02529069,0.09061353,1.194471,-4.088074,0.8627339,4.204918,0.01501867,0.07128969,0.9973426,0,0.195,3.194471,target_0,1.109241,
1067.663,-0.02631912,0.09209155,1.210181,-3.97644,0.9275647,4.281812,0.01614938,0.06934619,0.9974619,0,0.195,3.210181,target_0,1.045488,
1067.68,-0.02713249,0.09325212,1.225671,-3.622437,1.050043,4.276461,0.01828908,0.0631813,0.9978344,0,0.195,3.225671,target_0,0.7607903,
1067.695,-0.02807604,0.09390365,1.241406,-3.297729,1.200066,4.201582,0.0209089,0.05752428,0.9981251,0,0.195,3.241406,target_0,0.5657911,
1067.712,-0.02885445,0.09425776,1.257033,-3.021088,1.341083,4.075148,0.02337164,0.05270343,0.9983367,0,0.195,3.257033,target_0,0.5319225,
1067.729,-0.02980973,0.09422337,1.27252,-2.883698,1.434837,3.94084,0.02500831,0.05030875,0.9984205,0,0.195,3.27252,target_0,0.5801346,
1067.745,-0.03065095,0.09365644,1.288326,-2.820648,1.492623,3.860424,0.02601668,0.04920989,0.9984496,0,0.195,3.288326,target_0,0.618656,
1067.762,-0.03171159,0.09259258,1.304481,-2.811096,1.507884,3.814174,0.02628283,0.04904313,0.9984508,0,0.195,3.304481,target_0,0.6100564,
1067.779,-0.0325081,0.09102576,1.320275,-2.845764,1.472699,3.794934,0.02566893,0.04964744,0.9984369,0,0.195,3.320275,target_0,0.5560232,
1067.796,-0.0334629,0.08889738,1.336432,-2.853119,1.387979,3.771829,0.02419241,0.0497755,0.9984674,0,0.195,3.336432,target_0,0.466462,
1067.812,-0.03408314,0.0864803,1.352366,-2.869629,1.26799,3.697219,0.02210106,0.05006339,0.9985015,0,0.195,3.352366,target_0,0.3748225,
1067.829,-0.03474785,0.08382151,1.368594,-2.944397,1.142773,3.579364,0.0199175,0.05136695,0.9984812,0,0.195,3.368594,target_0,0.2783625,
1067.845,-0.03500501,0.08106744,1.385001,-3.031982,1.011824,3.476135,0.01763403,0.05289311,0.9984445,0,0.195,3.385001,target_0,0.2281412,
1067.862,-0.03543882,0.07832478,1.40179,-3.231812,0.8771105,3.400833,0.01528352,0.05637607,0.9982926,0,0.195,3.40179,target_0,0.174713,
1067.878,-0.03532552,0.07562736,1.418584,-3.462189,0.7481408,3.297356,0.01303332,0.06038988,0.9980898,0,0.195,3.418584,target_0,0.2676108,
1067.895,-0.03511271,0.07243142,1.435497,-3.674408,0.6239747,3.207446,0.01086781,0.06408642,0.9978852,0,0.195,3.435497,target_0,0.416371,
1067.912,-0.034612,0.06878646,1.452461,-3.830719,0.4913488,3.087928,0.008556389,0.06680892,0.9977291,0,0.195,3.452461,target_0,0.5457222,
1067.929,-0.03383108,0.06482279,1.469316,-3.859558,0.3404587,3.010177,0.005928614,0.06731089,0.9977145,0,0.195,3.469316,target_0,0.6416347,
1067.945,-0.03290502,0.06175512,1.486542,-3.814575,0.1896761,2.936232,0.003303133,0.06652796,0.9977791,0,0.195,3.486542,target_0,0.7509531,
1067.962,-0.03202884,0.06003449,1.503988,-3.907135,0.01635614,2.860061,0.000284805,0.06813954,0.9976758,0,0.195,3.503988,target_0,0.9002688,
1067.979,-0.03072843,0.05941922,1.521519,-4.133667,-0.1698608,2.80301,-0.00295714,0.07208356,0.9973942,0,0.195,3.521519,target_0,1.078471,
1067.995,-0.02907206,0.05878332,1.539401,-4.273865,-0.350769,2.766036,-0.006105143,0.07452407,0.9972005,0,0.195,3.539401,target_0,1.239542,
1068.012,-0.02733585,0.05889307,1.557228,-4.303375,-0.5213623,2.783265,-0.009073965,0.07503755,0.9971394,0,0.195,3.557228,target_0,1.364297,
1068.029,-0.02549518,0.06104603,1.575133,-4.149841,-0.6647949,2.820643,-0.01157212,0.07236517,0.9973111,0,0.195,3.575133,target_0,1.427796,
1068.044,-0.02383466,0.06391344,1.592907,-4.316071,-0.7867432,2.809921,-0.01369198,0.07525834,0.9970701,0,0.195,3.592907,MixedRealityCamera,1.57147,
1068.062,-0.02178687,0.06726761,1.610887,-4.553711,-0.8148193,2.537678,-0.01417581,0.07939342,0.9967425,0,0.195,3.610887,MixedRealityCamera,1.694082,
1068.079,-0.01982222,0.06941942,1.628399,-3.954712,-0.7441406,2.254003,-0.01295615,0.06896811,0.9975348,0,0.195,3.628399,target_0,1.358115,
1068.095,-0.01798432,0.07494156,1.64607,-3.556641,-0.6207275,2.014313,-0.01081261,0.06203537,0.9980154,0,0.195,3.64607,target_0,1.140381,
1068.112,-0.01629873,0.08233275,1.66353,-4.231903,-0.5085449,1.804493,-0.008851529,0.07379362,0.9972342,0,0.195,3.66353,target_0,1.401094,
1068.129,-0.01486467,0.08660826,1.681189,-5.037994,-0.3642273,1.565665,-0.006332329,0.08781654,0.9961165,0,0.195,3.681189,MixedRealityCamera,2.090127,
1068.144,-0.01379465,0.08674951,1.698323,-4.750031,-0.1350098,1.221448,-0.002348032,0.08280858,0.9965627,0,0.195,3.698323,MixedRealityCamera,1.734607,
1068.162,-0.01329448,0.08668076,1.715204,-4.240265,0.06945149,0.8450969,0.001208839,0.07393888,0.9972621,0,0.195,3.715204,target_0,1.181674,
1068.179,-0.01302538,0.08797262,1.732036,-4.172241,0.2290154,0.6588027,0.00398647,0.07275482,0.9973419,0,0.195,3.732036,target_0,1.118376,
1068.196,-0.01322527,0.09003401,1.749077,-4.379425,0.3204144,0.5527889,0.005575929,0.07636113,0.9970647,0,0.195,3.749077,target_0,1.376293,
1068.212,-0.01376623,0.09152655,1.766298,-4.505615,0.3663524,0.4562951,0.006374253,0.07855687,0.9968892,0,0.195,3.766298,MixedRealityCamera,1.54421,
1068.228,-0.01480692,0.09333568,1.78378,-4.612366,0.4079135,0.2179535,0.007096319,0.08041406,0.9967363,0,0.195,3.78378,MixedRealityCamera,1.702494,
1068.244,-0.01611751,0.0947687,1.801064,-4.499237,0.3960778,0.03908633,0.006891503,0.0784459,0.9968945,0,0.195,3.801064,MixedRealityCamera,1.631709,
1068.261,-0.01786581,0.09602048,1.818051,-4.108795,0.3160296,0.06909472,0.005501552,0.0716508,0.9974146,0,0.195,3.818051,target_0,1.290588,
1068.278,-0.01974532,0.09670025,1.834648,-3.716309,0.1500093,0.2868056,0.002612648,0.06481612,0.9978938,0,0.195,3.834648,target_0,0.9932752,
1068.295,-0.0218231,0.09693989,1.85144,-3.299469,-0.05728149,0.664458,-0.0009983252,0.05755467,0.9983419,0,0.195,3.85144,target_0,0.8411642,
1068.311,-0.02399995,0.09657459,1.868235,-3.009766,-0.2608643,1.077624,-0.004546765,0.05250607,0.9986103,0,0.195,3.868235,target_0,0.966516,
1068.328,-0.0261657,0.09578732,1.885164,-2.863983,-0.4642944,1.474227,-0.008093333,0.04996534,0.9987181,0,0.195,3.885164,target_0,1.21273,
1068.344,-0.02821611,0.09511957,1.902191,-2.76416,-0.6302185,1.718695,-0.01098635,0.04822515,0.9987761,0,0.195,3.902191,MixedRealityCamera,1.439806,
1068.362,-0.03067365,0.09367778,1.919364,-2.881927,-0.7798462,1.878264,-0.013593,0.05027786,0.9986427,0,0.195,3.919364,MixedRealityCamera,1.656467,
1068.378,-0.03291807,0.09197675,1.936358,-2.954651,-0.9172668,1.99752,-0.01598728,0.05154558,0.9985427,0,0.195,3.936358,MixedRealityCamera,1.857832,
1068.395,-0.03530712,0.08974157,1.953637,-2.977631,-1.073395,2.119791,-0.0187081,0.05194626,0.9984747,0,0.195,3.953637,MixedRealityCamera,2.082247,
1068.412,-0.03776065,0.08718147,1.971003,-3.024384,-1.196594,2.247632,-0.02085367,0.05276083,0.9983894,0,0.195,3.971003,MixedRealityCamera,2.275721,
1068.428,-0.04027111,0.08447577,1.98844,-3.160431,-1.30542,2.362597,-0.02274731,0.05513191,0.9982199,0,0.195,3.98844,MixedRealityCamera,2.455271,
1068.444,-0.04297419,0.08134375,2.005613,-3.315948,-1.399567,2.426703,-0.02438353,0.05784206,0.9980279,0,0.195,4.005613,MixedRealityCamera,2.62689,
1068.462,-0.04570965,0.07831084,2.023243,-3.532959,-1.459015,2.455984,-0.02541349,0.06162261,0.9977759,0,0.195,4.023243,MixedRealityCamera,2.77008,
1068.478,-0.04860258,0.07487869,2.040875,-3.816559,-1.470093,2.476026,-0.0255982,0.06656211,0.9974539,0,0.195,4.040875,MixedRealityCamera,2.881743,
1068.495,-0.05143211,0.07132009,2.05867,-4.103149,-1.409882,2.426644,-0.02454153,0.07155206,0.9971349,0,0.195,4.05867,MixedRealityCamera,2.93158,
1068.511,-0.05437754,0.0667404,2.076133,-4.320221,-1.268402,2.372269,-0.02207335,0.0753304,0.9969143,0,0.195,4.076133,MixedRealityCamera,2.893403,
1068.528,-0.05716765,0.06225695,2.093786,-4.108856,-1.050018,2.3273,-0.01827801,0.07165144,0.9972622,0,0.195,4.093786,MixedRealityCamera,2.699144,
1068.544,-0.06010691,0.0592032,2.111509,-3.978851,-0.7547607,2.361294,-0.01314097,0.06938843,0.9975032,0,0.195,4.111509,MixedRealityCamera,2.472193,
1068.561,-0.06289002,0.05774638,2.129456,-4.028595,-0.419342,2.278025,-0.007300793,0.0702545,0.9975024,0,0.195,4.129457,MixedRealityCamera,2.217526,
1068.578,-0.06599654,0.057383,2.147794,-4.200073,-0.06234741,2.02624,-0.001084991,0.07323924,0.9973138,0,0.195,4.147794,MixedRealityCamera,1.96543,
1068.596,-0.06899285,0.0589261,2.165915,-4.255493,0.343663,1.633851,0.005981479,0.07420386,0.9972252,0,0.195,4.165915,MixedRealityCamera,1.668591,
1068.612,-0.07206118,0.06138804,2.184416,-4.527924,0.7382314,1.25716,0.012844,0.07894479,0.9967963,0,0.195,4.184416,MixedRealityCamera,1.499722,
1068.628,-0.07443639,0.06302215,2.202245,-4.232727,1.179836,0.9610043,0.02053441,0.07380789,0.9970611,0,0.195,4.202246,target_0,1.054805,
1068.644,-0.07672001,0.06541903,2.219707,-3.250549,1.763534,0.4624114,0.0307251,0.05670223,0.9979182,0,0.195,4.219707,target_0,0.6268256,
1068.661,-0.07826681,0.07121221,2.237139,-2.871918,2.426961,0.01523777,0.04229261,0.05010327,0.9978482,0,0.195,4.237139,target_0,0.6923862,
1068.679,-0.07970728,0.07794803,2.254595,-3.428528,3.051365,-0.3469238,0.05313593,0.05980333,0.9967949,0,0.195,4.254595,target_0,0.7720242,
1068.695,-0.08098404,0.08226182,2.271679,-4.037903,3.584259,-0.5709534,0.06236114,0.07041629,0.9955665,0,0.195,4.271679,MixedRealityCamera,1.50272,
1068.711,-0.08250511,0.08359511,2.288669,-4.120361,4.077371,-0.6854553,0.07091972,0.07185192,0.9948908,0,0.195,4.288669,MixedRealityCamera,1.950135,
1068.728,-0.08397456,0.08415942,2.305321,-3.886414,4.465239,-0.8151245,0.07767522,0.06777857,0.9946721,0,0.195,4.305321,MixedRealityCamera,2.178436,
1068.744,-0.08569722,0.08610705,2.322084,-3.922485,4.830138,-0.9263916,0.08400475,0.06840672,0.9941145,0,0.195,4.322084,MixedRealityCamera,2.506162,
1068.761,-0.08731477,0.08893261,2.33912,-4.25415,5.073249,-0.9021301,0.08818561,0.07418079,0.993338,0,0.195,4.33912,MixedRealityCamera,2.843724,
1068.778,-0.08918492,0.09091799,2.356304,-4.332703,5.158247,-0.7340393,0.08964989,0.07554799,0.9931039,0,0.195,4.356304,MixedRealityCamera,2.932247,
1068.795,-0.09106691,0.09270286,2.373446,-4.320496,5.079157,-0.4008484,0.08828039,0.07533525,0.9932427,0,0.195,4.373446,MixedRealityCamera,2.834416,
1068.811,-0.09311324,0.09417917,2.390461,-4.16098,4.882346,-0.02648926,0.08488559,0.07255919,0.9937453,0,0.195,4.390461,MixedRealityCamera,2.555276,
1068.828,-0.09489198,0.09521693,2.40732,-3.679932,4.683485,0.2682374,0.08148288,0.06418253,0.994606,0,0.195,4.40732,MixedRealityCamera,2.130746,
1068.844,-0.09682797,0.09590916,2.423978,-3.223236,4.506756,0.3824252,0.07845233,0.05622646,0.995331,0,0.195,4.423978,MixedRealityCamera,1.77597,
1068.861,-0.09854203,0.09603217,2.440812,-2.83606,4.359216,0.3882962,0.0759162,0.04947839,0.9958858,0,0.195,4.440812,MixedRealityCamera,1.536715,
1068.878,-0.1002551,0.0956715,2.45768,-2.568787,4.198245,0.3643788,0.07313408,0.04481859,0.9963146,0,0.195,4.45768,target_0,1.354364,
1068.895,-0.1019028,0.09486918,2.474601,-2.364807,4.013286,0.4029389,0.06992819,0.04126209,0.9966983,0,0.195,4.474601,target_0,1.203172,
1068.911,-0.1034319,0.0936337,2.491047,-2.208771,3.798106,0.4988924,0.0661917,0.03854055,0.9970623,0,0.195,4.491047,target_0,1.08372,
1068.928,-0.1048412,0.09194518,2.508189,-2.106506,3.545926,0.6269751,0.06180679,0.03675696,0.9974111,0,0.195,4.508189,target_0,1.000342,
1068.944,-0.1056799,0.09003471,2.525069,-2.070923,3.354657,0.7131822,0.05847814,0.03613662,0.9976344,0,0.195,4.525069,target_0,0.9857605,
1068.961,-0.1063678,0.08789139,2.542152,-2.142944,3.224417,0.6842058,0.05620766,0.03739271,0.9977186,0,0.195,4.542152,target_0,0.9356545,
1068.978,-0.1065783,0.08551447,2.558916,-2.242859,3.162397,0.5281087,0.05512396,0.03913507,0.9977123,0,0.195,4.558916,target_0,0.8930672,
1068.994,-0.1067648,0.08283096,2.576307,-2.338837,3.141208,0.3474132,0.05475131,0.04080917,0.9976657,0,0.195,4.576307,target_0,0.8704314,
1069.01,-0.1067618,0.08029439,2.593179,-2.434967,3.118204,0.2424655,0.05434695,0.04248543,0.9976178,0,0.195,4.593179,target_0,0.8453411,
1069.028,-0.106103,0.07701425,2.610879,-2.612701,3.15782,0.1631192,0.05502919,0.04558455,0.9974437,0,0.195,4.610879,target_0,0.7679582,
1069.044,-0.1051208,0.07398482,2.628257,-2.8479,3.228298,0.1303723,0.05624507,0.04968503,0.99718,0,0.195,4.628257,target_0,0.6480073,
1069.061,-0.1040335,0.07077776,2.646103,-3.1427,3.341108,0.06284553,0.05819265,0.05482294,0.9967989,0,0.195,4.646103,target_0,0.5446455,
1069.078,-0.102558,0.06749443,2.663859,-3.283875,3.463619,-0.03817749,0.06031555,0.05728279,0.9965343,0,0.195,4.663858,target_0,0.6382713,
1069.094,-0.10117,0.06512253,2.681959,-3.348267,3.586441,-0.1625671,0.06244755,0.05840527,0.9963378,0,0.195,4.681959,target_0,0.7788376,
1069.11,-0.09943956,0.06345774,2.699938,-3.455627,3.655792,-0.1917725,0.0636464,0.06027533,0.9961506,0,0.195,4.699938,target_0,0.8625273,
1069.128,-0.09783202,0.06240664,2.718341,-3.551605,3.680737,-0.1528625,0.06407352,0.0619473,0.9960206,0,0.195,4.718341,target_0,0.9099972,
1069.144,-0.09590723,0.0616841,2.736543,-3.724335,3.664676,-0.05178833,0.06378207,0.06495638,0.9958476,0,0.195,4.736543,target_0,0.9211111,
1069.161,-0.09407602,0.06139154,2.754974,-3.625702,3.618544,0.06653837,0.06298722,0.06323842,0.9960088,0,0.195,4.754974,target_0,0.9431533,
1069.178,-0.09194153,0.06282035,2.773208,-3.123901,3.573818,0.1057884,0.06224184,0.05449532,0.9965723,0,0.195,4.773208,target_0,1.144663,
1069.194,-0.09029187,0.06651304,2.791275,-3.138275,3.511712,0.07557567,0.06116072,0.05474572,0.9966254,0,0.195,4.791275,target_0,1.067896,
1069.211,-0.0887821,0.06794107,2.808812,-3.034851,3.428826,-0.03903198,0.05972471,0.05294356,0.9968099,0,0.195,4.808812,target_0,1.067896,
1069.228,-0.087615,0.06805182,2.825978,-1.997437,3.427227,-0.1869507,0.05974441,0.03485474,0.997605,0,0.195,4.825978,MixedRealityCamera,1.871476,
1069.244,-0.08636501,0.07014367,2.843346,-1.529907,3.370931,-0.1371765,0.05877895,0.0266986,0.997914,0,0.195,4.843346,MixedRealityCamera,2.227741,
1069.261,-0.08545697,0.075156,2.860874,-1.497223,3.290253,0.06606992,0.05737459,0.02612833,0.9980108,0,0.195,4.860874,MixedRealityCamera,2.10487,
1069.278,-0.08450192,0.08033027,2.878318,-2.422363,3.186216,0.3594449,0.05553163,0.04226559,0.9975619,0,0.195,4.878318,target_0,1.148759,
1069.294,-0.08425339,0.0825636,2.896188,-3.096497,3.087247,0.4347008,0.05377793,0.05401797,0.9970908,0,0.195,4.896188,target_0,0.6844273,
1069.311,-0.08435285,0.08318312,2.913457,-2.941742,3.067929,0.1525908,0.05344936,0.05132065,0.9972509,0,0.195,4.913457,target_0,0.699975,
1069.328,-0.08489451,0.08505966,2.93106,-3.022797,3.035977,-0.1454773,0.05288931,0.05273302,0.997207,0,0.195,4.93106,target_0,0.6167554,
1069.344,-0.08553695,0.0876669,2.948802,-3.045593,2.970388,-0.4260559,0.05174664,0.05313064,0.9972459,0,0.195,4.948802,target_0,0.5215207,
1069.36,-0.08663697,0.09014547,2.966273,-2.935181,2.874695,-0.5601196,0.05008606,0.05120628,0.9974313,0,0.195,4.966273,target_0,0.3990945,
1069.377,-0.08770647,0.09179476,2.983624,-2.687073,2.736116,-0.6371155,0.0476836,0.04688095,0.9977617,0,0.195,4.983624,target_0,0.3471792,
1069.394,-0.0891058,0.09340747,3.000779,-2.381195,2.618715,-0.6308289,0.04564984,0.04154786,0.9980931,0,0.195,5.000779,target_0,0.5278606,
1069.411,-0.09034675,0.09473179,3.018071,-2.205353,2.527017,-0.5213013,0.04405781,0.03848124,0.9982876,0,0.195,5.018071,target_0,0.6644077,
1069.428,-0.09175517,0.09539585,3.035141,-1.971802,2.458985,-0.3247681,0.0428788,0.03440768,0.9984876,0,0.195,5.035141,target_0,0.8924097,
1069.443,-0.09289622,0.09533829,3.05224,-1.754913,2.417443,-0.07061768,0.04216004,0.03062449,0.9986414,0,0.195,5.05224,target_0,1.120998,
1069.46,-0.09422281,0.09491986,3.06911,-1.662872,2.387557,0.2024386,0.04164113,0.02901827,0.9987112,0,0.195,5.06911,target_0,1.238121,
1069.478,-0.09539412,0.09428601,3.086187,-1.645386,2.377846,0.4414828,0.04147222,0.02871366,0.998727,0,0.195,5.086187,target_0,1.283594,
1069.494,-0.09670497,0.09359498,3.103221,-1.63205,2.364733,0.6138704,0.04124393,0.02848099,0.9987431,0,0.195,5.103221,target_0,1.329574,
1069.51,-0.09811911,0.09170035,3.120484,-1.660919,2.348259,0.7688506,0.04095616,0.02898446,0.9987404,0,0.195,5.120484,target_0,1.371593,
1069.527,-0.09966147,0.08995404,3.137605,-1.693237,2.313123,0.8501446,0.04034303,0.02954831,0.9987489,0,0.195,5.137605,MixedRealityCamera,1.416236,
1069.543,-0.1012184,0.08785839,3.155163,-1.767426,2.296241,0.9117578,0.04004718,0.03084271,0.9987217,0,0.195,5.155163,MixedRealityCamera,1.427522,
1069.561,-0.1027975,0.08570228,3.172271,-1.833801,2.321317,0.9377334,0.0404828,0.03200067,0.9986677,0,0.195,5.172271,MixedRealityCamera,1.431628,
1069.578,-0.1045561,0.08303545,3.189608,-1.925018,2.398031,0.9311103,0.04181772,0.03359145,0.9985604,0,0.195,5.189608,MixedRealityCamera,1.406392,
1069.594,-0.1064529,0.08017135,3.207075,-1.96347,2.496617,0.8871719,0.04353482,0.03426214,0.9984642,0,0.195,5.207075,MixedRealityCamera,1.42807,
1069.61,-0.1086243,0.07684457,3.224476,-2.0737,2.615399,0.8681256,0.04560158,0.0361851,0.9983041,0,0.195,5.224476,target_0,1.392408,
1069.627,-0.1109304,0.07338948,3.241973,-2.177582,2.749139,0.8511475,0.04792848,0.03799687,0.9981278,0,0.195,5.241973,target_0,1.364584,
1069.643,-0.113457,0.06925492,3.259286,-2.315247,2.895718,0.8739205,0.05047706,0.04039751,0.9979079,0,0.195,5.259286,target_0,1.323821,
1069.66,-0.1160837,0.06524065,3.276599,-2.255005,3.072987,0.8977324,0.05356652,0.03934688,0.9977888,0,0.195,5.276599,MixedRealityCamera,1.472198,
1069.677,-0.1190602,0.06233921,3.294225,-2.324219,3.218163,1.008519,0.05609184,0.0405542,0.9976016,0,0.195,5.294225,MixedRealityCamera,1.47618,
1069.694,-0.1220791,0.06054766,3.311669,-2.53363,3.314354,1.1474,0.05775762,0.04420562,0.9973515,0,0.195,5.311669,target_0,1.31745,
1069.711,-0.1252562,0.05871737,3.329181,-2.75412,3.353753,1.264291,0.05843304,0.04804995,0.9971343,0,0.195,5.329181,target_0,1.159272,
1069.728,-0.1288169,0.05797218,3.346643,-3.010315,3.341097,1.327711,0.05819969,0.0525155,0.9969227,0,0.195,5.346643,target_0,0.9642863,
1069.743,-0.1323631,0.05820806,3.364099,-2.91806,3.345454,1.262093,0.05828035,0.05090773,0.9970014,0,0.195,5.364099,target_0,1.07974,
1069.76,-0.1357623,0.06098563,3.381086,-2.985748,3.355492,1.137103,0.05845146,0.05208762,0.9969304,0,0.195,5.381085,target_0,0.9905132,
1069.777,-0.1391474,0.06268731,3.398193,-3.194214,3.285,1.154951,0.05721363,0.05572068,0.9968058,0,0.195,5.398193,target_0,0.9052542,
1069.794,-0.1422941,0.06368013,3.414689,-2.546661,3.279173,1.222576,0.05714463,0.04443273,0.9973767,0,0.195,5.414689,MixedRealityCamera,1.436677,
1069.811,-0.1453774,0.06728398,3.431078,-2.285645,3.316087,1.218695,0.05779831,0.03988156,0.9975314,0,0.195,5.431078,MixedRealityCamera,1.597529,
1069.827,-0.1482746,0.07360266,3.447607,-2.582458,3.39071,1.116842,0.05908445,0.04505713,0.9972356,0,0.195,5.447607,target_0,1.223493,
1069.843,-0.150854,0.08045052,3.464235,-3.556885,3.499268,0.9656196,0.06091822,0.06203923,0.9962129,0,0.195,5.464235,target_0,0.8625273,
1069.861,-0.1534244,0.0835655,3.480684,-4.607727,3.533062,0.9193608,0.06142533,0.08033347,0.9948736,0,0.195,5.480684,MixedRealityCamera,1.662717,
1069.877,-0.1555182,0.083606,3.497395,-4.860992,3.608021,0.8935697,0.06270389,0.0847385,0.9944283,0,0.195,5.497395,MixedRealityCamera,1.87899,
1069.894,-0.1574703,0.08433359,3.513988,-5.05777,3.722144,0.8676214,0.06466521,0.08816013,0.9940051,0,0.195,5.513988,MixedRealityCamera,2.05338,
1069.91,-0.1590534,0.08732697,3.530824,-5.753662,3.870801,0.7631491,0.06716676,0.1002516,0.9926924,0,0.195,5.530824,MixedRealityCamera,2.7652,
1069.926,-0.1606297,0.09032378,3.54819,-6.478394,4.032062,0.7833712,0.0698657,0.1128287,0.9911551,0,0.195,5.54819,MixedRealityCamera,3.536236,
1069.944,-0.1619116,0.09207094,3.565385,-6.658051,4.12996,0.9417671,0.07153329,0.1159437,0.9906766,0,0.195,5.565385,MixedRealityCamera,3.754576,
1069.96,-0.1631743,0.09352452,3.582243,-6.652252,4.135761,1.214678,0.07163443,0.1158431,0.990681,0,0.195,5.582243,MixedRealityCamera,3.794057,
1069.978,-0.164092,0.09467877,3.599245,-6.425659,4.167767,1.516044,0.07222057,0.1119138,0.9910901,0,0.195,5.599245,MixedRealityCamera,3.601522,
1069.994,-0.1649292,0.09536687,3.616158,-5.936066,4.244348,1.726402,0.07361327,0.1034187,0.9919101,0,0.195,5.616158,MixedRealityCamera,3.129065,
1070.01,-0.1655157,0.09567319,3.633027,-5.40918,4.367101,1.81939,0.07580741,0.09426781,0.9926565,0,0.195,5.633027,MixedRealityCamera,2.601131,
1070.026,-0.1661948,0.0951429,3.650097,-4.875977,4.511182,1.819649,0.07836901,0.08499922,0.9932942,0,0.195,5.650097,MixedRealityCamera,2.041431,
1070.044,-0.1666253,0.09420632,3.667059,-4.430328,4.655894,1.763234,0.08092874,0.07724674,0.993722,0,0.195,5.667059,MixedRealityCamera,1.558967,
1070.06,-0.1669789,0.09277956,3.68381,-4.051086,4.791954,1.717566,0.08332918,0.07064583,0.9940148,0,0.195,5.68381,target_0,1.135566,
1070.078,-0.1670873,0.09105138,3.701009,-3.697021,4.887575,1.734512,0.08502356,0.06448048,0.9942904,0,0.195,5.701009,target_0,0.7407211,
1070.094,-0.167138,0.08902697,3.717782,-3.408661,4.954823,1.74456,0.08621743,0.05945701,0.9945006,0,0.195,5.717782,target_0,0.4252063,
1070.11,-0.1669976,0.08651199,3.734795,-3.19278,4.988843,1.708422,0.08682677,0.05569594,0.9946653,0,0.195,5.734796,target_0,0.2373883,
1070.127,-0.1666948,0.08358803,3.752023,-3.022552,4.99569,1.622346,0.08695967,0.05272897,0.9948154,0,0.195,5.752023,target_0,0.2776587,
1070.143,-0.1662905,0.08064561,3.769434,-2.974121,4.975252,1.477645,0.08660863,0.05188505,0.9948904,0,0.195,5.769434,target_0,0.3631561,
1070.16,-0.1656689,0.07772164,3.7866,-3.031464,4.945805,1.35507,0.08609278,0.05288421,0.9948825,0,0.195,5.7866,target_0,0.3774237,
1070.177,-0.1648555,0.07447302,3.80443,-3.145142,4.902473,1.278607,0.0853312,0.05486558,0.9948409,0,0.195,5.80443,target_0,0.3488659,
1070.194,-0.1636895,0.07085083,3.821888,-3.239655,4.838682,1.276453,0.08421579,0.05651267,0.9948437,0,0.195,5.821888,target_0,0.3397734,
1070.209,-0.1626062,0.0672277,3.839562,-3.331573,4.787656,1.257682,0.0833221,0.05811439,0.9948267,0,0.195,5.839562,target_0,0.3409232,
1070.227,-0.160767,0.06281192,3.857733,-3.503021,4.688903,1.223687,0.08159275,0.06110134,0.994791,0,0.195,5.857733,target_0,0.2825486,
1070.243,-0.1591589,0.05941024,3.875641,-3.514252,4.56554,1.183581,0.07944972,0.06129702,0.9949524,0,0.195,5.875641,target_0,0.3522151,
1070.26,-0.1573707,0.05705253,3.893636,-3.452393,4.41384,1.125484,0.0768202,0.06021905,0.9952248,0,0.195,5.893636,target_0,0.4881886,
1070.276,-0.1554209,0.05543659,3.911963,-3.475647,4.23229,1.167564,0.07366449,0.06062428,0.9954387,0,0.195,5.911963,target_0,0.5464389,
1070.294,-0.1531483,0.05392657,3.930016,-3.307098,4.055653,1.273996,0.07060761,0.05768782,0.9958346,0,0.195,5.930016,target_0,0.7850935,
1070.31,-0.1508594,0.05333753,3.947999,-3.100342,3.891134,1.405183,0.06776159,0.05408471,0.9962345,0,0.195,5.947999,target_0,1.029836,
1070.326,-0.1483812,0.05427715,3.965937,-2.607117,3.755308,1.478251,0.06542778,0.04548718,0.99682,0,0.195,5.965937,MixedRealityCamera,1.488458,
1070.343,-0.1460944,0.05749019,3.983629,-2.417389,3.632211,1.46692,0.06329522,0.04217887,0.9971032,0,0.195,5.983629,MixedRealityCamera,1.600833,
1070.36,-0.1436074,0.05948638,4.00139,-2.462982,3.539019,1.34991,0.06167123,0.04297401,0.9971709,0,0.195,6.00139,MixedRealityCamera,1.51349,
1070.377,-0.1414409,0.06039199,4.018653,-1.730469,3.486337,1.269341,0.06078279,0.03019788,0.9976941,0,0.195,6.018653,MixedRealityCamera,2.182923,
1070.394,-0.139453,0.06360333,4.03599,-1.247772,3.378761,1.219289,0.05892235,0.02177613,0.998025,0,0.195,6.03599,MixedRealityCamera,2.575191,
1070.41,-0.1379865,0.06962821,4.053043,-1.340057,3.207242,1.271007,0.05593241,0.02338654,0.9981606,0,0.195,6.053043,MixedRealityCamera,2.357172,
1070.427,-0.1367957,0.07479189,4.070413,-2.115448,2.986838,1.451806,0.05207103,0.03691329,0.9979609,0,0.195,6.070413,MixedRealityCamera,1.608516,
1070.443,-0.1359207,0.07631128,4.087244,-2.462524,2.727954,1.647915,0.04754985,0.04296583,0.9979444,0,0.195,6.087244,MixedRealityCamera,1.482925,
1070.46,-0.1354993,0.07666011,4.103837,-2.223846,2.514623,1.544932,0.04384133,0.03880351,0.9982846,0,0.195,6.103837,MixedRealityCamera,1.783667,
1070.477,-0.1354119,0.07912092,4.120633,-2.512543,2.370433,1.322085,0.04132031,0.04383809,0.9981838,0,0.195,6.120633,MixedRealityCamera,1.699042,
1070.493,-0.1353174,0.08285509,4.137146,-3.125702,2.231941,1.043769,0.03888693,0.05452682,0.9977548,0,0.195,6.137146,MixedRealityCamera,1.637933,
1070.51,-0.1356771,0.08621483,4.15391,-3.537292,2.111967,0.8056332,0.03678222,0.06169833,0.9974169,0,0.195,6.15391,MixedRealityCamera,1.8179,
1070.526,-0.136183,0.08914901,4.17042,-3.828827,1.994133,0.601252,0.0347195,0.06677566,0.9971638,0,0.195,6.17042,MixedRealityCamera,2.062035,
1070.543,-0.1370001,0.09152442,4.186969,-3.90802,1.897702,0.478832,0.03303808,0.06815483,0.9971276,0,0.195,6.186969,MixedRealityCamera,2.231077,
1070.56,-0.1376076,0.0935888,4.202949,-3.694366,1.868699,0.502241,0.03254141,0.06443397,0.9973913,0,0.195,6.202949,MixedRealityCamera,2.212932,
1070.577,-0.1383662,0.09479157,4.219052,-3.405457,1.877199,0.6873029,0.0326996,0.05940145,0.9976984,0,0.195,6.219052,MixedRealityCamera,2.147307,
1070.593,-0.1388727,0.09513816,4.234959,-2.998749,1.959028,1.010475,0.03413801,0.05231413,0.998047,0,0.195,6.234959,MixedRealityCamera,2.015865,
1070.61,-0.139483,0.09505475,4.251057,-2.719788,2.109774,1.353512,0.03677271,0.04745147,0.9981964,0,0.195,6.251057,MixedRealityCamera,1.882216,
1070.626,-0.1399852,0.09512701,4.267317,-2.70282,2.282955,1.653659,0.03979022,0.04715544,0.9980947,0,0.195,6.267317,MixedRealityCamera,1.725217,
1070.643,-0.1407613,0.09467205,4.283963,-2.800598,2.418203,1.917683,0.04214268,0.04886045,0.9979162,0,0.195,6.283963,MixedRealityCamera,1.607056,
1070.66,-0.1415983,0.09394255,4.300528,-2.907135,2.528361,2.124034,0.04405713,0.05071741,0.9977408,0,0.195,6.300528,MixedRealityCamera,1.519555,
1070.676,-0.1426405,0.09255621,4.317285,-3.025635,2.625847,2.313674,0.04574976,0.05278298,0.9975575,0,0.195,6.317285,MixedRealityCamera,1.455084,
1070.693,-0.1436646,0.09085242,4.334029,-3.07132,2.714431,2.472373,0.04729002,0.05357889,0.9974432,0,0.195,6.334029,target_0,1.395777,
1070.709,-0.1447944,0.08847113,4.350772,-3.1185,2.82818,2.574843,0.04926794,0.05440133,0.9973029,0,0.195,6.350772,target_0,1.312986,
1070.726,-0.1459438,0.08586166,4.367782,-3.154724,2.973457,2.629801,0.05179471,0.05503269,0.9971403,0,0.195,6.367782,target_0,1.198936,
1070.743,-0.147265,0.08306867,4.38483,-3.243439,3.133827,2.572611,0.05458076,0.05657853,0.9969051,0,0.195,6.38483,target_0,1.076837,
1070.761,-0.1489041,0.08015466,4.401735,-3.276001,3.317429,2.435813,0.05777315,0.05714604,0.9966928,0,0.195,6.401735,target_0,0.9389946,
1070.776,-0.1506751,0.07678014,4.418872,-3.355621,3.473614,2.30407,0.06048499,0.05853319,0.9964514,0,0.195,6.418872,target_0,0.8334522,
1070.794,-0.152894,0.07301183,4.436109,-3.366486,3.645467,2.148364,0.06347276,0.05872222,0.9962544,0,0.195,6.436109,target_0,0.7338206,
1070.81,-0.155131,0.06875911,4.453079,-3.440948,3.807755,1.966587,0.06628922,0.06001966,0.9959937,0,0.195,6.453079,target_0,0.646193,
1070.825,-0.1577439,0.06434852,4.470096,-3.277954,4.028894,1.784937,0.07014459,0.05717963,0.9958967,0,0.195,6.470096,target_0,0.6564078,
1070.843,-0.1605546,0.06113362,4.487289,-3.192017,4.228278,1.649596,0.07361603,0.05568253,0.9957309,0,0.195,6.487289,target_0,0.7217214,
1070.859,-0.1638097,0.05888571,4.504308,-3.290802,4.3697,1.571442,0.07606611,0.05740383,0.995449,0,0.195,6.504308,target_0,0.667053,
1070.876,-0.1672469,0.05709762,4.521677,-3.42984,4.480164,1.55799,0.07797403,0.05982626,0.9951587,0,0.195,6.521677,target_0,0.5831623,
1070.893,-0.1710368,0.05582574,4.538953,-3.494476,4.516462,1.600353,0.07859911,0.06095224,0.9950412,0,0.195,6.538953,target_0,0.5993783,
1070.91,-0.1747026,0.05588182,4.555921,-3.235901,4.541071,1.685072,0.07904746,0.05644731,0.9952714,0,0.195,6.555921,target_0,0.8556943,
1070.925,-0.178418,0.05787157,4.572556,-3.04187,4.589674,1.776659,0.07990653,0.05306586,0.9953889,0,0.195,6.572556,target_0,1.002687,
1070.943,-0.1818134,0.05908444,4.588871,-2.862885,4.632259,1.854475,0.08065934,0.04994616,0.9954895,0,0.195,6.588871,target_0,1.154366,
1070.96,-0.1851902,0.05981817,4.604501,-2.054077,4.735354,1.889514,0.08250041,0.03584291,0.9959463,0,0.195,6.604501,MixedRealityCamera,1.879719,
1070.976,-0.1884005,0.06291179,4.620488,-1.699829,4.837418,1.837799,0.08429148,0.02966343,0.9959995,0,0.195,6.620488,MixedRealityCamera,2.132582,
1070.993,-0.1916915,0.06837761,4.636923,-1.673706,4.891154,1.671413,0.08522672,0.02920739,0.9959334,0,0.195,6.636923,MixedRealityCamera,2.018388,
1071.01,-0.1947857,0.0742199,4.652914,-2.411896,4.897729,1.561747,0.0853018,0.0420829,0.9954661,0,0.195,6.652914,target_0,1.223493,
1071.026,-0.1976585,0.07659024,4.669198,-3.048828,4.819086,1.730834,0.08389088,0.05318679,0.9950545,0,0.195,6.669198,target_0,0.884702,
1071.043,-0.2001322,0.07672199,4.684833,-2.790619,4.795984,1.978244,0.08350885,0.04868612,0.995317,0,0.195,6.684833,target_0,1.083359,
1071.059,-0.2023448,0.07866921,4.700729,-2.847565,4.770871,2.128009,0.08306853,0.04967904,0.9953048,0,0.195,6.700729,target_0,1.106945,
1071.076,-0.204226,0.08239942,4.717032,-3.46225,4.771335,2.188593,0.08302747,0.06039075,0.9947158,0,0.195,6.717032,target_0,1.087685,
1071.093,-0.2058804,0.08568063,4.733121,-3.87326,4.77264,2.283244,0.08301194,0.06754966,0.9942566,0,0.195,6.733121,target_0,1.339837,
1071.109,-0.2073584,0.08822783,4.749104,-3.912903,4.725931,2.410689,0.08219752,0.06823987,0.9942771,0,0.195,6.749104,MixedRealityCamera,1.476843,
1071.125,-0.2087679,0.09087681,4.765146,-3.900879,4.644785,2.516219,0.08079042,0.06803055,0.9944068,0,0.195,6.765146,MixedRealityCamera,1.612162,
1071.143,-0.2098052,0.09292634,4.780861,-3.621033,4.61645,2.628087,0.08032443,0.06315677,0.9947659,0,0.195,6.780861,MixedRealityCamera,1.545477,
1071.16,-0.2105978,0.09444375,4.796088,-3.15033,4.701883,2.570556,0.08184739,0.05495577,0.9951286,0,0.195,6.796088,target_0,1.338522,
1071.175,-0.2113213,0.09524655,4.811414,-2.730011,4.841574,2.378741,0.0843051,0.04762945,0.995301,0,0.195,6.811414,target_0,1.193538,
1071.193,-0.2119911,0.09586066,4.826416,-2.385437,5.024385,2.039589,0.08750384,0.04162151,0.9952943,0,0.195,6.826416,target_0,1.114169,
1071.209,-0.2126393,0.09597185,4.841746,-2.218842,5.22756,1.664576,0.09104329,0.03871658,0.9950941,0,0.195,6.841746,target_0,1.032682,
1071.226,-0.2131008,0.09590086,4.856892,-2.146606,5.42389,1.40864,0.09445708,0.03745654,0.9948241,0,0.195,6.856892,target_0,0.9414921,
1071.243,-0.2136471,0.09516557,4.872323,-2.155457,5.580919,1.242716,0.09718265,0.03761116,0.9945557,0,0.195,6.872323,target_0,0.858434,
1071.26,-0.2141821,0.09421009,4.887633,-2.249908,5.732628,1.128965,0.09980939,0.03925836,0.9942318,0,0.195,6.887633,target_0,0.7257769,
1071.276,-0.2146524,0.0927374,4.90347,-2.434174,5.851079,1.018555,0.1018512,0.04247151,0.9938926,0,0.195,6.90347,target_0,0.5500081,
1071.292,-0.2150498,0.09106404,4.919252,-2.656433,5.949719,0.8589305,0.1035443,0.04634716,0.9935444,0,0.195,6.919252,target_0,0.3544303,
1071.309,-0.2154547,0.08888175,4.935125,-2.873474,6.018802,0.7464016,0.104723,0.05013074,0.9932371,0,0.195,6.935125,target_0,0.1968319,
1071.325,-0.2156563,0.08664218,4.951498,-3.054108,6.049407,0.6771492,0.1052363,0.05327907,0.993019,0,0.195,6.951498,target_0,0.1083524,
1071.342,-0.2159203,0.08409032,4.967809,-3.238922,6.034309,0.6723042,0.1049561,0.0564998,0.9928706,0,0.195,6.967809,target_0,0.1532334,
1071.359,-0.2160026,0.08129263,4.984002,-3.37677,5.974007,0.7465091,0.1038966,0.0589014,0.9928424,0,0.195,6.984002,target_0,0.2373883,
1071.376,-0.2158307,0.07807685,5.000525,-3.481964,5.900433,0.8380148,0.1026103,0.06073428,0.9928658,0,0.195,7.000525,target_0,0.3019647,
1071.393,-0.2153355,0.07464697,5.017063,-3.595184,5.816339,0.9606089,0.1011406,0.06270641,0.992894,0,0.195,7.017063,target_0,0.3706227,
1071.409,-0.214673,0.0710097,5.033689,-3.618561,5.69563,1.076425,0.099046,0.06311373,0.9930793,0,0.195,7.033689,target_0,0.4387946,
1071.425,-0.2138886,0.06776117,5.050679,-3.551483,5.576353,1.115658,0.09698553,0.06194513,0.9933562,0,0.195,7.050679,target_0,0.5319225,
1071.443,-0.2129505,0.0653365,5.067642,-3.516479,5.456133,1.062061,0.09490461,0.06133583,0.993595,0,0.195,7.067642,target_0,0.6437659,
1071.459,-0.2117823,0.06359552,5.084271,-3.503113,5.35111,1.016619,0.09308451,0.0611029,0.9937815,0,0.195,7.084271,target_0,0.7314168,
1071.475,-0.2104397,0.0624484,5.101492,-3.572632,5.232419,1.001783,0.09101882,0.06231385,0.9938977,0,0.195,7.101492,target_0,0.7977034,
1071.492,-0.2088166,0.06159166,5.118424,-3.645569,5.081686,1.091528,0.08839669,0.06358436,0.9940538,0,0.195,7.118424,target_0,0.8899944,
1071.509,-0.2073001,0.0615183,5.135255,-3.424072,4.928609,1.188138,0.08576103,0.05972552,0.9945239,0,0.195,7.135255,target_0,1.055362,
1071.525,-0.2056858,0.06364451,5.151794,-3.234375,4.831378,1.099136,0.08408939,0.05642059,0.9948596,0,0.195,7.151794,target_0,1.154027,
1071.542,-0.204313,0.06647795,5.169003,-3.755066,4.717002,0.8900099,0.0820577,0.06549122,0.9944735,0,0.195,7.169003,target_0,1.117851,
1071.559,-0.2028914,0.06698648,5.185295,-3.616394,4.627674,0.7423554,0.08051971,0.06307611,0.9947552,0,0.195,7.185295,target_0,1.162811,
1071.576,-0.2018272,0.06780183,5.201618,-2.969116,4.599214,0.4995564,0.0800776,0.05179781,0.9954419,0,0.195,7.201618,target_0,1.331339,
1071.595,-0.2004149,0.07129221,5.217765,-2.647095,4.64525,0.3312744,0.08089969,0.04618425,0.9956517,0,0.195,7.217765,MixedRealityCamera,1.386351,
1071.609,-0.1991166,0.07678618,5.234038,-2.843658,4.74271,0.2548157,0.08257961,0.0496107,0.9953489,0,0.195,7.234038,target_0,1.076473,
1071.625,-0.1982189,0.08051524,5.250386,-3.416504,4.83777,0.2564087,0.08418485,0.05959377,0.9946665,0,0.195,7.250386,target_0,0.8357967,
1071.643,-0.1975273,0.0816006,5.266308,-3.319946,4.913352,0.398133,0.08550538,0.0579115,0.9946532,0,0.195,7.266308,target_0,0.7314168,
1071.659,-0.1975317,0.08270556,5.281974,-3.128479,4.92235,0.3662388,0.0856777,0.05457532,0.994827,0,0.195,7.281974,target_0,0.7206361,
1071.675,-0.1973907,0.08533899,5.297887,-3.359894,4.960965,0.3120426,0.08632838,0.05860779,0.9945413,0,0.195,7.297887,target_0,0.7149112,
1071.692,-0.1977935,0.08811079,5.313861,-3.737305,4.978965,0.1986831,0.08660544,0.06518193,0.994108,0,0.195,7.313861,target_0,0.962255,
1071.709,-0.1982638,0.09072444,5.32986,-3.971252,4.970341,-0.008483887,0.08643203,0.0692557,0.9938477,0,0.195,7.32986,target_0,1.215631,
1071.725,-0.199273,0.09363143,5.345707,-4.271484,4.924456,-0.2781067,0.08560374,0.07448258,0.9935413,0,0.195,7.345707,MixedRealityCamera,1.581153,
1071.743,-0.2005485,0.09607103,5.3617,-4.394379,4.851353,-0.526062,0.08432233,0.07662121,0.9934883,0,0.195,7.3617,MixedRealityCamera,1.802331,
1071.759,-0.2017563,0.0975673,5.37716,-3.977783,4.77325,-0.6312561,0.08301213,0.06936984,0.9941312,0,0.195,7.37716,MixedRealityCamera,1.554819,
1071.775,-0.202211,0.09924302,5.391623,-3.482422,4.665299,-0.6087341,0.08118471,0.06074218,0.9948465,0,0.195,7.391623,target_0,1.339399,
1071.792,-0.2037328,0.1000712,5.406977,-3.047791,4.570688,-0.3868103,0.07957626,0.0531687,0.9954098,0,0.195,7.406977,target_0,1.29074,
1071.809,-0.2045269,0.1006137,5.422431,-2.69104,4.515449,-0.08786011,0.07864107,0.04695044,0.9957968,0,0.195,7.422431,target_0,1.322046,
1071.825,-0.2060696,0.1003774,5.437738,-2.482056,4.464941,0.2528189,0.07777604,0.04330663,0.9960299,0,0.195,7.437738,MixedRealityCamera,1.432175,
1071.842,-0.2071991,0.09982758,5.452955,-2.357483,4.459715,0.6085451,0.07769234,0.04113408,0.9961284,0,0.195,7.452955,MixedRealityCamera,1.495802,
1071.859,-0.2086738,0.0989425,5.468413,-2.30957,4.513661,0.9579014,0.07863285,0.04029892,0.9960888,0,0.195,7.468413,MixedRealityCamera,1.50285,
1071.875,-0.2100005,0.09797378,5.483884,-2.353638,4.613263,1.272387,0.08036181,0.04106706,0.9959194,0,0.195,7.483884,MixedRealityCamera,1.438855,
1071.892,-0.2114994,0.09655816,5.499518,-2.392883,4.760434,1.512738,0.08291733,0.04175143,0.9956815,0,0.195,7.499518,target_0,1.33896,
1071.909,-0.2129704,0.09512046,5.515,-2.477997,4.961771,1.691377,0.08641015,0.04323551,0.995321,0,0.195,7.515,target_0,1.173532,
1071.925,-0.2144693,0.09314252,5.5308,-2.525116,5.192546,1.886468,0.09041515,0.04405745,0.9949292,0,0.195,7.5308,target_0,0.9997552,
