#NEXT_T6_EU_PS_B0_C1_S4_0205163011
Timestamp,HeadPositionX,HeadPositionY,HeadPositionZ,HeadRotationX,HeadRotationY,HeadRotationZ,HeadForwardX,HeadForwardY,HeadForwardZ,TargetPositionX,TargetPositionY,TargetPositionZ,TargetEntered,TargetAngularDistance
510.3073,0.02884643,0.08555414,0.06647778,0.07080848,359.4146,359.6374,-0.01021717,-0.001235841,0.999947,-0.195,2.325352E-09,2.066478,DwellButton,6.262063,
510.3237,0.02884743,0.08560665,0.0664482,0.04450526,359.4335,359.6035,-0.009887117,-0.0007767633,0.9999508,-0.195,2.325352E-09,2.066448,MixedRealityCamera,6.290116,
510.3401,0.02885685,0.08563876,0.06642352,0.01469571,359.433,359.5886,-0.009896082,-0.0002564886,0.999951,-0.195,2.325352E-09,2.066423,MixedRealityCamera,6.301669,
510.3565,0.02883113,0.08564483,0.06638521,0.01706066,359.4166,359.5687,-0.01018168,-0.0002977648,0.9999481,-0.195,2.325352E-09,2.066385,MixedRealityCamera,6.285064,
510.3731,0.02878,0.08563641,0.06635377,0.03880389,359.3978,359.5609,-0.010511,-0.0006772556,0.9999445,-0.195,2.325352E-09,2.066354,MixedRealityCamera,6.257834,
510.3903,0.02878134,0.08562739,0.06631334,0.03900812,359.4105,359.5735,-0.01028947,-0.00068082,0.9999468,-0.195,2.325352E-09,2.066313,MixedRealityCamera,6.269447,
510.4066,0.0287561,0.08566903,0.06624295,0.03454688,359.4315,359.5791,-0.00992157,-0.0006029567,0.9999506,-0.195,2.325352E-09,2.066243,MixedRealityCamera,6.290428,
510.423,0.02875944,0.08569468,0.06620967,0.01724414,359.4433,359.5933,-0.009716661,-0.000300967,0.9999527,-0.195,2.325352E-09,2.06621,MixedRealityCamera,6.308293,
510.4404,0.02873813,0.0857365,0.06616193,359.9935,359.4473,359.6091,-0.009646696,0.0001142001,0.9999534,-0.195,2.325352E-09,2.066162,MixedRealityCamera,6.321054,
510.4561,0.02871305,0.08574887,0.06613433,359.9923,359.4431,359.6173,-0.009720542,0.0001343954,0.9999527,-0.195,2.325352E-09,2.066134,MixedRealityCamera,6.317083,
510.473,0.02861714,0.08575752,0.06611878,-0.005204569,359.4313,359.6182,-0.009924667,9.083687E-05,0.9999508,-0.195,2.325352E-09,2.066119,MixedRealityCamera,6.302914,
510.4901,0.02859278,0.08570095,0.06608953,0.01174937,359.4012,359.6078,-0.01045186,-0.0002050653,0.9999453,-0.195,2.325352E-09,2.06609,MixedRealityCamera,6.267289,
510.5065,0.02854136,0.08566649,0.0660587,0.03127503,359.4098,359.6051,-0.01030063,-0.0005458522,0.9999468,-0.195,2.325352E-09,2.066059,MixedRealityCamera,6.265975,
510.5233,0.0285481,0.08563462,0.06602105,0.02653342,359.4157,359.5921,-0.01019683,-0.0004630955,0.9999479,-0.195,2.325352E-09,2.066021,MixedRealityCamera,6.273168,
510.5403,0.02858282,0.08559819,0.06597203,0.03949302,359.4414,359.6078,-0.009749214,-0.0006892832,0.9999523,-0.195,2.325352E-09,2.065972,MixedRealityCamera,6.29236,
510.556,0.02860067,0.08557738,0.06589888,0.04649973,359.4703,359.6112,-0.009244196,-0.0008115732,0.999957,-0.195,2.325352E-09,2.065899,MixedRealityCamera,6.316679,
510.5732,0.02863349,0.08554686,0.06578957,0.05647026,359.4931,359.628,-0.008847019,-0.0009855919,0.9999604,-0.195,2.325352E-09,2.065789,MixedRealityCamera,6.334595,
510.5903,0.02861769,0.08557007,0.06569927,0.04980303,359.5046,359.6253,-0.0086465,-0.0008692268,0.9999623,-0.195,2.325352E-09,2.065699,MixedRealityCamera,6.34752,
510.6062,0.02858733,0.08562106,0.06559658,0.02607386,359.497,359.6263,-0.008778845,-0.0004550747,0.9999614,-0.195,2.325352E-09,2.065597,MixedRealityCamera,6.349249,
510.6231,0.02853836,0.0856432,0.06547746,0.006405654,359.4804,359.6344,-0.009068307,-0.0001117998,0.9999589,-0.195,2.325352E-09,2.065477,MixedRealityCamera,6.340442,
510.6405,0.02848433,0.08567496,0.06530687,359.9933,359.4537,359.6234,-0.009534116,0.0001163083,0.9999545,-0.195,2.325352E-09,2.065307,MixedRealityCamera,6.319721,
510.656,0.0284201,0.08569236,0.06517796,359.9695,359.4293,359.6292,-0.009960511,0.0005313075,0.9999502,-0.195,2.325352E-09,2.065178,MixedRealityCamera,6.30506,
510.673,0.02836525,0.08565816,0.06507453,359.9563,359.4175,359.6519,-0.01016627,0.0007633685,0.999948,-0.195,2.325352E-09,2.065074,MixedRealityCamera,6.297654,
510.6899,0.02830022,0.08568291,0.06496771,359.9401,359.3982,359.6783,-0.01050368,0.001046161,0.9999443,-0.195,2.325352E-09,2.064968,MixedRealityCamera,6.284908,
510.7063,0.0282933,0.08567405,0.06488495,359.9233,359.347,359.6964,-0.01139656,0.00133773,0.9999341,-0.195,2.325352E-09,2.064885,MixedRealityCamera,6.244411,
510.7228,0.02816456,0.08570966,0.06482015,359.9216,359.2875,359.7117,-0.01243521,0.001367889,0.9999217,-0.195,2.325352E-09,2.06482,MixedRealityCamera,6.187797,
510.7397,0.02804934,0.08559358,0.06481377,359.9338,359.1986,359.7308,-0.01398685,0.001156038,0.9999015,-0.195,2.325352E-09,2.064814,MixedRealityCamera,6.097411,
510.7556,0.02792761,0.08553195,0.0647783,0.004573699,359.0955,359.7483,-0.01578668,-7.98261E-05,0.9998754,-0.195,2.325352E-09,2.064778,MixedRealityCamera,5.970479,
510.7727,0.0277653,0.08549499,0.06482247,0.04344786,358.9966,359.7031,-0.01751087,-0.0007583081,0.9998464,-0.195,2.325352E-09,2.064822,MixedRealityCamera,5.859831,
510.7901,0.02763114,0.0853934,0.06482659,0.09435084,358.8853,359.6582,-0.01945339,-0.001646732,0.9998094,-0.195,2.325352E-09,2.064826,MixedRealityCamera,5.73282,
510.8064,0.02749278,0.08526933,0.06482815,0.1873895,358.7832,359.6759,-0.0212353,-0.003270557,0.9997692,-0.195,2.325352E-09,2.064828,MixedRealityCamera,5.596746,
510.8229,0.027313,0.08501963,0.06478935,0.3439173,358.661,359.7029,-0.02336749,-0.006002454,0.999709,-0.195,2.325352E-09,2.064789,MixedRealityCamera,5.415514,
510.8398,0.02710797,0.08463719,0.06478475,0.5390281,358.5116,359.7195,-0.02597286,-0.009407677,0.9996184,-0.195,2.325352E-09,2.064785,MixedRealityCamera,5.194822,
510.856,0.02673211,0.08423404,0.06474228,0.7652578,358.2379,359.6917,-0.03074737,-0.01335587,0.9994379,-0.195,2.325352E-09,2.064742,MixedRealityCamera,4.845331,
510.8725,0.02622967,0.08402126,0.06475034,0.8659328,357.8712,359.6787,-0.03714257,-0.0151128,0.9991957,-0.195,2.325352E-09,2.06475,MixedRealityCamera,4.450871,
510.8897,0.02573636,0.08402263,0.06478927,0.8709936,357.4929,359.6836,-0.04373767,-0.01520112,0.9989274,-0.195,2.325352E-09,2.064789,MixedRealityCamera,4.082887,
510.9066,0.02521729,0.08401354,0.06479314,0.8833582,357.0998,359.6899,-0.0505908,-0.0154169,0.9986005,-0.195,2.325352E-09,2.064793,MixedRealityCamera,3.702586,
510.9226,0.02469943,0.08405387,0.06485429,0.8508803,356.7361,359.6922,-0.05692969,-0.01485012,0.9982678,-0.195,2.325352E-09,2.064854,MixedRealityCamera,3.375857,
510.9398,0.02426836,0.08415237,0.06493157,0.7720702,356.433,359.7122,-0.06221058,-0.01347476,0.9979721,-0.195,2.325352E-09,2.064932,MixedRealityCamera,3.140244,
510.9559,0.02395256,0.08420546,0.06491076,0.7429288,356.185,359.7726,-0.06652988,-0.01296619,0.9977002,-0.195,2.325352E-09,2.064911,MixedRealityCamera,2.940647,
510.9729,0.02368518,0.08422321,0.0648331,0.747501,355.9899,359.8248,-0.06992712,-0.01304598,0.9974668,-0.195,2.325352E-09,2.064833,MixedRealityCamera,2.773046,
510.9901,0.0234878,0.0842291,0.06475167,0.7589085,355.8124,359.8809,-0.07301638,-0.01324506,0.9972428,-0.195,2.325352E-09,2.064752,MixedRealityCamera,2.621146,
511.0069,0.02330199,0.08421387,0.06470336,0.7703195,355.6895,359.876,-0.07515515,-0.01344421,0.9970812,-0.195,2.325352E-09,2.064703,MixedRealityCamera,2.514739,
511.0229,0.02313269,0.08415829,0.06466208,0.7870975,355.6188,359.8549,-0.07638498,-0.01373701,0.9969838,-0.195,2.325352E-09,2.064662,MixedRealityCamera,2.445686,
511.0397,0.02309153,0.08405513,0.06466552,0.8444679,355.5708,359.7989,-0.07721815,-0.01473821,0.9969053,-0.195,2.325352E-09,2.064666,MixedRealityCamera,2.368934,
511.0559,0.02305708,0.08403903,0.06471443,0.8497452,355.5297,359.7652,-0.07793349,-0.01483031,0.9968482,-0.195,2.325352E-09,2.064714,MixedRealityCamera,2.333555,
511.0728,0.02310076,0.08405347,0.06473777,0.8557932,355.5105,359.7293,-0.07826835,-0.01493585,0.9968204,-0.195,2.325352E-09,2.064738,MixedRealityCamera,2.316382,
511.0898,0.02314205,0.08403956,0.06477106,0.8639643,355.5217,359.6988,-0.07807292,-0.01507845,0.9968336,-0.195,2.325352E-09,2.064771,MixedRealityCamera,2.319928,
511.1072,0.02328171,0.08400068,0.06480262,0.8776239,355.5376,359.674,-0.07779646,-0.01531683,0.9968516,-0.195,2.325352E-09,2.064803,MixedRealityCamera,2.325237,
511.1226,0.02333185,0.08393074,0.06485267,0.8985015,355.5622,359.6365,-0.07736719,-0.01568117,0.9968793,-0.195,2.325352E-09,2.064853,MixedRealityCamera,2.330366,
511.1395,0.02336176,0.08392568,0.06490377,0.9082429,355.5438,359.6284,-0.07768707,-0.01585117,0.9968518,-0.195,2.325352E-09,2.064904,MixedRealityCamera,2.310544,
511.1555,0.02328902,0.08392102,0.06497683,0.9145799,355.5069,359.6099,-0.07832929,-0.01596175,0.9967998,-0.195,2.325352E-09,2.064977,MixedRealityCamera,2.276581,
511.1727,0.02322989,0.08383477,0.0650132,0.9757739,355.4598,359.5922,-0.07914633,-0.01702964,0.9967175,-0.195,2.325352E-09,2.065013,MixedRealityCamera,2.19838,
511.1896,0.0231291,0.08368579,0.06504215,1.074916,355.4247,359.5807,-0.07975447,-0.01875972,0.996638,-0.195,2.325352E-09,2.065042,MixedRealityCamera,2.103568,
511.2065,0.02302475,0.08354166,0.06508432,1.153886,355.3658,359.5821,-0.08077824,-0.02013775,0.9965286,-0.195,2.325352E-09,2.065084,MixedRealityCamera,2.003693,
511.2231,0.02290051,0.08343045,0.06514302,1.228558,355.2983,359.6004,-0.08194856,-0.02144074,0.9964059,-0.195,2.325352E-09,2.065143,MixedRealityCamera,1.900119,
511.2397,0.02280343,0.08333102,0.06520173,1.278864,355.2433,359.6397,-0.08290463,-0.02231853,0.9963076,-0.195,2.325352E-09,2.065202,MixedRealityCamera,1.821772,
511.2556,0.02270632,0.0832395,0.06525452,1.332413,355.1762,359.6492,-0.08406875,-0.0232529,0.9961886,-0.195,2.325352E-09,2.065254,MixedRealityCamera,1.732349,
511.2727,0.02256568,0.08311592,0.06527373,1.400758,355.0886,359.6471,-0.08559006,-0.02444541,0.9960305,-0.195,2.325352E-09,2.065274,MixedRealityCamera,1.615921,
511.2896,0.02243877,0.08299385,0.06528601,1.478067,355.0033,359.6682,-0.08707015,-0.02579427,0.9958682,-0.195,2.325352E-09,2.065286,MixedRealityCamera,1.496718,
511.3062,0.02233912,0.08286393,0.06526056,1.547234,354.9278,359.6575,-0.08837877,-0.02700104,0.9957209,-0.195,2.325352E-09,2.065261,target_6,1.390298,
511.3227,0.02224506,0.08279963,0.06519601,1.615133,354.8373,359.6321,-0.08994778,-0.02818566,0.9955476,-0.195,2.325352E-09,2.065196,target_6,1.274261,
511.3396,0.02205572,0.08270401,0.06514576,1.664795,354.7132,359.5795,-0.09210271,-0.02905207,0.9953256,-0.195,2.325352E-09,2.065146,target_6,1.139008,
511.3563,0.02185481,0.08258243,0.06512053,1.717657,354.579,359.5493,-0.09443036,-0.02997427,0.9950801,-0.195,2.325352E-09,2.06512,target_6,0.9942597,
511.3726,0.02167996,0.08250067,0.0650865,1.753193,354.4503,359.5468,-0.09666488,-0.03059421,0.9948466,-0.195,2.325352E-09,2.065087,target_6,0.8688563,
511.3896,0.02143773,0.08238405,0.06501745,1.799731,354.2796,359.4974,-0.09962489,-0.03140606,0.9945293,-0.195,2.325352E-09,2.065017,target_6,0.7105184,
511.406,0.02120923,0.08232734,0.06496093,1.853658,354.1328,359.4934,-0.1021687,-0.03234679,0.9942411,-0.195,2.325352E-09,2.064961,target_6,0.575053,
511.4226,0.0209689,0.08227502,0.06495644,1.840564,353.9905,359.468,-0.1046394,-0.03211838,0.9939914,-0.195,2.325352E-09,2.064956,target_6,0.5241405,
511.4401,0.02074137,0.0822613,0.06493349,1.810035,353.8507,359.4436,-0.1070656,-0.03158581,0.9937501,-0.195,2.325352E-09,2.064934,target_6,0.5311863,
511.4552,0.0205176,0.08227532,0.0649478,1.818143,353.6974,359.425,-0.1097245,-0.03172726,0.9934555,-0.195,2.325352E-09,2.064948,target_6,0.5457222,
511.4725,0.02031884,0.08232926,0.06495077,1.774489,353.5689,359.3986,-0.1119544,-0.03096572,0.9932308,-0.195,2.325352E-09,2.064951,target_6,0.6367366,
511.4894,0.02016887,0.08250743,0.06503268,1.674269,353.5114,359.4109,-0.1129566,-0.02921734,0.9931703,-0.195,2.325352E-09,2.065033,target_6,0.7587299,
511.5061,0.0201335,0.0827314,0.06501956,1.586392,353.4753,359.4445,-0.1135876,-0.02768422,0.9931422,-0.195,2.325352E-09,2.06502,target_6,0.8598006,
511.5231,0.02008284,0.08284031,0.06503622,1.53245,353.5007,359.4869,-0.11315,-0.02674311,0.9932179,-0.195,2.325352E-09,2.065036,target_6,0.9013549,
511.5384,0.02009818,0.08287282,0.06502078,1.519202,353.5564,359.534,-0.1121864,-0.02651197,0.9933335,-0.195,2.325352E-09,2.065021,target_6,0.8935054,
511.5561,0.02017598,0.08282,0.06513943,1.541754,353.6363,359.5847,-0.1107993,-0.02690543,0.9934785,-0.195,2.325352E-09,2.06514,target_6,0.845804,
511.5724,0.02029182,0.08273834,0.06516732,1.586541,353.7418,359.631,-0.1089681,-0.02768683,0.9936596,-0.195,2.325352E-09,2.065167,target_6,0.7770769,
511.5892,0.02039194,0.08266479,0.06528669,1.645403,353.8201,359.6388,-0.1076062,-0.02871376,0.9937789,-0.195,2.325352E-09,2.065287,target_6,0.7083117,
511.606,0.0204639,0.08257303,0.06533182,1.69522,353.8594,359.6396,-0.1069221,-0.02958285,0.9938272,-0.195,2.325352E-09,2.065332,target_6,0.6555129,
511.6224,0.02049001,0.08247815,0.06544782,1.718232,353.8729,359.6026,-0.1066861,-0.0299843,0.9938405,-0.195,2.325352E-09,2.065448,target_6,0.6299395,
511.6388,0.02051098,0.08243803,0.06548885,1.76343,353.8784,359.529,-0.1065894,-0.0307728,0.9938268,-0.195,2.325352E-09,2.065489,target_6,0.5834977,
511.6554,0.02052397,0.08237465,0.06558824,1.796614,353.8992,359.4637,-0.1062253,-0.03135169,0.9938477,-0.195,2.325352E-09,2.065588,target_6,0.5500081,
511.6726,0.02054533,0.08230785,0.06566165,1.821678,353.9088,359.4324,-0.1060575,-0.03178892,0.9938517,-0.195,2.325352E-09,2.065662,target_6,0.5252593,
511.6895,0.02055408,0.08223513,0.06575739,1.854967,353.9321,359.4376,-0.1056516,-0.03236963,0.9938762,-0.195,2.325352E-09,2.065757,target_6,0.4933717,
511.7059,0.02056018,0.08215685,0.06579852,1.877039,353.9526,359.423,-0.1052938,-0.03275465,0.9939016,-0.195,2.325352E-09,2.065799,target_6,0.4735395,
511.7219,0.02056533,0.08211982,0.06587327,1.892525,353.9994,359.4395,-0.1044824,-0.0330248,0.9939783,-0.195,2.325352E-09,2.065873,target_6,0.4702222,
511.7387,0.02056638,0.08212724,0.06588535,1.878188,354.0487,359.4754,-0.1036279,-0.03277469,0.994076,-0.195,2.325352E-09,2.065885,target_6,0.501241,
511.7558,0.02053458,0.08219372,0.06597313,1.841003,354.0638,359.4961,-0.1033667,-0.03212604,0.9941244,-0.195,2.325352E-09,2.065973,target_6,0.5432066,
511.7722,0.02048982,0.08234872,0.06592001,1.75262,354.0743,359.4935,-0.1031899,-0.03058422,0.9941913,-0.195,2.325352E-09,2.06592,target_6,0.6327289,
511.7895,0.02041056,0.08242564,0.06581859,1.719288,354.089,359.4615,-0.1029381,-0.03000274,0.9942352,-0.195,2.325352E-09,2.065819,target_6,0.66998,
511.8064,0.02040913,0.08249366,0.06572122,1.692607,354.1,359.4078,-0.1027481,-0.02953727,0.9942688,-0.195,2.325352E-09,2.065721,target_6,0.7010924,
511.8223,0.0204277,0.08253395,0.06570268,1.665531,354.1214,359.3448,-0.1023774,-0.02906491,0.9943209,-0.195,2.325352E-09,2.065703,target_6,0.7351527,
511.8383,0.02052124,0.08254604,0.06561975,1.651268,354.1638,359.3358,-0.1016432,-0.02881607,0.9944035,-0.195,2.325352E-09,2.06562,target_6,0.7659171,
511.8556,0.02059193,0.08256565,0.06553562,1.661386,354.2061,359.3104,-0.1009073,-0.02899259,0.9944733,-0.195,2.325352E-09,2.065536,target_6,0.7765731,
511.8724,0.02068919,0.08252937,0.06545206,1.677695,354.2611,359.3096,-0.09995168,-0.02927712,0.9945615,-0.195,2.325352E-09,2.065452,target_6,0.7898148,
511.889,0.02078621,0.08248129,0.06539531,1.710245,354.3121,359.2991,-0.09906466,-0.02984497,0.9946333,-0.195,2.325352E-09,2.065395,target_6,0.7922885,
511.9059,0.02079225,0.08241381,0.06537305,1.71807,354.3536,359.2873,-0.09834514,-0.02998149,0.9947006,-0.195,2.325352E-09,2.065373,target_6,0.8098756,
511.9224,0.02079041,0.08234023,0.06537025,1.718867,354.3805,359.2817,-0.09787782,-0.02999539,0.9947463,-0.195,2.325352E-09,2.06537,target_6,0.8244823,
511.938,0.02073563,0.08222399,0.06529836,1.753866,354.4102,359.2945,-0.0973608,-0.03060596,0.9947785,-0.195,2.325352E-09,2.065298,target_6,0.8154138,
511.9558,0.02070356,0.0821552,0.06525286,1.822018,354.4106,359.3128,-0.09734881,-0.03179485,0.9947423,-0.195,2.325352E-09,2.065253,target_6,0.7661725,
511.9717,0.0205918,0.08204602,0.06516147,1.890117,354.3952,359.3375,-0.09761314,-0.03298279,0.9946777,-0.195,2.325352E-09,2.065161,target_6,0.7058211,
511.9894,0.02045939,0.08205348,0.06502758,1.948579,354.3649,359.3652,-0.09813559,-0.03400256,0.994592,-0.195,2.325352E-09,2.065027,target_6,0.6428534,
512.0056,0.02031006,0.0820425,0.0649174,1.964918,354.3232,359.3871,-0.0988595,-0.03428757,0.9945105,-0.195,2.325352E-09,2.064917,target_6,0.5967609,
512.0219,0.02008766,0.08211409,0.06479983,1.943306,354.29,359.4014,-0.09943601,-0.03391058,0.9944659,-0.195,2.325352E-09,2.0648,target_6,0.5818186,
512.0372,0.01995157,0.08215333,0.0647153,1.921774,354.2455,359.4028,-0.1002103,-0.033535,0.994401,-0.195,2.325352E-09,2.064715,target_6,0.5637122,
512.0575,0.0198192,0.08225232,0.064608,1.890019,354.2174,359.4061,-0.1006987,-0.03298108,0.9943702,-0.195,2.325352E-09,2.064608,target_6,0.5702693,
512.072,0.0197332,0.08230423,0.06454742,1.86425,354.2176,359.416,-0.1006975,-0.03253157,0.9943851,-0.195,2.325352E-09,2.064548,target_6,0.590498,
512.0887,0.01968595,0.08234459,0.06447473,1.83494,354.2404,359.4235,-0.1003029,-0.03202027,0.9944416,-0.195,2.325352E-09,2.064475,target_6,0.6277614,
512.1057,0.01965979,0.08234743,0.06442952,1.838284,354.2716,359.4267,-0.09976147,-0.0320786,0.9944941,-0.195,2.325352E-09,2.06443,target_6,0.6437659,
512.1222,0.0196349,0.08231644,0.06438133,1.860365,354.2992,359.4394,-0.09928177,-0.0324638,0.9945297,-0.195,2.325352E-09,2.064381,target_6,0.6425489,
512.1381,0.01957556,0.08229353,0.06435646,1.894408,354.3055,359.4466,-0.09917051,-0.03305764,0.9945212,-0.195,2.325352E-09,2.064357,target_6,0.6205508,
512.1552,0.01949409,0.08226043,0.06440156,1.905014,354.2879,359.4532,-0.09947556,-0.03324264,0.9944845,-0.195,2.325352E-09,2.064402,target_6,0.598725,
512.1718,0.01939259,0.08222459,0.06441495,1.950225,354.2588,359.4667,-0.0999769,-0.03403128,0.9944076,-0.195,2.325352E-09,2.064415,target_6,0.5428462,
512.1892,0.01924437,0.082287,0.06442472,1.973782,354.2258,359.4507,-0.100549,-0.03444218,0.9943358,-0.195,2.325352E-09,2.064425,target_6,0.5016313,
512.2052,0.01914277,0.082314,0.06443436,1.982193,354.2145,359.3986,-0.1007442,-0.0345889,0.9943109,-0.195,2.325352E-09,2.064434,target_6,0.4869847,
512.2228,0.01901454,0.082366,0.06442642,1.968215,354.2283,359.3962,-0.1005049,-0.03434509,0.9943436,-0.195,2.325352E-09,2.064426,target_6,0.5051297,
512.2381,0.0189749,0.08236393,0.06444003,1.972053,354.2517,359.4381,-0.1000994,-0.03441203,0.9943822,-0.195,2.325352E-09,2.06444,target_6,0.5169988,
512.2553,0.01891706,0.08230423,0.06445172,1.986885,354.2775,359.4779,-0.09965046,-0.03467074,0.9944183,-0.195,2.325352E-09,2.064452,target_6,0.5222706,
512.2722,0.01890199,0.08226445,0.06446593,2.009665,354.3152,359.5421,-0.09899457,-0.03506807,0.9944699,-0.195,2.325352E-09,2.064466,target_6,0.5348573,
512.2886,0.01884317,0.08221541,0.0644804,2.038487,354.3168,359.5834,-0.0989651,-0.03557081,0.9944549,-0.195,2.325352E-09,2.06448,target_6,0.5169988,
512.3058,0.01875,0.08214042,0.06444538,2.092264,354.266,359.5901,-0.09984405,-0.03650878,0.9943331,-0.195,2.325352E-09,2.064445,target_6,0.4410186,
512.3218,0.01852363,0.08203028,0.06440634,2.138342,354.1943,359.5804,-0.1010849,-0.03731244,0.9941779,-0.195,2.325352E-09,2.064406,target_6,0.3494264,
512.338,0.01844219,0.08198716,0.0643847,2.164417,354.1263,359.564,-0.1022622,-0.03776721,0.9940403,-0.195,2.325352E-09,2.064385,target_6,0.2762456,
512.3551,0.01830623,0.08195645,0.06434338,2.183173,354.0719,359.5352,-0.1032057,-0.03809435,0.9939303,-0.195,2.325352E-09,2.064343,target_6,0.2185032,
512.3716,0.01830351,0.08194482,0.06432641,2.189597,354.0495,359.5222,-0.1035936,-0.03820637,0.9938856,-0.195,2.325352E-09,2.064326,target_6,0.1968319,
512.3882,0.01830566,0.08198503,0.0643226,2.179607,354.0558,359.5255,-0.1034841,-0.03803214,0.9939037,-0.195,2.325352E-09,2.064323,target_6,0.2112177,
512.4052,0.01837686,0.08193175,0.06427344,2.200113,354.0682,359.5341,-0.103269,-0.03838978,0.9939123,-0.195,2.325352E-09,2.064273,target_6,0.2055842,
512.4222,0.01836578,0.08185953,0.0641913,2.22897,354.1055,359.5004,-0.1026193,-0.03889306,0.9939601,-0.195,2.325352E-09,2.064191,target_6,0.2185032,
512.4376,0.01845067,0.08184408,0.06413299,2.252693,354.1294,359.4671,-0.1022034,-0.03930679,0.9939867,-0.195,2.325352E-09,2.064133,target_6,0.2332305,
512.4551,0.01850371,0.08182513,0.0640533,2.263613,354.1715,359.464,-0.1014721,-0.03949722,0.994054,-0.195,2.325352E-09,2.064053,target_6,0.2733977,
512.472,0.01854516,0.08187236,0.06398834,2.249871,354.1851,359.4786,-0.1012377,-0.03925757,0.9940874,-0.195,2.325352E-09,2.063988,target_6,0.2907402,
512.4891,0.01849469,0.08195025,0.06392151,2.20946,354.1825,359.4969,-0.1012855,-0.03855281,0.9941101,-0.195,2.325352E-09,2.063921,target_6,0.3019647,
512.5051,0.01849112,0.08202451,0.06387246,2.17129,354.1642,359.5032,-0.1016059,-0.03788709,0.994103,-0.195,2.325352E-09,2.063873,target_6,0.3045456,
512.5215,0.01841569,0.08204404,0.06381562,2.164852,354.1357,359.5049,-0.1020993,-0.03777481,0.9940568,-0.195,2.325352E-09,2.063816,target_6,0.2832403,
512.5378,0.01837225,0.0820488,0.06378405,2.172413,354.0821,359.495,-0.1030287,-0.03790667,0.9939558,-0.195,2.325352E-09,2.063784,target_6,0.2365626,
512.5555,0.01828865,0.08197245,0.0637289,2.177102,354.0325,359.4893,-0.103889,-0.03798846,0.9938632,-0.195,2.325352E-09,2.063729,target_6,0.1978235,
512.5722,0.01828649,0.08199527,0.06372538,2.167897,354.0073,359.5051,-0.1043276,-0.03782791,0.9938233,-0.195,2.325352E-09,2.063725,target_6,0.1907741,
512.5884,0.01830318,0.08202267,0.06370331,2.162322,354.0044,359.5032,-0.1043785,-0.03773068,0.9938217,-0.195,2.325352E-09,2.063703,target_6,0.1948336,
512.6052,0.01833658,0.08198162,0.06366056,2.201008,354.0191,359.5075,-0.10412,-0.0384054,0.9938229,-0.195,2.325352E-09,2.063661,target_6,0.1713202,
512.6216,0.01836474,0.08189698,0.06363444,2.228183,354.0387,359.5085,-0.1037784,-0.03887932,0.9938403,-0.195,2.325352E-09,2.063634,target_6,0.1631294,
512.6377,0.01841903,0.08184165,0.06362305,2.251777,354.0505,359.5175,-0.1035724,-0.0392908,0.9938456,-0.195,2.325352E-09,2.063623,target_6,0.1594904,
512.6555,0.01842286,0.08178636,0.06359503,2.279165,354.0615,359.5155,-0.1033793,-0.03976845,0.9938467,-0.195,2.325352E-09,2.063595,target_6,0.1594904,
512.672,0.01845764,0.08176251,0.063557,2.293786,354.0562,359.5246,-0.1034698,-0.04002343,0.993827,-0.195,2.325352E-09,2.063557,target_6,0.1519511,
512.6875,0.01844579,0.08171632,0.06344869,2.317614,354.0467,359.5187,-0.103633,-0.04043896,0.9937932,-0.195,2.325352E-09,2.063449,target_6,0.1370561,
512.705,0.01847072,0.08165638,0.06332396,2.361678,354.0378,359.5019,-0.1037846,-0.04120738,0.9937458,-0.195,2.325352E-09,2.063324,target_6,0.1341704,
512.7218,0.0184813,0.08155388,0.06317544,2.384483,354.0283,359.4899,-0.1039471,-0.04160506,0.9937122,-0.195,2.325352E-09,2.063175,target_6,0.1341704,
512.7374,0.01853048,0.0815455,0.06302384,2.400023,354.0374,359.4828,-0.103789,-0.04187605,0.9937174,-0.195,2.325352E-09,2.063024,target_6,0.1532334,
512.7549,0.01856658,0.08152354,0.06287564,2.37443,354.0506,359.4719,-0.1035607,-0.04142976,0.9937599,-0.195,2.325352E-09,2.062876,target_6,0.1532334,
512.7714,0.01862842,0.08161639,0.06272177,2.345316,354.0726,359.469,-0.1031824,-0.04092206,0.9938203,-0.195,2.325352E-09,2.062722,target_6,0.1713202,
512.7874,0.01864756,0.0816863,0.06253797,2.32146,354.0913,359.4695,-0.1028593,-0.04050603,0.9938709,-0.195,2.325352E-09,2.062538,target_6,0.1876719,
512.8047,0.01870804,0.08169311,0.0623428,2.306233,354.1298,359.4594,-0.102193,-0.04024049,0.9939504,-0.195,2.325352E-09,2.062343,target_6,0.2289973,
512.8217,0.01873954,0.08164978,0.06214057,2.319149,354.1624,359.4633,-0.1016249,-0.04046573,0.9939995,-0.195,2.325352E-09,2.06214,target_6,0.2631872,
512.837,0.01875413,0.08160682,0.06193741,2.315021,354.179,359.4708,-0.1013376,-0.04039374,0.9940317,-0.195,2.325352E-09,2.061937,target_6,0.2797648,
512.8552,0.01878509,0.0816351,0.06170369,2.320048,354.1734,359.4919,-0.1014354,-0.04048141,0.9940181,-0.195,2.325352E-09,2.061704,target_6,0.2741124,
512.8715,0.01874607,0.08166803,0.0615015,2.286747,354.1487,359.5294,-0.1018652,-0.03990068,0.9939977,-0.195,2.325352E-09,2.061502,target_6,0.2517883,
512.8878,0.01867918,0.08166559,0.06128955,2.287548,354.1054,359.534,-0.1026165,-0.03991463,0.9939198,-0.195,2.325352E-09,2.06129,target_6,0.2074791,
512.9055,0.01862696,0.08175397,0.06108848,2.259447,354.0651,359.506,-0.103318,-0.03942456,0.9938667,-0.195,2.325352E-09,2.061089,target_6,0.174713,
512.9219,0.01857757,0.08185196,0.0608448,2.212544,354.0533,359.4843,-0.1035264,-0.03860658,0.9938772,-0.195,2.325352E-09,2.060845,target_6,0.1887116,
512.9382,0.01857751,0.08194417,0.06059897,2.173283,354.0612,359.4929,-0.103391,-0.03792184,0.9939176,-0.195,2.325352E-09,2.060599,target_6,0.2238118,
512.9548,0.01861488,0.08200695,0.06030834,2.175294,354.0886,359.5094,-0.1029164,-0.03795693,0.9939656,-0.195,2.325352E-09,2.060308,target_6,0.2430897,
512.9716,0.0186225,0.08203693,0.0599983,2.183825,354.1161,359.5395,-0.1024393,-0.03810572,0.9940091,-0.195,2.325352E-09,2.059998,target_6,0.261696,
512.9879,0.01864769,0.08210786,0.05973509,2.14458,354.1487,359.5818,-0.1018763,-0.03742123,0.994093,-0.195,2.325352E-09,2.059735,target_6,0.3121605,
513.0048,0.01863538,0.08222534,0.05948923,2.053082,354.165,359.6181,-0.1015979,-0.03582536,0.9941803,-0.195,2.325352E-09,2.059489,target_6,0.3896677,
513.0215,0.01859843,0.08233114,0.05920616,1.980582,354.1544,359.6348,-0.1017881,-0.03456078,0.9942056,-0.195,2.325352E-09,2.059206,target_6,0.4405747,
513.0368,0.0185587,0.08235767,0.05892155,1.962002,354.1085,359.6345,-0.1025854,-0.0342367,0.9941348,-0.195,2.325352E-09,2.058922,target_6,0.4329587,
513.0547,0.0184962,0.08233298,0.0586588,1.979432,354.0688,359.6147,-0.1032732,-0.03454074,0.9940531,-0.195,2.325352E-09,2.058659,target_6,0.3986039,
513.0718,0.01844441,0.082365,0.05840662,1.981573,354.0313,359.6096,-0.1039221,-0.03457807,0.9939842,-0.195,2.325352E-09,2.058407,target_6,0.3841043,
513.0873,0.01836064,0.08239507,0.05821462,1.963591,354.0184,359.6089,-0.1041477,-0.03426442,0.9939714,-0.195,2.325352E-09,2.058215,target_6,0.3966355,
513.105,0.01838958,0.0824604,0.05804843,1.93686,354.0316,359.6571,-0.1039213,-0.03379815,0.9940111,-0.195,2.325352E-09,2.058048,target_6,0.4284154,
513.1214,0.01839227,0.08256184,0.05786197,1.922923,354.0561,359.6802,-0.1034963,-0.03355504,0.9940637,-0.195,2.325352E-09,2.057862,target_6,0.4524074,
513.1367,0.0183917,0.0825289,0.05770143,1.936352,354.0838,359.669,-0.103015,-0.03378929,0.9941057,-0.195,2.325352E-09,2.057701,target_6,0.4484978,
513.1548,0.01841242,0.08245234,0.05760418,1.945369,354.0955,359.6535,-0.1028118,-0.03394657,0.9941214,-0.195,2.325352E-09,2.057604,target_6,0.4427898,
513.1709,0.0184399,0.08245791,0.0574546,1.974562,354.0986,359.659,-0.1027553,-0.03445578,0.9941097,-0.195,2.325352E-09,2.057455,target_6,0.4187142,
513.1879,0.01840648,0.08241474,0.05731861,1.969014,354.0893,359.6433,-0.1029179,-0.03435902,0.9940963,-0.195,2.325352E-09,2.057319,target_6,0.4173099,
513.2047,0.0184033,0.08238846,0.05717389,1.980751,354.0984,359.6243,-0.1027583,-0.03456374,0.9941057,-0.195,2.325352E-09,2.057174,target_6,0.4102162,
513.2219,0.01834529,0.08238874,0.05706985,1.968323,354.1065,359.6158,-0.102619,-0.03434697,0.9941276,-0.195,2.325352E-09,2.05707,target_6,0.4247459,
513.2372,0.01837102,0.08239621,0.05695455,1.969206,354.1152,359.6292,-0.1024679,-0.03436237,0.9941427,-0.195,2.325352E-09,2.056955,target_6,0.4279585,
513.2544,0.01832802,0.08244881,0.05683497,1.97886,354.1218,359.6402,-0.1023526,-0.03453076,0.9941487,-0.195,2.325352E-09,2.056835,target_6,0.4238235,
513.271,0.01833771,0.08246425,0.05670178,1.986096,354.1083,359.6414,-0.1025862,-0.03465698,0.9941202,-0.195,2.325352E-09,2.056702,target_6,0.4116447,
513.2878,0.01829192,0.08251824,0.0565788,1.967084,354.0923,359.6343,-0.1028659,-0.03432535,0.9941028,-0.195,2.325352E-09,2.056579,target_6,0.4224361,
513.3049,0.01828488,0.08252805,0.05645249,1.946902,354.0851,359.6373,-0.1029919,-0.03397332,0.9941018,-0.195,2.325352E-09,2.056453,target_6,0.4374548,
513.3216,0.01821098,0.0825085,0.05633845,1.951873,354.0815,359.6215,-0.1030536,-0.03406002,0.9940925,-0.195,2.325352E-09,2.056339,target_6,0.4302385,
513.3367,0.01823496,0.08252308,0.05621691,1.93882,354.0851,359.631,-0.1029915,-0.03383235,0.9941067,-0.195,2.325352E-09,2.056217,target_6,0.4449939,
513.3544,0.01821214,0.08249816,0.05609023,1.924689,354.0918,359.6561,-0.1028771,-0.03358585,0.9941269,-0.195,2.325352E-09,2.05609,target_6,0.4592754,
513.3712,0.01827384,0.08252785,0.05593943,1.91816,354.1131,359.6825,-0.1025082,-0.03347195,0.9941688,-0.195,2.325352E-09,2.055939,target_6,0.4747775,
513.3877,0.01828179,0.0825952,0.05577436,1.91887,354.1153,359.7034,-0.1024693,-0.03348434,0.9941725,-0.195,2.325352E-09,2.055774,target_6,0.4776538,
513.4048,0.01833941,0.08265039,0.05561912,1.900307,354.1221,359.6964,-0.1023531,-0.03316054,0.9941953,-0.195,2.325352E-09,2.055619,target_6,0.4992853,
513.4213,0.01832556,0.08272234,0.05544957,1.882684,354.113,359.6951,-0.1025106,-0.03285313,0.9941893,-0.195,2.325352E-09,2.055449,target_6,0.5135812,
513.437,0.01837981,0.0827922,0.05529054,1.822664,354.1012,359.6818,-0.1027196,-0.03180612,0.9942017,-0.195,2.325352E-09,2.05529,target_6,0.5675176,
513.4549,0.01838059,0.08276623,0.05520844,1.778804,354.0861,359.6653,-0.1029842,-0.031041,0.9941985,-0.195,2.325352E-09,2.055208,target_6,0.6036074,
513.4714,0.01835856,0.08274256,0.0550776,1.770818,354.0777,359.6578,-0.1031301,-0.03090168,0.9941877,-0.195,2.325352E-09,2.055078,target_6,0.6081289,
513.4876,0.01845033,0.08270289,0.05493534,1.784779,354.0868,359.6432,-0.1029711,-0.03114524,0.9941967,-0.195,2.325352E-09,2.054935,target_6,0.5967609,
513.5042,0.01851664,0.08268033,0.05478088,1.814706,354.0934,359.633,-0.1028553,-0.0316673,0.9941921,-0.195,2.325352E-09,2.054781,target_6,0.5706123,
513.5209,0.01862509,0.08266389,0.05463921,1.848427,354.126,359.619,-0.1022883,-0.03225554,0.9942317,-0.195,2.325352E-09,2.054639,target_6,0.5517841,
513.5374,0.0187044,0.08265986,0.05455342,1.854832,354.1378,359.5989,-0.1020836,-0.03236728,0.9942491,-0.195,2.325352E-09,2.054554,target_6,0.5517841,
513.5549,0.01877413,0.08268732,0.05446168,1.801246,354.1359,359.599,-0.1021188,-0.03143249,0.9942755,-0.195,2.325352E-09,2.054462,target_6,0.6013339,
513.5707,0.01874185,0.08269475,0.05436982,1.791096,354.1281,359.5879,-0.1022543,-0.03125542,0.9942672,-0.195,2.325352E-09,2.05437,target_6,0.6074851,
513.5878,0.01878867,0.08269109,0.05426557,1.799079,354.1252,359.5575,-0.102305,-0.0313947,0.9942576,-0.195,2.325352E-09,2.054265,target_6,0.5997046,
513.6043,0.01876423,0.08261183,0.05419069,1.813854,354.1219,359.4979,-0.1023608,-0.03165243,0.9942436,-0.195,2.325352E-09,2.054191,target_6,0.5821548,
513.6208,0.01883061,0.08259965,0.05410972,1.824371,354.1293,359.5,-0.1022316,-0.0318359,0.9942511,-0.195,2.325352E-09,2.05411,target_6,0.5757331,
513.6367,0.01881678,0.08268169,0.05404914,1.82143,354.1517,359.5196,-0.1018428,-0.0317846,0.9942926,-0.195,2.325352E-09,2.054049,target_6,0.5898349,
513.6542,0.01886484,0.08261155,0.05394983,1.842823,354.1643,359.5555,-0.1016231,-0.03215778,0.9943031,-0.195,2.325352E-09,2.05395,target_6,0.575053,
513.6708,0.01880632,0.08254323,0.0538213,1.881401,354.1902,359.5723,-0.1011718,-0.03283074,0.9943271,-0.195,2.325352E-09,2.053821,target_6,0.5517841,
513.6871,0.018793,0.08248728,0.05369667,1.920835,354.1754,359.5759,-0.1014262,-0.03351862,0.9942783,-0.195,2.325352E-09,2.053697,target_6,0.5093729,
513.7047,0.01871536,0.08246739,0.05357943,1.92621,354.1209,359.5846,-0.1023708,-0.03361237,0.9941782,-0.195,2.325352E-09,2.053579,target_6,0.4756011,
513.7207,0.01866393,0.08248928,0.05343772,1.905255,354.0343,359.577,-0.1038755,-0.03324685,0.9940345,-0.195,2.325352E-09,2.053438,target_6,0.4626713,
513.7366,0.0185538,0.08252421,0.05331427,1.867553,353.9777,359.5669,-0.1048601,-0.03258918,0.9939529,-0.195,2.325352E-09,2.053314,target_6,0.4873863,
513.7545,0.01853405,0.08256245,0.05317611,1.855049,353.9366,359.5637,-0.1055739,-0.03237106,0.9938844,-0.195,2.325352E-09,2.053176,target_6,0.4969283,
513.7707,0.01844228,0.08255016,0.05303737,1.868063,353.9315,359.541,-0.105661,-0.03259808,0.9938678,-0.195,2.325352E-09,2.053037,target_6,0.4821389,
513.7879,0.01849158,0.08247749,0.05292609,1.903688,353.9419,359.5539,-0.105478,-0.03321952,0.9938666,-0.195,2.325352E-09,2.052926,target_6,0.4458725,
513.8038,0.01854005,0.0824638,0.05283744,1.920556,353.9717,359.5945,-0.1049609,-0.03351375,0.9939115,-0.195,2.325352E-09,2.052837,target_6,0.4325065,
513.8207,0.01862949,0.08247033,0.05272004,1.907584,354.0016,359.6068,-0.1044427,-0.03328748,0.9939737,-0.195,2.325352E-09,2.05272,target_6,0.4511079,
513.8364,0.01864575,0.0825548,0.05260709,1.892745,354.0247,359.5719,-0.1040425,-0.03302862,0.9940243,-0.195,2.325352E-09,2.052607,target_6,0.4735395,
513.8545,0.01874702,0.08265069,0.05252001,1.867015,354.0526,359.5818,-0.1035597,-0.0325798,0.9940895,-0.195,2.325352E-09,2.05252,target_6,0.5093729,
513.8709,0.01874361,0.08267981,0.05248153,1.838842,354.0542,359.5685,-0.103535,-0.03208834,0.9941081,-0.195,2.325352E-09,2.052481,target_6,0.5370479,
513.8874,0.01880277,0.08266251,0.05247878,1.815559,354.0406,359.5614,-0.1037712,-0.03168219,0.9940965,-0.195,2.325352E-09,2.052479,target_6,0.5560232,
513.9041,0.01880537,0.08269712,0.05247926,1.8271,354.0488,359.5348,-0.1036279,-0.0318835,0.994105,-0.195,2.325352E-09,2.052479,target_6,0.5485832,
513.9207,0.01887881,0.08262579,0.05245506,1.869205,354.0361,359.5336,-0.1038464,-0.03261799,0.9940583,-0.195,2.325352E-09,2.052455,target_6,0.5028,
513.9366,0.01885629,0.08251638,0.05244188,1.924458,354.0444,359.5231,-0.1036987,-0.03358181,0.9940417,-0.195,2.325352E-09,2.052442,target_6,0.4493696,
513.9541,0.018906,0.08249776,0.05242858,1.952298,354.0352,359.5237,-0.1038575,-0.03406744,0.9940085,-0.195,2.325352E-09,2.052428,target_6,0.4201138,
513.9706,0.01883457,0.08260377,0.05271225,1.948194,354.0146,359.5246,-0.1042151,-0.03399585,0.9939736,-0.195,2.325352E-09,2.052712,target_6,0.4196478,
513.9869,0.01885091,0.08263207,0.05276495,1.922408,354.0053,359.5248,-0.104377,-0.03354605,0.9939719,-0.195,2.325352E-09,2.052765,target_6,0.4441136,
514.0038,0.01877741,0.08269168,0.05305874,1.900111,353.9957,359.5144,-0.1045464,-0.03315712,0.9939671,-0.195,2.325352E-09,2.053059,target_6,0.464781,
514.0205,0.01878374,0.082647,0.0530709,1.917224,354.0019,359.5149,-0.104437,-0.03345563,0.9939686,-0.195,2.325352E-09,2.053071,target_6,0.4476244,
514.0365,0.0187878,0.08265992,0.0532372,1.97532,353.9977,359.5357,-0.104507,-0.034469,0.9939266,-0.195,2.325352E-09,2.053237,target_6,0.3906707,
514.0538,0.01881634,0.08265756,0.0532193,2.011685,353.9983,359.5418,-0.104494,-0.03510332,0.9939058,-0.195,2.325352E-09,2.053219,target_6,0.3555328,
514.0713,0.01886213,0.08268917,0.05340655,1.999226,353.991,359.5441,-0.1046213,-0.03488599,0.9939001,-0.195,2.325352E-09,2.053406,target_6,0.3674413,
514.0869,0.01888108,0.08272985,0.05342952,1.969059,353.969,359.5417,-0.1050053,-0.0343598,0.9938779,-0.195,2.325352E-09,2.05343,target_6,0.3921704,
514.1035,0.01887701,0.08267829,0.05365828,1.944415,353.9489,359.5178,-0.1053552,-0.03392994,0.9938557,-0.195,2.325352E-09,2.053658,target_6,0.4125943,
514.1201,0.01889039,0.08265184,0.0536743,1.980151,353.9517,359.4948,-0.1053042,-0.03455328,0.9938396,-0.195,2.325352E-09,2.053674,target_6,0.3769049,
514.1365,0.01890692,0.08263332,0.05381139,2.019588,353.9603,359.4732,-0.1051528,-0.03524116,0.9938315,-0.195,2.325352E-09,2.053811,target_6,0.3386196,
514.1537,0.01896288,0.08256842,0.05381586,2.049839,353.9834,359.4883,-0.1047501,-0.0357688,0.9938551,-0.195,2.325352E-09,2.053816,target_6,0.3134116,
514.1706,0.01902388,0.08258536,0.05394531,2.044808,354.0142,359.5037,-0.104215,-0.03568106,0.9939145,-0.195,2.325352E-09,2.053945,target_6,0.3304307,
514.1874,0.01906676,0.08260684,0.05392335,2.042487,354.0422,359.5118,-0.1037302,-0.03564057,0.9939667,-0.195,2.325352E-09,2.053923,target_6,0.3449174,
514.2048,0.01908069,0.08263331,0.05400784,2.042959,354.0536,359.5286,-0.1035331,-0.0356488,0.993987,-0.195,2.325352E-09,2.054008,target_6,0.3499859,
514.2213,0.01909989,0.08262434,0.05399486,2.038758,354.0523,359.5457,-0.1035543,-0.03557552,0.9939874,-0.195,2.325352E-09,2.053995,target_6,0.3527702,
514.2361,0.019111,0.08252141,0.05417237,1.980536,354.0424,359.5636,-0.1037307,-0.03455999,0.9940048,-0.195,2.325352E-09,2.054172,target_6,0.3995845,
514.2538,0.01911408,0.08254375,0.05418636,2.011046,354.0241,359.5687,-0.1040459,-0.03509217,0.9939532,-0.195,2.325352E-09,2.054186,target_6,0.3636945,
514.2704,0.01912803,0.08259125,0.05428173,1.966128,353.9895,359.5457,-0.1046488,-0.03430867,0.9939173,-0.195,2.325352E-09,2.054282,target_6,0.3976209,
514.2868,0.01912302,0.08267744,0.05427691,1.942924,353.9977,359.4844,-0.1045091,-0.03390392,0.9939458,-0.195,2.325352E-09,2.054277,target_6,0.4242849,
514.3034,0.01916909,0.08263516,0.05433346,1.951852,354.0046,359.468,-0.1043879,-0.03405965,0.9939533,-0.195,2.325352E-09,2.054333,target_6,0.4173099,
514.3206,0.01923104,0.08268134,0.05435603,1.947682,354.0241,359.5247,-0.1040492,-0.03398691,0.9939913,-0.195,2.325352E-09,2.054356,target_6,0.4284154,
514.3362,0.01923891,0.08279853,0.05440588,1.924386,354.0634,359.5508,-0.1033687,-0.03358056,0.9940761,-0.195,2.325352E-09,2.054406,target_6,0.4677188,
514.3546,0.01929609,0.08275847,0.05444359,1.919788,354.1066,359.5919,-0.1026208,-0.03350035,0.9941562,-0.195,2.325352E-09,2.054444,target_6,0.4897892,
514.3704,0.01939589,0.08263556,0.05452567,1.974489,354.1027,359.6427,-0.1026842,-0.03445451,0.9941171,-0.195,2.325352E-09,2.054526,target_6,0.4383485,
514.3865,0.01938628,0.08250122,0.0545439,2.038372,354.0871,359.6236,-0.1029512,-0.03556879,0.9940503,-0.195,2.325352E-09,2.054544,target_6,0.3722032,
514.4028,0.01939734,0.08235727,0.05457943,2.102763,354.067,359.6106,-0.1032956,-0.0366919,0.9939737,-0.195,2.325352E-09,2.054579,target_6,0.3045456,
514.4205,0.01940474,0.08239008,0.05470633,2.050128,354.0051,359.6126,-0.1043728,-0.03577385,0.9938946,-0.195,2.325352E-09,2.054706,target_6,0.3202056,
514.4361,0.01944432,0.08250546,0.05484549,1.978231,353.9684,359.601,-0.1050137,-0.03451979,0.9938715,-0.195,2.325352E-09,2.054846,target_6,0.3815487,
514.4531,0.01947045,0.08258453,0.0549157,1.89894,353.9621,359.5866,-0.1051293,-0.03313668,0.9939063,-0.195,2.325352E-09,2.054916,target_6,0.4597013,
514.4704,0.01956482,0.08258373,0.05497368,1.88147,353.9687,359.5918,-0.105016,-0.03283195,0.9939284,-0.195,2.325352E-09,2.054974,target_6,0.4788812,
514.4868,0.0196647,0.08265957,0.05496673,1.863982,353.9724,359.6045,-0.1049511,-0.03252689,0.9939453,-0.195,2.325352E-09,2.054967,target_6,0.4992853,
514.5033,0.01972887,0.0827482,0.05492078,1.816131,353.9853,359.5591,-0.1047309,-0.03169215,0.9939955,-0.195,2.325352E-09,2.054921,target_6,0.5514293,
514.5202,0.01984589,0.08286332,0.05487968,1.786016,353.9999,359.5625,-0.1044789,-0.03116681,0.9940386,-0.195,2.325352E-09,2.05488,target_6,0.5878411,
514.5358,0.01994666,0.08293863,0.05487486,1.709876,354.0154,359.5572,-0.1042158,-0.02983854,0.994107,-0.195,2.325352E-09,2.054875,target_6,0.6682253,
514.5533,0.01999808,0.08306992,0.05484427,1.638753,354.0217,359.5659,-0.1041087,-0.02859773,0.9941547,-0.195,2.325352E-09,2.054844,target_6,0.7430948,
514.5702,0.02005787,0.08304843,0.05481251,1.633007,354.0281,359.5441,-0.103999,-0.0284975,0.9941691,-0.195,2.325352E-09,2.054812,target_6,0.749388,
514.5866,0.02008604,0.08307958,0.05483564,1.63256,354.0187,359.5222,-0.1041616,-0.02848969,0.9941522,-0.195,2.325352E-09,2.054836,target_6,0.7488656,
514.6057,0.02007545,0.08298369,0.0547949,1.675051,353.9882,359.5204,-0.1046881,-0.02923099,0.9940754,-0.195,2.325352E-09,2.054795,target_6,0.6988559,
514.6201,0.02005827,0.08280284,0.05478554,1.78363,353.953,359.5515,-0.1052929,-0.03112519,0.9939541,-0.195,2.325352E-09,2.054785,target_6,0.5801346,
514.6358,0.02000468,0.08261725,0.05477648,1.862741,353.9454,359.5532,-0.105421,-0.03250524,0.9938963,-0.195,2.325352E-09,2.054776,target_6,0.4953507,
514.6533,0.01999137,0.08248191,0.05477495,1.934932,353.9478,359.5598,-0.1053736,-0.03376452,0.9938594,-0.195,2.325352E-09,2.054775,target_6,0.4210443,
514.6697,0.0199981,0.08227269,0.05477476,2.042644,353.9365,359.5852,-0.1055633,-0.03564331,0.9937736,-0.195,2.325352E-09,2.054775,target_6,0.3077414,
514.6865,0.01998394,0.08212014,0.05480367,2.118762,353.9372,359.5873,-0.1055465,-0.03697095,0.9937268,-0.195,2.325352E-09,2.054804,target_6,0.2298502,
514.7025,0.01996047,0.08197138,0.05484622,2.152459,353.9414,359.5953,-0.1054709,-0.03755866,0.9937128,-0.195,2.325352E-09,2.054846,target_6,0.1968319,
514.7204,0.01996236,0.08194922,0.05490394,2.160328,353.9495,359.635,-0.1053299,-0.0376959,0.9937226,-0.195,2.325352E-09,2.054904,target_6,0.191797,
514.7362,0.01992215,0.0819254,0.0549524,2.151188,353.959,359.6364,-0.1051666,-0.03753649,0.9937459,-0.195,2.325352E-09,2.054952,target_6,0.2036718,
514.7531,0.01990681,0.08195104,0.05502461,2.141169,353.9533,359.6454,-0.1052652,-0.03736174,0.9937421,-0.195,2.325352E-09,2.055025,target_6,0.2093567,
514.7701,0.01987393,0.08201132,0.05507221,2.101665,353.9175,359.6574,-0.1058891,-0.03667275,0.9937015,-0.195,2.325352E-09,2.055072,target_6,0.2382111,
514.7866,0.01984267,0.08212229,0.0551397,2.042681,353.8707,359.6674,-0.1067041,-0.03564396,0.9936517,-0.195,2.325352E-09,2.05514,target_6,0.2947506,
514.8028,0.01981015,0.08209532,0.05513613,2.037861,353.8502,359.653,-0.1070613,-0.03555989,0.9936163,-0.195,2.325352E-09,2.055136,target_6,0.2993615,
514.8201,0.01983916,0.08210342,0.05518963,2.042821,353.844,359.6341,-0.1071683,-0.03564641,0.9936017,-0.195,2.325352E-09,2.05519,target_6,0.2954137,
514.836,0.01986,0.08215822,0.05525292,1.99086,353.8525,359.6397,-0.1070243,-0.03474006,0.9936493,-0.195,2.325352E-09,2.055253,target_6,0.3483046,
514.8527,0.01991689,0.08220997,0.05531326,1.966456,353.8787,359.6535,-0.1065707,-0.03431439,0.9937128,-0.195,2.325352E-09,2.055313,target_6,0.373777,
514.8701,0.01999992,0.08210824,0.05535589,1.9931,353.9052,359.6457,-0.1061107,-0.03477914,0.9937459,-0.195,2.325352E-09,2.055356,target_6,0.3460502,
514.887,0.02008335,0.08202948,0.05542853,1.998355,353.9543,359.6371,-0.1052576,-0.03487081,0.9938334,-0.195,2.325352E-09,2.055429,target_6,0.3494264,
514.9029,0.02013385,0.08189911,0.05548594,2.035724,353.9776,359.6238,-0.1048518,-0.03552261,0.9938532,-0.195,2.325352E-09,2.055486,target_6,0.3177519,
514.9199,0.02018938,0.08184255,0.05555279,2.072087,353.9838,359.5941,-0.1047408,-0.03615685,0.9938421,-0.195,2.325352E-09,2.055553,target_6,0.2866737,
514.9357,0.02021853,0.08172902,0.05563324,2.091043,353.9921,359.5399,-0.1045956,-0.03648749,0.9938453,-0.195,2.325352E-09,2.055633,target_6,0.2705197,
514.9528,0.02025048,0.08177789,0.05570581,2.093889,354.022,359.498,-0.1040766,-0.03653712,0.9938979,-0.195,2.325352E-09,2.055706,target_6,0.2866737,
514.9698,0.02021303,0.08178234,0.05567772,2.099092,354.0447,359.5078,-0.1036832,-0.03662786,0.9939357,-0.195,2.325352E-09,2.055678,target_6,0.2960753,
514.9868,0.0202328,0.08174372,0.05567214,2.122797,354.0619,359.5616,-0.1033838,-0.03704133,0.9939516,-0.195,2.325352E-09,2.055672,target_6,0.2887141,
515.0027,0.02018903,0.0816827,0.05559029,2.148128,354.0834,359.5923,-0.1030076,-0.03748311,0.9939741,-0.195,2.325352E-09,2.05559,target_6,0.2853053,
515.0198,0.02015856,0.0817049,0.05554564,2.135441,354.0779,359.6033,-0.1031054,-0.03726185,0.9939722,-0.195,2.325352E-09,2.055546,target_6,0.2900664,
515.0359,0.02007601,0.08175536,0.05543737,2.099728,354.0215,359.6169,-0.1040852,-0.03663896,0.9938933,-0.195,2.325352E-09,2.055437,target_6,0.2783625,
515.0529,0.01999775,0.08178676,0.05540916,2.059085,353.9475,359.5967,-0.1053719,-0.03593009,0.9937836,-0.195,2.325352E-09,2.055409,target_6,0.2811602,
515.0696,0.0198507,0.08183289,0.05537107,2.014313,353.8959,359.5584,-0.1062689,-0.03514915,0.993716,-0.195,2.325352E-09,2.055371,target_6,0.315899,
515.0877,0.01981801,0.08187008,0.05536027,1.972743,353.8792,359.5488,-0.1065621,-0.03442406,0.99371,-0.195,2.325352E-09,2.05536,target_6,0.358274,
515.1028,0.01975034,0.0818543,0.05524234,2.001435,353.8853,359.5589,-0.1064546,-0.03492453,0.993704,-0.195,2.325352E-09,2.055242,target_6,0.3292442,
515.1198,0.01980638,0.08181691,0.055209,2.017991,353.9319,359.5898,-0.1056444,-0.03521331,0.9937803,-0.195,2.325352E-09,2.055209,target_6,0.3171355,
515.136,0.0198346,0.08180211,0.05511209,2.044549,353.9781,359.6336,-0.1048426,-0.03567654,0.9938487,-0.195,2.325352E-09,2.055112,target_6,0.3045456,
515.1529,0.01989185,0.08177493,0.05511208,2.048751,354.0086,359.6465,-0.1043116,-0.03574983,0.9939019,-0.195,2.325352E-09,2.055112,target_6,0.3134116,
515.1693,0.01983227,0.08176733,0.0551133,1.998183,354.01,359.6284,-0.1042907,-0.03486781,0.9939355,-0.195,2.325352E-09,2.055113,target_6,0.3588198,
515.1867,0.01985726,0.08180027,0.05515192,1.95273,353.997,359.6282,-0.1045203,-0.03407497,0.9939388,-0.195,2.325352E-09,2.055152,target_6,0.3971285,
515.2028,0.01976206,0.08173919,0.05513139,1.960004,353.9629,359.5927,-0.1051116,-0.03420185,0.9938721,-0.195,2.325352E-09,2.055131,target_6,0.3779418,
515.2197,0.01977787,0.08168626,0.0551449,1.977715,353.9284,359.5648,-0.1057088,-0.03451079,0.9937981,-0.195,2.325352E-09,2.055145,target_6,0.3527702,
515.2361,0.01969133,0.08163796,0.05508164,2.01394,353.9277,359.5602,-0.1057185,-0.03514265,0.993775,-0.195,2.325352E-09,2.055082,target_6,0.315279,
515.2526,0.01964364,0.08158303,0.05505908,2.039115,353.9203,359.5791,-0.1058448,-0.03558175,0.9937459,-0.195,2.325352E-09,2.055059,target_6,0.2873554,
515.2696,0.01970214,0.08157135,0.05513885,2.03371,353.9484,359.5826,-0.1053579,-0.03548748,0.9938009,-0.195,2.325352E-09,2.055139,target_6,0.2980514,
515.2858,0.01968092,0.08157803,0.05520691,2.012995,353.9658,359.5948,-0.1050579,-0.03512617,0.9938456,-0.195,2.325352E-09,2.055207,target_6,0.3232465,
515.3029,0.01974566,0.08158422,0.05531541,1.998205,353.9763,359.6003,-0.1048766,-0.03486819,0.9938738,-0.195,2.325352E-09,2.055315,target_6,0.3409232,
515.3189,0.01969198,0.08153844,0.05536129,2.017409,353.9828,359.601,-0.1047614,-0.03520315,0.9938741,-0.195,2.325352E-09,2.055361,target_6,0.3232465,
515.3367,0.01974823,0.08150937,0.05544684,2.033983,353.9699,359.5853,-0.104984,-0.03549224,0.9938403,-0.195,2.325352E-09,2.055447,target_6,0.302612,
515.3525,0.0196703,0.08148673,0.05548628,2.058028,353.9608,359.5697,-0.1051409,-0.03591165,0.9938087,-0.195,2.325352E-09,2.055486,target_6,0.2762456,
515.3703,0.01970353,0.08145997,0.05559998,2.072186,353.9435,359.5586,-0.1054394,-0.03615858,0.9937681,-0.195,2.325352E-09,2.0556,target_6,0.2556444,
515.3862,0.01966506,0.08142015,0.05570296,2.058634,353.9497,359.5564,-0.1053328,-0.0359222,0.993788,-0.195,2.325352E-09,2.055703,target_6,0.2705197,
515.4029,0.0197283,0.08137314,0.05586584,2.03967,353.9677,359.5649,-0.1050221,-0.03559143,0.9938328,-0.195,2.325352E-09,2.055866,target_6,0.2920831,
515.4196,0.01976235,0.08129147,0.0559295,2.067222,353.9847,359.5756,-0.1047251,-0.03607201,0.9938468,-0.195,2.325352E-09,2.055929,target_6,0.2719625,
515.4352,0.01983262,0.08120774,0.05601308,2.112026,354.0016,359.5959,-0.1044291,-0.03685346,0.9938493,-0.195,2.325352E-09,2.056013,target_6,0.2398483,
515.4523,0.01981619,0.08111864,0.05607481,2.14255,354.0214,359.6059,-0.1040849,-0.03738584,0.9938655,-0.195,2.325352E-09,2.056075,target_6,0.2246844,
515.4693,0.01988037,0.08108121,0.05617865,2.15828,354.0226,359.6098,-0.1040634,-0.03766018,0.9938574,-0.195,2.325352E-09,2.056179,target_6,0.2148914,
515.4863,0.01990379,0.08104183,0.0562321,2.165171,354.0103,359.6006,-0.1042759,-0.03778037,0.9938306,-0.195,2.325352E-09,2.056232,target_6,0.2017412,
515.5024,0.01997092,0.08106529,0.05636618,2.155406,353.9859,359.6069,-0.1046984,-0.03761005,0.9937926,-0.195,2.325352E-09,2.056366,target_6,0.1948336,
515.5189,0.01996359,0.08115209,0.05644562,2.107268,353.9556,359.5876,-0.1052287,-0.03677048,0.993768,-0.195,2.325352E-09,2.056446,target_6,0.2220564,
515.536,0.02004227,0.08111522,0.05655459,2.121079,353.9278,359.5793,-0.1057092,-0.03701136,0.9937081,-0.195,2.325352E-09,2.056555,target_6,0.1988102,
515.5524,0.02009382,0.08106784,0.05663538,2.139647,353.9096,359.5753,-0.1060238,-0.0373352,0.9936624,-0.195,2.325352E-09,2.056635,target_6,0.174713,
515.5697,0.02021615,0.08105967,0.05673134,2.150532,353.9365,359.518,-0.1055568,-0.03752504,0.993705,-0.195,2.325352E-09,2.056731,target_6,0.174713,
515.5863,0.02034685,0.08107719,0.0568588,2.150772,353.983,359.4823,-0.1047498,-0.03752924,0.9937902,-0.195,2.325352E-09,2.056859,target_6,0.2027088,
515.6022,0.0205569,0.08106826,0.05697796,2.145782,354.0463,359.4856,-0.103652,-0.03744221,0.9939086,-0.195,2.325352E-09,2.056978,target_6,0.2548778,
515.6187,0.02068273,0.08101374,0.05711284,2.144015,354.1045,359.5052,-0.1026426,-0.03741138,0.9940145,-0.195,2.325352E-09,2.057113,target_6,0.3058279,
515.636,0.02082771,0.08100507,0.05724778,2.14807,354.144,359.5256,-0.1019563,-0.03748212,0.9940825,-0.195,2.325352E-09,2.057248,target_6,0.3414966,
515.6524,0.02084559,0.08100863,0.0573776,2.140426,354.1469,359.5345,-0.1019069,-0.0373488,0.9940926,-0.195,2.325352E-09,2.057378,target_6,0.3483046,
515.6694,0.02089837,0.0809568,0.0574753,2.156556,354.102,359.5394,-0.1026846,-0.03763013,0.9940019,-0.195,2.325352E-09,2.057475,target_6,0.301316,
515.6858,0.02081481,0.08088686,0.05751559,2.194753,354.0166,359.5111,-0.1041646,-0.03829629,0.9938225,-0.195,2.325352E-09,2.057516,target_6,0.2065338,
515.7029,0.02082619,0.08084512,0.05756558,2.210572,353.9453,359.4745,-0.1054001,-0.0385722,0.9936816,-0.195,2.325352E-09,2.057566,target_6,0.1370561,
515.7177,0.02079629,0.08086749,0.05760993,2.213016,353.8894,359.4557,-0.106369,-0.03861481,0.9935766,-0.195,2.325352E-09,2.05761,target_6,0.1008706,
515.7358,0.0209006,0.08093157,0.05768578,2.162761,353.8935,359.444,-0.1063018,-0.03773833,0.9936175,-0.195,2.325352E-09,2.057686,target_6,0.1506579,
515.7527,0.02102955,0.08102448,0.05776418,2.107578,353.9242,359.473,-0.1057733,-0.03677588,0.99371,-0.195,2.325352E-09,2.057764,target_6,0.2176059,
515.7697,0.02122049,0.08106551,0.05784679,2.081468,353.9724,359.5045,-0.1049391,-0.03632047,0.9938152,-0.195,2.325352E-09,2.057847,target_6,0.2676108,
515.786,0.02132767,0.08103456,0.05791986,2.06878,354.0182,359.4825,-0.1041452,-0.03609917,0.9939067,-0.195,2.325352E-09,2.05792,target_6,0.3058279,
515.8029,0.0214676,0.08101928,0.05798239,2.087474,354.0573,359.4523,-0.1034656,-0.03642524,0.9939658,-0.195,2.325352E-09,2.057982,target_6,0.3202056,
515.8181,0.0215326,0.08102132,0.05796529,2.114709,354.0654,359.4464,-0.103323,-0.03690026,0.9939631,-0.195,2.325352E-09,2.057965,target_6,0.3102743,
515.8364,0.02163044,0.08097464,0.05801224,2.142556,354.0479,359.4358,-0.103625,-0.03738594,0.9939135,-0.195,2.325352E-09,2.058012,target_6,0.2804634,
515.8521,0.02162693,0.08095221,0.05805331,2.134298,354.033,359.4204,-0.1038835,-0.03724192,0.993892,-0.195,2.325352E-09,2.058053,target_6,0.2741124,
515.8697,0.02171796,0.08095817,0.05812547,2.118517,354.0271,359.4143,-0.1039864,-0.03696667,0.9938915,-0.195,2.325352E-09,2.058125,target_6,0.2811602,
515.8863,0.02171226,0.08099107,0.05811218,2.114271,354.032,359.4148,-0.1039028,-0.03689261,0.993903,-0.195,2.325352E-09,2.058112,target_6,0.2880355,
515.9022,0.02179532,0.08099058,0.05816251,2.111361,354.0376,359.4062,-0.1038057,-0.03684186,0.993915,-0.195,2.325352E-09,2.058162,target_6,0.2960753,
515.9179,0.02180387,0.08101325,0.05818518,2.09521,354.0499,359.4197,-0.1035927,-0.03656016,0.9939476,-0.195,2.325352E-09,2.058185,target_6,0.3171355,
515.9361,0.02187781,0.08101763,0.05826505,2.079528,354.0544,359.4124,-0.103517,-0.03628665,0.9939656,-0.195,2.325352E-09,2.058265,target_6,0.3322025,
515.9522,0.0218744,0.08101779,0.05832095,2.072053,354.0557,359.4124,-0.1034944,-0.03615627,0.9939727,-0.195,2.325352E-09,2.058321,target_6,0.3386196,
515.9684,0.02193182,0.08097396,0.05840339,2.087095,354.0525,359.4229,-0.1035478,-0.03641863,0.9939575,-0.195,2.325352E-09,2.058403,target_6,0.3256589,
515.9857,0.02188237,0.08093998,0.05841975,2.104852,354.0421,359.4178,-0.1037274,-0.03672834,0.9939274,-0.195,2.325352E-09,2.05842,target_6,0.3045456,
516.0021,0.0219268,0.08086812,0.05845961,2.13862,354.0449,359.4221,-0.1036762,-0.03731729,0.9939108,-0.195,2.325352E-09,2.05846,target_6,0.2866737,
516.018,0.02184885,0.08084321,0.05843526,2.156388,354.0372,359.4197,-0.1038097,-0.03762718,0.9938852,-0.195,2.325352E-09,2.058435,target_6,0.2676108,
516.0353,0.02189604,0.08085623,0.05845112,2.176809,354.0425,359.4178,-0.103715,-0.03798334,0.9938815,-0.195,2.325352E-09,2.058451,target_6,0.2639296,
516.0516,0.02191244,0.08093043,0.05844974,2.142051,354.0362,359.4228,-0.1038273,-0.03737714,0.9938928,-0.195,2.325352E-09,2.05845,target_6,0.276953,
516.0687,0.02194513,0.08099104,0.05851885,2.07815,354.0425,359.4221,-0.1037216,-0.0362626,0.9939451,-0.195,2.325352E-09,2.058519,target_6,0.3262592,
516.0865,0.02191878,0.08106805,0.05856835,2.043333,354.0477,359.4354,-0.1036353,-0.03565533,0.9939761,-0.195,2.325352E-09,2.058568,target_6,0.3555328,
516.1021,0.02192913,0.08105616,0.05863937,2.024995,354.0403,359.436,-0.1037631,-0.03533548,0.9939741,-0.195,2.325352E-09,2.058639,target_6,0.364769,
516.118,0.02187997,0.08101978,0.05862077,2.090978,354.0267,359.4432,-0.1039952,-0.03648635,0.9939083,-0.195,2.325352E-09,2.058621,target_6,0.3045456,
516.1352,0.02186355,0.08093636,0.05863219,2.138121,354.0034,359.4413,-0.1043965,-0.03730858,0.9938357,-0.195,2.325352E-09,2.058632,target_6,0.2533378,
516.152,0.02171092,0.08088689,0.05861992,2.156871,353.9778,359.4505,-0.1048403,-0.0376356,0.9937767,-0.195,2.325352E-09,2.05862,target_6,0.2176059,
516.1688,0.0216883,0.080888,0.05865391,2.168362,353.9409,359.4647,-0.1054785,-0.03783603,0.9937015,-0.195,2.325352E-09,2.058654,target_6,0.1845175,
516.1857,0.02158508,0.08095211,0.05866059,2.143002,353.9121,359.4404,-0.1059792,-0.03739372,0.993665,-0.195,2.325352E-09,2.058661,target_6,0.1866263,
516.2022,0.02155986,0.08103876,0.05871384,2.101801,353.8971,359.4009,-0.1062437,-0.03667511,0.9936635,-0.195,2.325352E-09,2.058714,target_6,0.2176059,
516.218,0.02150763,0.08110861,0.05874546,2.062362,353.9066,359.4107,-0.1060813,-0.03598723,0.993706,-0.195,2.325352E-09,2.058745,target_6,0.2601963,
516.2355,0.02150723,0.08106755,0.05876274,2.07802,353.9332,359.4441,-0.105619,-0.03626035,0.9937453,-0.195,2.325352E-09,2.058763,target_6,0.2564087,
516.252,0.02149058,0.08100511,0.05877545,2.114011,353.9548,359.4695,-0.1052416,-0.03688809,0.9937623,-0.195,2.325352E-09,2.058775,target_6,0.23239,
516.2686,0.02148144,0.08097406,0.05879099,2.139196,353.9597,359.5072,-0.1051549,-0.03732735,0.993755,-0.195,2.325352E-09,2.058791,target_6,0.2158,
516.2853,0.02133733,0.08098954,0.05880549,2.133709,353.9378,359.5409,-0.1055347,-0.03723164,0.9937184,-0.195,2.325352E-09,2.058805,target_6,0.2046302,
516.3018,0.0212411,0.08094563,0.05882963,2.13353,353.8747,359.546,-0.106629,-0.03722851,0.9936017,-0.195,2.325352E-09,2.05883,target_6,0.1758294,
516.3173,0.02104278,0.08095178,0.05881847,2.130558,353.7993,359.5353,-0.1079373,-0.03717669,0.9934623,-0.195,2.325352E-09,2.058819,target_6,0.1780411,
516.3352,0.02097608,0.08093266,0.05882724,2.140245,353.7537,359.5196,-0.1087264,-0.03734563,0.9933699,-0.195,2.325352E-09,2.058827,target_6,0.183454,
516.3519,0.0208854,0.08095587,0.05880477,2.159374,353.7221,359.5129,-0.1092733,-0.03767926,0.9932973,-0.195,2.325352E-09,2.058805,target_6,0.1876719,
516.3684,0.0209158,0.08093201,0.05881495,2.162898,353.7357,359.5277,-0.1090375,-0.03774072,0.9933209,-0.195,2.325352E-09,2.058815,target_6,0.1735894,
516.3851,0.02095968,0.08105338,0.05874992,2.170777,353.7558,359.5665,-0.1086882,-0.03787814,0.993354,-0.195,2.325352E-09,2.05875,target_6,0.1582588,
516.4018,0.0210279,0.0810329,0.05874554,2.155095,353.7747,359.5728,-0.1083607,-0.03760463,0.9934002,-0.195,2.325352E-09,2.058746,target_6,0.1631294,
516.4178,0.02104079,0.08106145,0.05876317,2.124844,353.7846,359.5258,-0.1081915,-0.03707702,0.9934384,-0.195,2.325352E-09,2.058763,target_6,0.1887116,
516.4354,0.02111881,0.08112565,0.05878541,2.096278,353.7948,359.5106,-0.1080168,-0.03657879,0.9934759,-0.195,2.325352E-09,2.058785,target_6,0.2176059,
516.4524,0.0210948,0.08114678,0.05880009,2.086172,353.7917,359.4815,-0.1080709,-0.03640253,0.9934765,-0.195,2.325352E-09,2.0588,target_6,0.2281412,
516.4677,0.02116389,0.08110505,0.05881879,2.090012,353.8022,359.4648,-0.1078884,-0.0364695,0.9934939,-0.195,2.325352E-09,2.058819,target_6,0.220287,
516.4853,0.02119095,0.08106434,0.058862,2.118514,353.8452,359.4568,-0.1071411,-0.03696663,0.9935564,-0.195,2.325352E-09,2.058862,target_6,0.1887116,
516.5018,0.02128095,0.08096277,0.05885651,2.171343,353.8834,359.4741,-0.1064752,-0.03788801,0.9935932,-0.195,2.325352E-09,2.058856,target_6,0.14537,
516.5171,0.02131587,0.08093251,0.0588569,2.207432,353.9065,359.4748,-0.1060725,-0.03851743,0.9936121,-0.195,2.325352E-09,2.058857,target_6,0.1266688,
516.5352,0.02132941,0.08092137,0.0588606,2.209933,353.899,359.4711,-0.1062015,-0.03856103,0.9935966,-0.195,2.325352E-09,2.058861,target_6,0.1186941,
516.5518,0.02125459,0.08098899,0.05889534,2.187172,353.8762,359.4676,-0.1065996,-0.03816408,0.9935693,-0.195,2.325352E-09,2.058895,target_6,0.1266688,
516.5684,0.0212164,0.08104426,0.05890076,2.14958,353.8362,359.4627,-0.1072958,-0.03750846,0.9935194,-0.195,2.325352E-09,2.058901,target_6,0.1557664,
516.5847,0.02106817,0.08105083,0.05889382,2.135985,353.8022,359.4472,-0.1078863,-0.03727133,0.9934644,-0.195,2.325352E-09,2.058894,target_6,0.174713,
516.6024,0.02103104,0.08101228,0.0588658,2.146723,353.7922,359.4571,-0.108058,-0.03745861,0.9934387,-0.195,2.325352E-09,2.058866,target_6,0.165511,
516.6176,0.02096665,0.08096535,0.05886012,2.18027,353.7812,359.4817,-0.1082476,-0.03804371,0.9933957,-0.195,2.325352E-09,2.05886,target_6,0.1370561,
516.6353,0.02096481,0.08093075,0.05883446,2.198968,353.7906,359.5083,-0.1080822,-0.03836981,0.9934012,-0.195,2.325352E-09,2.058835,target_6,0.1136409,
516.652,0.02088526,0.08095919,0.05879046,2.195547,353.7887,359.5288,-0.1081154,-0.03831014,0.9933999,-0.195,2.325352E-09,2.05879,target_6,0.1203313,
516.6675,0.02087547,0.08098195,0.0587368,2.197076,353.8007,359.5268,-0.1079073,-0.03833681,0.9934215,-0.195,2.325352E-09,2.058737,target_6,0.1170339,
516.6855,0.02081792,0.08102877,0.05871991,2.15852,353.7941,359.5237,-0.1080246,-0.03766438,0.9934345,-0.195,2.325352E-09,2.05872,target_6,0.1557664,
516.7018,0.02079888,0.08109748,0.05870461,2.111126,353.787,359.5177,-0.1081512,-0.03683776,0.9934517,-0.195,2.325352E-09,2.058705,target_6,0.2055842,
516.7175,0.02069337,0.08113791,0.05871383,2.074884,353.7859,359.5332,-0.1081728,-0.03620565,0.9934726,-0.195,2.325352E-09,2.058714,target_6,0.2422834,
516.7352,0.0206934,0.08113328,0.05874691,2.06052,353.791,359.5367,-0.1080849,-0.03595511,0.9934912,-0.195,2.325352E-09,2.058747,target_6,0.254109,
516.7516,0.02063928,0.08106072,0.05878074,2.099771,353.8129,359.5476,-0.1077029,-0.03663972,0.9935077,-0.195,2.325352E-09,2.058781,target_6,0.2093567,
516.7683,0.02066902,0.08093935,0.05878276,2.163727,353.8191,359.5823,-0.1075916,-0.03775519,0.9934781,-0.195,2.325352E-09,2.058783,target_6,0.1426525,
516.7853,0.02058136,0.08083069,0.05877261,2.218601,353.84,359.5927,-0.1072243,-0.03871221,0.9934809,-0.195,2.325352E-09,2.058773,target_6,0.08156469,
516.8018,0.02060439,0.08077785,0.05881423,2.268229,353.825,359.5937,-0.1074824,-0.03957772,0.9934189,-0.195,2.325352E-09,2.058814,target_6,0.04423466,
510.3073,0.02884643,0.08555414,0.06647778,0.07080848,359.4146,359.6374,-0.01021717,-0.001235841,0.999947,-0.195,2.325352E-09,2.066478,DwellButton,6.262063,
510.3237,0.02884743,0.08560665,0.0664482,0.04450526,359.4335,359.6035,-0.009887117,-0.0007767633,0.9999508,-0.195,2.325352E-09,2.066448,MixedRealityCamera,6.290116,
510.3401,0.02885685,0.08563876,0.06642352,0.01469571,359.433,359.5886,-0.009896082,-0.0002564886,0.999951,-0.195,2.325352E-09,2.066423,MixedRealityCamera,6.301669,
510.3565,0.02883113,0.08564483,0.06638521,0.01706066,359.4166,359.5687,-0.01018168,-0.0002977648,0.9999481,-0.195,2.325352E-09,2.066385,MixedRealityCamera,6.285064,
510.3731,0.02878,0.08563641,0.06635377,0.03880389,359.3978,359.5609,-0.010511,-0.0006772556,0.9999445,-0.195,2.325352E-09,2.066354,MixedRealityCamera,6.257834,
510.3903,0.02878134,0.08562739,0.06631334,0.03900812,359.4105,359.5735,-0.01028947,-0.00068082,0.9999468,-0.195,2.325352E-09,2.066313,MixedRealityCamera,6.269447,
510.4066,0.0287561,0.08566903,0.06624295,0.03454688,359.4315,359.5791,-0.00992157,-0.0006029567,0.9999506,-0.195,2.325352E-09,2.066243,MixedRealityCamera,6.290428,
510.423,0.02875944,0.08569468,0.06620967,0.01724414,359.4433,359.5933,-0.009716661,-0.000300967,0.9999527,-0.195,2.325352E-09,2.06621,MixedRealityCamera,6.308293,
510.4404,0.02873813,0.0857365,0.06616193,359.9935,359.4473,359.6091,-0.009646696,0.0001142001,0.9999534,-0.195,2.325352E-09,2.066162,MixedRealityCamera,6.321054,
510.4561,0.02871305,0.08574887,0.06613433,359.9923,359.4431,359.6173,-0.009720542,0.0001343954,0.9999527,-0.195,2.325352E-09,2.066134,MixedRealityCamera,6.317083,
510.473,0.02861714,0.08575752,0.06611878,-0.005204569,359.4313,359.6182,-0.009924667,9.083687E-05,0.9999508,-0.195,2.325352E-09,2.066119,MixedRealityCamera,6.302914,
510.4901,0.02859278,0.08570095,0.06608953,0.01174937,359.4012,359.6078,-0.01045186,-0.0002050653,0.9999453,-0.195,2.325352E-09,2.06609,MixedRealityCamera,6.267289,
510.5065,0.02854136,0.08566649,0.0660587,0.03127503,359.4098,359.6051,-0.01030063,-0.0005458522,0.9999468,-0.195,2.325352E-09,2.066059,MixedRealityCamera,6.265975,
510.5233,0.0285481,0.08563462,0.06602105,0.02653342,359.4157,359.5921,-0.01019683,-0.0004630955,0.9999479,-0.195,2.325352E-09,2.066021,MixedRealityCamera,6.273168,
510.5403,0.02858282,0.08559819,0.06597203,0.03949302,359.4414,359.6078,-0.009749214,-0.0006892832,0.9999523,-0.195,2.325352E-09,2.065972,MixedRealityCamera,6.29236,
510.556,0.02860067,0.08557738,0.06589888,0.04649973,359.4703,359.6112,-0.009244196,-0.0008115732,0.999957,-0.195,2.325352E-09,2.065899,MixedRealityCamera,6.316679,
510.5732,0.02863349,0.08554686,0.06578957,0.05647026,359.4931,359.628,-0.008847019,-0.0009855919,0.9999604,-0.195,2.325352E-09,2.065789,MixedRealityCamera,6.334595,
510.5903,0.02861769,0.08557007,0.06569927,0.04980303,359.5046,359.6253,-0.0086465,-0.0008692268,0.9999623,-0.195,2.325352E-09,2.065699,MixedRealityCamera,6.34752,
510.6062,0.02858733,0.08562106,0.06559658,0.02607386,359.497,359.6263,-0.008778845,-0.0004550747,0.9999614,-0.195,2.325352E-09,2.065597,MixedRealityCamera,6.349249,
510.6231,0.02853836,0.0856432,0.06547746,0.006405654,359.4804,359.6344,-0.009068307,-0.0001117998,0.9999589,-0.195,2.325352E-09,2.065477,MixedRealityCamera,6.340442,
510.6405,0.02848433,0.08567496,0.06530687,359.9933,359.4537,359.6234,-0.009534116,0.0001163083,0.9999545,-0.195,2.325352E-09,2.065307,MixedRealityCamera,6.319721,
510.656,0.0284201,0.08569236,0.06517796,359.9695,359.4293,359.6292,-0.009960511,0.0005313075,0.9999502,-0.195,2.325352E-09,2.065178,MixedRealityCamera,6.30506,
510.673,0.02836525,0.08565816,0.06507453,359.9563,359.4175,359.6519,-0.01016627,0.0007633685,0.999948,-0.195,2.325352E-09,2.065074,MixedRealityCamera,6.297654,
510.6899,0.02830022,0.08568291,0.06496771,359.9401,359.3982,359.6783,-0.01050368,0.001046161,0.9999443,-0.195,2.325352E-09,2.064968,MixedRealityCamera,6.284908,
510.7063,0.0282933,0.08567405,0.06488495,359.9233,359.347,359.6964,-0.01139656,0.00133773,0.9999341,-0.195,2.325352E-09,2.064885,MixedRealityCamera,6.244411,
510.7228,0.02816456,0.08570966,0.06482015,359.9216,359.2875,359.7117,-0.01243521,0.001367889,0.9999217,-0.195,2.325352E-09,2.06482,MixedRealityCamera,6.187797,
510.7397,0.02804934,0.08559358,0.06481377,359.9338,359.1986,359.7308,-0.01398685,0.001156038,0.9999015,-0.195,2.325352E-09,2.064814,MixedRealityCamera,6.097411,
510.7556,0.02792761,0.08553195,0.0647783,0.004573699,359.0955,359.7483,-0.01578668,-7.98261E-05,0.9998754,-0.195,2.325352E-09,2.064778,MixedRealityCamera,5.970479,
510.7727,0.0277653,0.08549499,0.06482247,0.04344786,358.9966,359.7031,-0.01751087,-0.0007583081,0.9998464,-0.195,2.325352E-09,2.064822,MixedRealityCamera,5.859831,
510.7901,0.02763114,0.0853934,0.06482659,0.09435084,358.8853,359.6582,-0.01945339,-0.001646732,0.9998094,-0.195,2.325352E-09,2.064826,MixedRealityCamera,5.73282,
510.8064,0.02749278,0.08526933,0.06482815,0.1873895,358.7832,359.6759,-0.0212353,-0.003270557,0.9997692,-0.195,2.325352E-09,2.064828,MixedRealityCamera,5.596746,
510.8229,0.027313,0.08501963,0.06478935,0.3439173,358.661,359.7029,-0.02336749,-0.006002454,0.999709,-0.195,2.325352E-09,2.064789,MixedRealityCamera,5.415514,
510.8398,0.02710797,0.08463719,0.06478475,0.5390281,358.5116,359.7195,-0.02597286,-0.009407677,0.9996184,-0.195,2.325352E-09,2.064785,MixedRealityCamera,5.194822,
510.856,0.02673211,0.08423404,0.06474228,0.7652578,358.2379,359.6917,-0.03074737,-0.01335587,0.9994379,-0.195,2.325352E-09,2.064742,MixedRealityCamera,4.845331,
510.8725,0.02622967,0.08402126,0.06475034,0.8659328,357.8712,359.6787,-0.03714257,-0.0151128,0.9991957,-0.195,2.325352E-09,2.06475,MixedRealityCamera,4.450871,
510.8897,0.02573636,0.08402263,0.06478927,0.8709936,357.4929,359.6836,-0.04373767,-0.01520112,0.9989274,-0.195,2.325352E-09,2.064789,MixedRealityCamera,4.082887,
510.9066,0.02521729,0.08401354,0.06479314,0.8833582,357.0998,359.6899,-0.0505908,-0.0154169,0.9986005,-0.195,2.325352E-09,2.064793,MixedRealityCamera,3.702586,
510.9226,0.02469943,0.08405387,0.06485429,0.8508803,356.7361,359.6922,-0.05692969,-0.01485012,0.9982678,-0.195,2.325352E-09,2.064854,MixedRealityCamera,3.375857,
510.9398,0.02426836,0.08415237,0.06493157,0.7720702,356.433,359.7122,-0.06221058,-0.01347476,0.9979721,-0.195,2.325352E-09,2.064932,MixedRealityCamera,3.140244,
510.9559,0.02395256,0.08420546,0.06491076,0.7429288,356.185,359.7726,-0.06652988,-0.01296619,0.9977002,-0.195,2.325352E-09,2.064911,MixedRealityCamera,2.940647,
510.9729,0.02368518,0.08422321,0.0648331,0.747501,355.9899,359.8248,-0.06992712,-0.01304598,0.9974668,-0.195,2.325352E-09,2.064833,MixedRealityCamera,2.773046,
510.9901,0.0234878,0.0842291,0.06475167,0.7589085,355.8124,359.8809,-0.07301638,-0.01324506,0.9972428,-0.195,2.325352E-09,2.064752,MixedRealityCamera,2.621146,
511.0069,0.02330199,0.08421387,0.06470336,0.7703195,355.6895,359.876,-0.07515515,-0.01344421,0.9970812,-0.195,2.325352E-09,2.064703,MixedRealityCamera,2.514739,
511.0229,0.02313269,0.08415829,0.06466208,0.7870975,355.6188,359.8549,-0.07638498,-0.01373701,0.9969838,-0.195,2.325352E-09,2.064662,MixedRealityCamera,2.445686,
511.0397,0.02309153,0.08405513,0.06466552,0.8444679,355.5708,359.7989,-0.07721815,-0.01473821,0.9969053,-0.195,2.325352E-09,2.064666,MixedRealityCamera,2.368934,
511.0559,0.02305708,0.08403903,0.06471443,0.8497452,355.5297,359.7652,-0.07793349,-0.01483031,0.9968482,-0.195,2.325352E-09,2.064714,MixedRealityCamera,2.333555,
511.0728,0.02310076,0.08405347,0.06473777,0.8557932,355.5105,359.7293,-0.07826835,-0.01493585,0.9968204,-0.195,2.325352E-09,2.064738,MixedRealityCamera,2.316382,
511.0898,0.02314205,0.08403956,0.06477106,0.8639643,355.5217,359.6988,-0.07807292,-0.01507845,0.9968336,-0.195,2.325352E-09,2.064771,MixedRealityCamera,2.319928,
511.1072,0.02328171,0.08400068,0.06480262,0.8776239,355.5376,359.674,-0.07779646,-0.01531683,0.9968516,-0.195,2.325352E-09,2.064803,MixedRealityCamera,2.325237,
511.1226,0.02333185,0.08393074,0.06485267,0.8985015,355.5622,359.6365,-0.07736719,-0.01568117,0.9968793,-0.195,2.325352E-09,2.064853,MixedRealityCamera,2.330366,
511.1395,0.02336176,0.08392568,0.06490377,0.9082429,355.5438,359.6284,-0.07768707,-0.01585117,0.9968518,-0.195,2.325352E-09,2.064904,MixedRealityCamera,2.310544,
511.1555,0.02328902,0.08392102,0.06497683,0.9145799,355.5069,359.6099,-0.07832929,-0.01596175,0.9967998,-0.195,2.325352E-09,2.064977,MixedRealityCamera,2.276581,
511.1727,0.02322989,0.08383477,0.0650132,0.9757739,355.4598,359.5922,-0.07914633,-0.01702964,0.9967175,-0.195,2.325352E-09,2.065013,MixedRealityCamera,2.19838,
511.1896,0.0231291,0.08368579,0.06504215,1.074916,355.4247,359.5807,-0.07975447,-0.01875972,0.996638,-0.195,2.325352E-09,2.065042,MixedRealityCamera,2.103568,
511.2065,0.02302475,0.08354166,0.06508432,1.153886,355.3658,359.5821,-0.08077824,-0.02013775,0.9965286,-0.195,2.325352E-09,2.065084,MixedRealityCamera,2.003693,
511.2231,0.02290051,0.08343045,0.06514302,1.228558,355.2983,359.6004,-0.08194856,-0.02144074,0.9964059,-0.195,2.325352E-09,2.065143,MixedRealityCamera,1.900119,
511.2397,0.02280343,0.08333102,0.06520173,1.278864,355.2433,359.6397,-0.08290463,-0.02231853,0.9963076,-0.195,2.325352E-09,2.065202,MixedRealityCamera,1.821772,
511.2556,0.02270632,0.0832395,0.06525452,1.332413,355.1762,359.6492,-0.08406875,-0.0232529,0.9961886,-0.195,2.325352E-09,2.065254,MixedRealityCamera,1.732349,
511.2727,0.02256568,0.08311592,0.06527373,1.400758,355.0886,359.6471,-0.08559006,-0.02444541,0.9960305,-0.195,2.325352E-09,2.065274,MixedRealityCamera,1.615921,
511.2896,0.02243877,0.08299385,0.06528601,1.478067,355.0033,359.6682,-0.08707015,-0.02579427,0.9958682,-0.195,2.325352E-09,2.065286,MixedRealityCamera,1.496718,
511.3062,0.02233912,0.08286393,0.06526056,1.547234,354.9278,359.6575,-0.08837877,-0.02700104,0.9957209,-0.195,2.325352E-09,2.065261,target_6,1.390298,
511.3227,0.02224506,0.08279963,0.06519601,1.615133,354.8373,359.6321,-0.08994778,-0.02818566,0.9955476,-0.195,2.325352E-09,2.065196,target_6,1.274261,
511.3396,0.02205572,0.08270401,0.06514576,1.664795,354.7132,359.5795,-0.09210271,-0.02905207,0.9953256,-0.195,2.325352E-09,2.065146,target_6,1.139008,
511.3563,0.02185481,0.08258243,0.06512053,1.717657,354.579,359.5493,-0.09443036,-0.02997427,0.9950801,-0.195,2.325352E-09,2.06512,target_6,0.9942597,
511.3726,0.02167996,0.08250067,0.0650865,1.753193,354.4503,359.5468,-0.09666488,-0.03059421,0.9948466,-0.195,2.325352E-09,2.065087,target_6,0.8688563,
511.3896,0.02143773,0.08238405,0.06501745,1.799731,354.2796,359.4974,-0.09962489,-0.03140606,0.9945293,-0.195,2.325352E-09,2.065017,target_6,0.7105184,
511.406,0.02120923,0.08232734,0.06496093,1.853658,354.1328,359.4934,-0.1021687,-0.03234679,0.9942411,-0.195,2.325352E-09,2.064961,target_6,0.575053,
511.4226,0.0209689,0.08227502,0.06495644,1.840564,353.9905,359.468,-0.1046394,-0.03211838,0.9939914,-0.195,2.325352E-09,2.064956,target_6,0.5241405,
511.4401,0.02074137,0.0822613,0.06493349,1.810035,353.8507,359.4436,-0.1070656,-0.03158581,0.9937501,-0.195,2.325352E-09,2.064934,target_6,0.5311863,
511.4552,0.0205176,0.08227532,0.0649478,1.818143,353.6974,359.425,-0.1097245,-0.03172726,0.9934555,-0.195,2.325352E-09,2.064948,target_6,0.5457222,
511.4725,0.02031884,0.08232926,0.06495077,1.774489,353.5689,359.3986,-0.1119544,-0.03096572,0.9932308,-0.195,2.325352E-09,2.064951,target_6,0.6367366,
511.4894,0.02016887,0.08250743,0.06503268,1.674269,353.5114,359.4109,-0.1129566,-0.02921734,0.9931703,-0.195,2.325352E-09,2.065033,target_6,0.7587299,
511.5061,0.0201335,0.0827314,0.06501956,1.586392,353.4753,359.4445,-0.1135876,-0.02768422,0.9931422,-0.195,2.325352E-09,2.06502,target_6,0.8598006,
511.5231,0.02008284,0.08284031,0.06503622,1.53245,353.5007,359.4869,-0.11315,-0.02674311,0.9932179,-0.195,2.325352E-09,2.065036,target_6,0.9013549,
511.5384,0.02009818,0.08287282,0.06502078,1.519202,353.5564,359.534,-0.1121864,-0.02651197,0.9933335,-0.195,2.325352E-09,2.065021,target_6,0.8935054,
511.5561,0.02017598,0.08282,0.06513943,1.541754,353.6363,359.5847,-0.1107993,-0.02690543,0.9934785,-0.195,2.325352E-09,2.06514,target_6,0.845804,
511.5724,0.02029182,0.08273834,0.06516732,1.586541,353.7418,359.631,-0.1089681,-0.02768683,0.9936596,-0.195,2.325352E-09,2.065167,target_6,0.7770769,
511.5892,0.02039194,0.08266479,0.06528669,1.645403,353.8201,359.6388,-0.1076062,-0.02871376,0.9937789,-0.195,2.325352E-09,2.065287,target_6,0.7083117,
511.606,0.0204639,0.08257303,0.06533182,1.69522,353.8594,359.6396,-0.1069221,-0.02958285,0.9938272,-0.195,2.325352E-09,2.065332,target_6,0.6555129,
511.6224,0.02049001,0.08247815,0.06544782,1.718232,353.8729,359.6026,-0.1066861,-0.0299843,0.9938405,-0.195,2.325352E-09,2.065448,target_6,0.6299395,
511.6388,0.02051098,0.08243803,0.06548885,1.76343,353.8784,359.529,-0.1065894,-0.0307728,0.9938268,-0.195,2.325352E-09,2.065489,target_6,0.5834977,
511.6554,0.02052397,0.08237465,0.06558824,1.796614,353.8992,359.4637,-0.1062253,-0.03135169,0.9938477,-0.195,2.325352E-09,2.065588,target_6,0.5500081,
511.6726,0.02054533,0.08230785,0.06566165,1.821678,353.9088,359.4324,-0.1060575,-0.03178892,0.9938517,-0.195,2.325352E-09,2.065662,target_6,0.5252593,
511.6895,0.02055408,0.08223513,0.06575739,1.854967,353.9321,359.4376,-0.1056516,-0.03236963,0.9938762,-0.195,2.325352E-09,2.065757,target_6,0.4933717,
511.7059,0.02056018,0.08215685,0.06579852,1.877039,353.9526,359.423,-0.1052938,-0.03275465,0.9939016,-0.195,2.325352E-09,2.065799,target_6,0.4735395,
511.7219,0.02056533,0.08211982,0.06587327,1.892525,353.9994,359.4395,-0.1044824,-0.0330248,0.9939783,-0.195,2.325352E-09,2.065873,target_6,0.4702222,
511.7387,0.02056638,0.08212724,0.06588535,1.878188,354.0487,359.4754,-0.1036279,-0.03277469,0.994076,-0.195,2.325352E-09,2.065885,target_6,0.501241,
511.7558,0.02053458,0.08219372,0.06597313,1.841003,354.0638,359.4961,-0.1033667,-0.03212604,0.9941244,-0.195,2.325352E-09,2.065973,target_6,0.5432066,
511.7722,0.02048982,0.08234872,0.06592001,1.75262,354.0743,359.4935,-0.1031899,-0.03058422,0.9941913,-0.195,2.325352E-09,2.06592,target_6,0.6327289,
511.7895,0.02041056,0.08242564,0.06581859,1.719288,354.089,359.4615,-0.1029381,-0.03000274,0.9942352,-0.195,2.325352E-09,2.065819,target_6,0.66998,
511.8064,0.02040913,0.08249366,0.06572122,1.692607,354.1,359.4078,-0.1027481,-0.02953727,0.9942688,-0.195,2.325352E-09,2.065721,target_6,0.7010924,
511.8223,0.0204277,0.08253395,0.06570268,1.665531,354.1214,359.3448,-0.1023774,-0.02906491,0.9943209,-0.195,2.325352E-09,2.065703,target_6,0.7351527,
511.8383,0.02052124,0.08254604,0.06561975,1.651268,354.1638,359.3358,-0.1016432,-0.02881607,0.9944035,-0.195,2.325352E-09,2.06562,target_6,0.7659171,
511.8556,0.02059193,0.08256565,0.06553562,1.661386,354.2061,359.3104,-0.1009073,-0.02899259,0.9944733,-0.195,2.325352E-09,2.065536,target_6,0.7765731,
511.8724,0.02068919,0.08252937,0.06545206,1.677695,354.2611,359.3096,-0.09995168,-0.02927712,0.9945615,-0.195,2.325352E-09,2.065452,target_6,0.7898148,
511.889,0.02078621,0.08248129,0.06539531,1.710245,354.3121,359.2991,-0.09906466,-0.02984497,0.9946333,-0.195,2.325352E-09,2.065395,target_6,0.7922885,
511.9059,0.02079225,0.08241381,0.06537305,1.71807,354.3536,359.2873,-0.09834514,-0.02998149,0.9947006,-0.195,2.325352E-09,2.065373,target_6,0.8098756,
511.9224,0.02079041,0.08234023,0.06537025,1.718867,354.3805,359.2817,-0.09787782,-0.02999539,0.9947463,-0.195,2.325352E-09,2.06537,target_6,0.8244823,
511.938,0.02073563,0.08222399,0.06529836,1.753866,354.4102,359.2945,-0.0973608,-0.03060596,0.9947785,-0.195,2.325352E-09,2.065298,target_6,0.8154138,
511.9558,0.02070356,0.0821552,0.06525286,1.822018,354.4106,359.3128,-0.09734881,-0.03179485,0.9947423,-0.195,2.325352E-09,2.065253,target_6,0.7661725,
511.9717,0.0205918,0.08204602,0.06516147,1.890117,354.3952,359.3375,-0.09761314,-0.03298279,0.9946777,-0.195,2.325352E-09,2.065161,target_6,0.7058211,
511.9894,0.02045939,0.08205348,0.06502758,1.948579,354.3649,359.3652,-0.09813559,-0.03400256,0.994592,-0.195,2.325352E-09,2.065027,target_6,0.6428534,
512.0056,0.02031006,0.0820425,0.0649174,1.964918,354.3232,359.3871,-0.0988595,-0.03428757,0.9945105,-0.195,2.325352E-09,2.064917,target_6,0.5967609,
512.0219,0.02008766,0.08211409,0.06479983,1.943306,354.29,359.4014,-0.09943601,-0.03391058,0.9944659,-0.195,2.325352E-09,2.0648,target_6,0.5818186,
512.0372,0.01995157,0.08215333,0.0647153,1.921774,354.2455,359.4028,-0.1002103,-0.033535,0.994401,-0.195,2.325352E-09,2.064715,target_6,0.5637122,
512.0575,0.0198192,0.08225232,0.064608,1.890019,354.2174,359.4061,-0.1006987,-0.03298108,0.9943702,-0.195,2.325352E-09,2.064608,target_6,0.5702693,
512.072,0.0197332,0.08230423,0.06454742,1.86425,354.2176,359.416,-0.1006975,-0.03253157,0.9943851,-0.195,2.325352E-09,2.064548,target_6,0.590498,
512.0887,0.01968595,0.08234459,0.06447473,1.83494,354.2404,359.4235,-0.1003029,-0.03202027,0.9944416,-0.195,2.325352E-09,2.064475,target_6,0.6277614,
512.1057,0.01965979,0.08234743,0.06442952,1.838284,354.2716,359.4267,-0.09976147,-0.0320786,0.9944941,-0.195,2.325352E-09,2.06443,target_6,0.6437659,
512.1222,0.0196349,0.08231644,0.06438133,1.860365,354.2992,359.4394,-0.09928177,-0.0324638,0.9945297,-0.195,2.325352E-09,2.064381,target_6,0.6425489,
512.1381,0.01957556,0.08229353,0.06435646,1.894408,354.3055,359.4466,-0.09917051,-0.03305764,0.9945212,-0.195,2.325352E-09,2.064357,target_6,0.6205508,
512.1552,0.01949409,0.08226043,0.06440156,1.905014,354.2879,359.4532,-0.09947556,-0.03324264,0.9944845,-0.195,2.325352E-09,2.064402,target_6,0.598725,
512.1718,0.01939259,0.08222459,0.06441495,1.950225,354.2588,359.4667,-0.0999769,-0.03403128,0.9944076,-0.195,2.325352E-09,2.064415,target_6,0.5428462,
512.1892,0.01924437,0.082287,0.06442472,1.973782,354.2258,359.4507,-0.100549,-0.03444218,0.9943358,-0.195,2.325352E-09,2.064425,target_6,0.5016313,
512.2052,0.01914277,0.082314,0.06443436,1.982193,354.2145,359.3986,-0.1007442,-0.0345889,0.9943109,-0.195,2.325352E-09,2.064434,target_6,0.4869847,
512.2228,0.01901454,0.082366,0.06442642,1.968215,354.2283,359.3962,-0.1005049,-0.03434509,0.9943436,-0.195,2.325352E-09,2.064426,target_6,0.5051297,
512.2381,0.0189749,0.08236393,0.06444003,1.972053,354.2517,359.4381,-0.1000994,-0.03441203,0.9943822,-0.195,2.325352E-09,2.06444,target_6,0.5169988,
512.2553,0.01891706,0.08230423,0.06445172,1.986885,354.2775,359.4779,-0.09965046,-0.03467074,0.9944183,-0.195,2.325352E-09,2.064452,target_6,0.5222706,
512.2722,0.01890199,0.08226445,0.06446593,2.009665,354.3152,359.5421,-0.09899457,-0.03506807,0.9944699,-0.195,2.325352E-09,2.064466,target_6,0.5348573,
512.2886,0.01884317,0.08221541,0.0644804,2.038487,354.3168,359.5834,-0.0989651,-0.03557081,0.9944549,-0.195,2.325352E-09,2.06448,target_6,0.5169988,
512.3058,0.01875,0.08214042,0.06444538,2.092264,354.266,359.5901,-0.09984405,-0.03650878,0.9943331,-0.195,2.325352E-09,2.064445,target_6,0.4410186,
512.3218,0.01852363,0.08203028,0.06440634,2.138342,354.1943,359.5804,-0.1010849,-0.03731244,0.9941779,-0.195,2.325352E-09,2.064406,target_6,0.3494264,
512.338,0.01844219,0.08198716,0.0643847,2.164417,354.1263,359.564,-0.1022622,-0.03776721,0.9940403,-0.195,2.325352E-09,2.064385,target_6,0.2762456,
512.3551,0.01830623,0.08195645,0.06434338,2.183173,354.0719,359.5352,-0.1032057,-0.03809435,0.9939303,-0.195,2.325352E-09,2.064343,target_6,0.2185032,
512.3716,0.01830351,0.08194482,0.06432641,2.189597,354.0495,359.5222,-0.1035936,-0.03820637,0.9938856,-0.195,2.325352E-09,2.064326,target_6,0.1968319,
512.3882,0.01830566,0.08198503,0.0643226,2.179607,354.0558,359.5255,-0.1034841,-0.03803214,0.9939037,-0.195,2.325352E-09,2.064323,target_6,0.2112177,
512.4052,0.01837686,0.08193175,0.06427344,2.200113,354.0682,359.5341,-0.103269,-0.03838978,0.9939123,-0.195,2.325352E-09,2.064273,target_6,0.2055842,
512.4222,0.01836578,0.08185953,0.0641913,2.22897,354.1055,359.5004,-0.1026193,-0.03889306,0.9939601,-0.195,2.325352E-09,2.064191,target_6,0.2185032,
512.4376,0.01845067,0.08184408,0.06413299,2.252693,354.1294,359.4671,-0.1022034,-0.03930679,0.9939867,-0.195,2.325352E-09,2.064133,target_6,0.2332305,
512.4551,0.01850371,0.08182513,0.0640533,2.263613,354.1715,359.464,-0.1014721,-0.03949722,0.994054,-0.195,2.325352E-09,2.064053,target_6,0.2733977,
512.472,0.01854516,0.08187236,0.06398834,2.249871,354.1851,359.4786,-0.1012377,-0.03925757,0.9940874,-0.195,2.325352E-09,2.063988,target_6,0.2907402,
512.4891,0.01849469,0.08195025,0.06392151,2.20946,354.1825,359.4969,-0.1012855,-0.03855281,0.9941101,-0.195,2.325352E-09,2.063921,target_6,0.3019647,
512.5051,0.01849112,0.08202451,0.06387246,2.17129,354.1642,359.5032,-0.1016059,-0.03788709,0.994103,-0.195,2.325352E-09,2.063873,target_6,0.3045456,
512.5215,0.01841569,0.08204404,0.06381562,2.164852,354.1357,359.5049,-0.1020993,-0.03777481,0.9940568,-0.195,2.325352E-09,2.063816,target_6,0.2832403,
512.5378,0.01837225,0.0820488,0.06378405,2.172413,354.0821,359.495,-0.1030287,-0.03790667,0.9939558,-0.195,2.325352E-09,2.063784,target_6,0.2365626,
512.5555,0.01828865,0.08197245,0.0637289,2.177102,354.0325,359.4893,-0.103889,-0.03798846,0.9938632,-0.195,2.325352E-09,2.063729,target_6,0.1978235,
512.5722,0.01828649,0.08199527,0.06372538,2.167897,354.0073,359.5051,-0.1043276,-0.03782791,0.9938233,-0.195,2.325352E-09,2.063725,target_6,0.1907741,
512.5884,0.01830318,0.08202267,0.06370331,2.162322,354.0044,359.5032,-0.1043785,-0.03773068,0.9938217,-0.195,2.325352E-09,2.063703,target_6,0.1948336,
512.6052,0.01833658,0.08198162,0.06366056,2.201008,354.0191,359.5075,-0.10412,-0.0384054,0.9938229,-0.195,2.325352E-09,2.063661,target_6,0.1713202,
512.6216,0.01836474,0.08189698,0.06363444,2.228183,354.0387,359.5085,-0.1037784,-0.03887932,0.9938403,-0.195,2.325352E-09,2.063634,target_6,0.1631294,
512.6377,0.01841903,0.08184165,0.06362305,2.251777,354.0505,359.5175,-0.1035724,-0.0392908,0.9938456,-0.195,2.325352E-09,2.063623,target_6,0.1594904,
512.6555,0.01842286,0.08178636,0.06359503,2.279165,354.0615,359.5155,-0.1033793,-0.03976845,0.9938467,-0.195,2.325352E-09,2.063595,target_6,0.1594904,
512.672,0.01845764,0.08176251,0.063557,2.293786,354.0562,359.5246,-0.1034698,-0.04002343,0.993827,-0.195,2.325352E-09,2.063557,target_6,0.1519511,
512.6875,0.01844579,0.08171632,0.06344869,2.317614,354.0467,359.5187,-0.103633,-0.04043896,0.9937932,-0.195,2.325352E-09,2.063449,target_6,0.1370561,
512.705,0.01847072,0.08165638,0.06332396,2.361678,354.0378,359.5019,-0.1037846,-0.04120738,0.9937458,-0.195,2.325352E-09,2.063324,target_6,0.1341704,
512.7218,0.0184813,0.08155388,0.06317544,2.384483,354.0283,359.4899,-0.1039471,-0.04160506,0.9937122,-0.195,2.325352E-09,2.063175,target_6,0.1341704,
512.7374,0.01853048,0.0815455,0.06302384,2.400023,354.0374,359.4828,-0.103789,-0.04187605,0.9937174,-0.195,2.325352E-09,2.063024,target_6,0.1532334,
512.7549,0.01856658,0.08152354,0.06287564,2.37443,354.0506,359.4719,-0.1035607,-0.04142976,0.9937599,-0.195,2.325352E-09,2.062876,target_6,0.1532334,
512.7714,0.01862842,0.08161639,0.06272177,2.345316,354.0726,359.469,-0.1031824,-0.04092206,0.9938203,-0.195,2.325352E-09,2.062722,target_6,0.1713202,
512.7874,0.01864756,0.0816863,0.06253797,2.32146,354.0913,359.4695,-0.1028593,-0.04050603,0.9938709,-0.195,2.325352E-09,2.062538,target_6,0.1876719,
512.8047,0.01870804,0.08169311,0.0623428,2.306233,354.1298,359.4594,-0.102193,-0.04024049,0.9939504,-0.195,2.325352E-09,2.062343,target_6,0.2289973,
512.8217,0.01873954,0.08164978,0.06214057,2.319149,354.1624,359.4633,-0.1016249,-0.04046573,0.9939995,-0.195,2.325352E-09,2.06214,target_6,0.2631872,
512.837,0.01875413,0.08160682,0.06193741,2.315021,354.179,359.4708,-0.1013376,-0.04039374,0.9940317,-0.195,2.325352E-09,2.061937,target_6,0.2797648,
512.8552,0.01878509,0.0816351,0.06170369,2.320048,354.1734,359.4919,-0.1014354,-0.04048141,0.9940181,-0.195,2.325352E-09,2.061704,target_6,0.2741124,
512.8715,0.01874607,0.08166803,0.0615015,2.286747,354.1487,359.5294,-0.1018652,-0.03990068,0.9939977,-0.195,2.325352E-09,2.061502,target_6,0.2517883,
512.8878,0.01867918,0.08166559,0.06128955,2.287548,354.1054,359.534,-0.1026165,-0.03991463,0.9939198,-0.195,2.325352E-09,2.06129,target_6,0.2074791,
512.9055,0.01862696,0.08175397,0.06108848,2.259447,354.0651,359.506,-0.103318,-0.03942456,0.9938667,-0.195,2.325352E-09,2.061089,target_6,0.174713,
512.9219,0.01857757,0.08185196,0.0608448,2.212544,354.0533,359.4843,-0.1035264,-0.03860658,0.9938772,-0.195,2.325352E-09,2.060845,target_6,0.1887116,
512.9382,0.01857751,0.08194417,0.06059897,2.173283,354.0612,359.4929,-0.103391,-0.03792184,0.9939176,-0.195,2.325352E-09,2.060599,target_6,0.2238118,
512.9548,0.01861488,0.08200695,0.06030834,2.175294,354.0886,359.5094,-0.1029164,-0.03795693,0.9939656,-0.195,2.325352E-09,2.060308,target_6,0.2430897,
512.9716,0.0186225,0.08203693,0.0599983,2.183825,354.1161,359.5395,-0.1024393,-0.03810572,0.9940091,-0.195,2.325352E-09,2.059998,target_6,0.261696,
512.9879,0.01864769,0.08210786,0.05973509,2.14458,354.1487,359.5818,-0.1018763,-0.03742123,0.994093,-0.195,2.325352E-09,2.059735,target_6,0.3121605,
513.0048,0.01863538,0.08222534,0.05948923,2.053082,354.165,359.6181,-0.1015979,-0.03582536,0.9941803,-0.195,2.325352E-09,2.059489,target_6,0.3896677,
513.0215,0.01859843,0.08233114,0.05920616,1.980582,354.1544,359.6348,-0.1017881,-0.03456078,0.9942056,-0.195,2.325352E-09,2.059206,target_6,0.4405747,
513.0368,0.0185587,0.08235767,0.05892155,1.962002,354.1085,359.6345,-0.1025854,-0.0342367,0.9941348,-0.195,2.325352E-09,2.058922,target_6,0.4329587,
513.0547,0.0184962,0.08233298,0.0586588,1.979432,354.0688,359.6147,-0.1032732,-0.03454074,0.9940531,-0.195,2.325352E-09,2.058659,target_6,0.3986039,
513.0718,0.01844441,0.082365,0.05840662,1.981573,354.0313,359.6096,-0.1039221,-0.03457807,0.9939842,-0.195,2.325352E-09,2.058407,target_6,0.3841043,
513.0873,0.01836064,0.08239507,0.05821462,1.963591,354.0184,359.6089,-0.1041477,-0.03426442,0.9939714,-0.195,2.325352E-09,2.058215,target_6,0.3966355,
513.105,0.01838958,0.0824604,0.05804843,1.93686,354.0316,359.6571,-0.1039213,-0.03379815,0.9940111,-0.195,2.325352E-09,2.058048,target_6,0.4284154,
513.1214,0.01839227,0.08256184,0.05786197,1.922923,354.0561,359.6802,-0.1034963,-0.03355504,0.9940637,-0.195,2.325352E-09,2.057862,target_6,0.4524074,
513.1367,0.0183917,0.0825289,0.05770143,1.936352,354.0838,359.669,-0.103015,-0.03378929,0.9941057,-0.195,2.325352E-09,2.057701,target_6,0.4484978,
513.1548,0.01841242,0.08245234,0.05760418,1.945369,354.0955,359.6535,-0.1028118,-0.03394657,0.9941214,-0.195,2.325352E-09,2.057604,target_6,0.4427898,
513.1709,0.0184399,0.08245791,0.0574546,1.974562,354.0986,359.659,-0.1027553,-0.03445578,0.9941097,-0.195,2.325352E-09,2.057455,target_6,0.4187142,
513.1879,0.01840648,0.08241474,0.05731861,1.969014,354.0893,359.6433,-0.1029179,-0.03435902,0.9940963,-0.195,2.325352E-09,2.057319,target_6,0.4173099,
513.2047,0.0184033,0.08238846,0.05717389,1.980751,354.0984,359.6243,-0.1027583,-0.03456374,0.9941057,-0.195,2.325352E-09,2.057174,target_6,0.4102162,
513.2219,0.01834529,0.08238874,0.05706985,1.968323,354.1065,359.6158,-0.102619,-0.03434697,0.9941276,-0.195,2.325352E-09,2.05707,target_6,0.4247459,
513.2372,0.01837102,0.08239621,0.05695455,1.969206,354.1152,359.6292,-0.1024679,-0.03436237,0.9941427,-0.195,2.325352E-09,2.056955,target_6,0.4279585,
513.2544,0.01832802,0.08244881,0.05683497,1.97886,354.1218,359.6402,-0.1023526,-0.03453076,0.9941487,-0.195,2.325352E-09,2.056835,target_6,0.4238235,
513.271,0.01833771,0.08246425,0.05670178,1.986096,354.1083,359.6414,-0.1025862,-0.03465698,0.9941202,-0.195,2.325352E-09,2.056702,target_6,0.4116447,
513.2878,0.01829192,0.08251824,0.0565788,1.967084,354.0923,359.6343,-0.1028659,-0.03432535,0.9941028,-0.195,2.325352E-09,2.056579,target_6,0.4224361,
513.3049,0.01828488,0.08252805,0.05645249,1.946902,354.0851,359.6373,-0.1029919,-0.03397332,0.9941018,-0.195,2.325352E-09,2.056453,target_6,0.4374548,
513.3216,0.01821098,0.0825085,0.05633845,1.951873,354.0815,359.6215,-0.1030536,-0.03406002,0.9940925,-0.195,2.325352E-09,2.056339,target_6,0.4302385,
513.3367,0.01823496,0.08252308,0.05621691,1.93882,354.0851,359.631,-0.1029915,-0.03383235,0.9941067,-0.195,2.325352E-09,2.056217,target_6,0.4449939,
513.3544,0.01821214,0.08249816,0.05609023,1.924689,354.0918,359.6561,-0.1028771,-0.03358585,0.9941269,-0.195,2.325352E-09,2.05609,target_6,0.4592754,
513.3712,0.01827384,0.08252785,0.05593943,1.91816,354.1131,359.6825,-0.1025082,-0.03347195,0.9941688,-0.195,2.325352E-09,2.055939,target_6,0.4747775,
513.3877,0.01828179,0.0825952,0.05577436,1.91887,354.1153,359.7034,-0.1024693,-0.03348434,0.9941725,-0.195,2.325352E-09,2.055774,target_6,0.4776538,
513.4048,0.01833941,0.08265039,0.05561912,1.900307,354.1221,359.6964,-0.1023531,-0.03316054,0.9941953,-0.195,2.325352E-09,2.055619,target_6,0.4992853,
513.4213,0.01832556,0.08272234,0.05544957,1.882684,354.113,359.6951,-0.1025106,-0.03285313,0.9941893,-0.195,2.325352E-09,2.055449,target_6,0.5135812,
513.437,0.01837981,0.0827922,0.05529054,1.822664,354.1012,359.6818,-0.1027196,-0.03180612,0.9942017,-0.195,2.325352E-09,2.05529,target_6,0.5675176,
513.4549,0.01838059,0.08276623,0.05520844,1.778804,354.0861,359.6653,-0.1029842,-0.031041,0.9941985,-0.195,2.325352E-09,2.055208,target_6,0.6036074,
513.4714,0.01835856,0.08274256,0.0550776,1.770818,354.0777,359.6578,-0.1031301,-0.03090168,0.9941877,-0.195,2.325352E-09,2.055078,target_6,0.6081289,
513.4876,0.01845033,0.08270289,0.05493534,1.784779,354.0868,359.6432,-0.1029711,-0.03114524,0.9941967,-0.195,2.325352E-09,2.054935,target_6,0.5967609,
513.5042,0.01851664,0.08268033,0.05478088,1.814706,354.0934,359.633,-0.1028553,-0.0316673,0.9941921,-0.195,2.325352E-09,2.054781,target_6,0.5706123,
513.5209,0.01862509,0.08266389,0.05463921,1.848427,354.126,359.619,-0.1022883,-0.03225554,0.9942317,-0.195,2.325352E-09,2.054639,target_6,0.5517841,
513.5374,0.0187044,0.08265986,0.05455342,1.854832,354.1378,359.5989,-0.1020836,-0.03236728,0.9942491,-0.195,2.325352E-09,2.054554,target_6,0.5517841,
513.5549,0.01877413,0.08268732,0.05446168,1.801246,354.1359,359.599,-0.1021188,-0.03143249,0.9942755,-0.195,2.325352E-09,2.054462,target_6,0.6013339,
513.5707,0.01874185,0.08269475,0.05436982,1.791096,354.1281,359.5879,-0.1022543,-0.03125542,0.9942672,-0.195,2.325352E-09,2.05437,target_6,0.6074851,
513.5878,0.01878867,0.08269109,0.05426557,1.799079,354.1252,359.5575,-0.102305,-0.0313947,0.9942576,-0.195,2.325352E-09,2.054265,target_6,0.5997046,
513.6043,0.01876423,0.08261183,0.05419069,1.813854,354.1219,359.4979,-0.1023608,-0.03165243,0.9942436,-0.195,2.325352E-09,2.054191,target_6,0.5821548,
513.6208,0.01883061,0.08259965,0.05410972,1.824371,354.1293,359.5,-0.1022316,-0.0318359,0.9942511,-0.195,2.325352E-09,2.05411,target_6,0.5757331,
513.6367,0.01881678,0.08268169,0.05404914,1.82143,354.1517,359.5196,-0.1018428,-0.0317846,0.9942926,-0.195,2.325352E-09,2.054049,target_6,0.5898349,
513.6542,0.01886484,0.08261155,0.05394983,1.842823,354.1643,359.5555,-0.1016231,-0.03215778,0.9943031,-0.195,2.325352E-09,2.05395,target_6,0.575053,
513.6708,0.01880632,0.08254323,0.0538213,1.881401,354.1902,359.5723,-0.1011718,-0.03283074,0.9943271,-0.195,2.325352E-09,2.053821,target_6,0.5517841,
513.6871,0.018793,0.08248728,0.05369667,1.920835,354.1754,359.5759,-0.1014262,-0.03351862,0.9942783,-0.195,2.325352E-09,2.053697,target_6,0.5093729,
513.7047,0.01871536,0.08246739,0.05357943,1.92621,354.1209,359.5846,-0.1023708,-0.03361237,0.9941782,-0.195,2.325352E-09,2.053579,target_6,0.4756011,
513.7207,0.01866393,0.08248928,0.05343772,1.905255,354.0343,359.577,-0.1038755,-0.03324685,0.9940345,-0.195,2.325352E-09,2.053438,target_6,0.4626713,
513.7366,0.0185538,0.08252421,0.05331427,1.867553,353.9777,359.5669,-0.1048601,-0.03258918,0.9939529,-0.195,2.325352E-09,2.053314,target_6,0.4873863,
513.7545,0.01853405,0.08256245,0.05317611,1.855049,353.9366,359.5637,-0.1055739,-0.03237106,0.9938844,-0.195,2.325352E-09,2.053176,target_6,0.4969283,
513.7707,0.01844228,0.08255016,0.05303737,1.868063,353.9315,359.541,-0.105661,-0.03259808,0.9938678,-0.195,2.325352E-09,2.053037,target_6,0.4821389,
513.7879,0.01849158,0.08247749,0.05292609,1.903688,353.9419,359.5539,-0.105478,-0.03321952,0.9938666,-0.195,2.325352E-09,2.052926,target_6,0.4458725,
513.8038,0.01854005,0.0824638,0.05283744,1.920556,353.9717,359.5945,-0.1049609,-0.03351375,0.9939115,-0.195,2.325352E-09,2.052837,target_6,0.4325065,
513.8207,0.01862949,0.08247033,0.05272004,1.907584,354.0016,359.6068,-0.1044427,-0.03328748,0.9939737,-0.195,2.325352E-09,2.05272,target_6,0.4511079,
513.8364,0.01864575,0.0825548,0.05260709,1.892745,354.0247,359.5719,-0.1040425,-0.03302862,0.9940243,-0.195,2.325352E-09,2.052607,target_6,0.4735395,
513.8545,0.01874702,0.08265069,0.05252001,1.867015,354.0526,359.5818,-0.1035597,-0.0325798,0.9940895,-0.195,2.325352E-09,2.05252,target_6,0.5093729,
513.8709,0.01874361,0.08267981,0.05248153,1.838842,354.0542,359.5685,-0.103535,-0.03208834,0.9941081,-0.195,2.325352E-09,2.052481,target_6,0.5370479,
513.8874,0.01880277,0.08266251,0.05247878,1.815559,354.0406,359.5614,-0.1037712,-0.03168219,0.9940965,-0.195,2.325352E-09,2.052479,target_6,0.5560232,
513.9041,0.01880537,0.08269712,0.05247926,1.8271,354.0488,359.5348,-0.1036279,-0.0318835,0.994105,-0.195,2.325352E-09,2.052479,target_6,0.5485832,
513.9207,0.01887881,0.08262579,0.05245506,1.869205,354.0361,359.5336,-0.1038464,-0.03261799,0.9940583,-0.195,2.325352E-09,2.052455,target_6,0.5028,
513.9366,0.01885629,0.08251638,0.05244188,1.924458,354.0444,359.5231,-0.1036987,-0.03358181,0.9940417,-0.195,2.325352E-09,2.052442,target_6,0.4493696,
513.9541,0.018906,0.08249776,0.05242858,1.952298,354.0352,359.5237,-0.1038575,-0.03406744,0.9940085,-0.195,2.325352E-09,2.052428,target_6,0.4201138,
513.9706,0.01883457,0.08260377,0.05271225,1.948194,354.0146,359.5246,-0.1042151,-0.03399585,0.9939736,-0.195,2.325352E-09,2.052712,target_6,0.4196478,
513.9869,0.01885091,0.08263207,0.05276495,1.922408,354.0053,359.5248,-0.104377,-0.03354605,0.9939719,-0.195,2.325352E-09,2.052765,target_6,0.4441136,
514.0038,0.01877741,0.08269168,0.05305874,1.900111,353.9957,359.5144,-0.1045464,-0.03315712,0.9939671,-0.195,2.325352E-09,2.053059,target_6,0.464781,
514.0205,0.01878374,0.082647,0.0530709,1.917224,354.0019,359.5149,-0.104437,-0.03345563,0.9939686,-0.195,2.325352E-09,2.053071,target_6,0.4476244,
514.0365,0.0187878,0.08265992,0.0532372,1.97532,353.9977,359.5357,-0.104507,-0.034469,0.9939266,-0.195,2.325352E-09,2.053237,target_6,0.3906707,
514.0538,0.01881634,0.08265756,0.0532193,2.011685,353.9983,359.5418,-0.104494,-0.03510332,0.9939058,-0.195,2.325352E-09,2.053219,target_6,0.3555328,
514.0713,0.01886213,0.08268917,0.05340655,1.999226,353.991,359.5441,-0.1046213,-0.03488599,0.9939001,-0.195,2.325352E-09,2.053406,target_6,0.3674413,
514.0869,0.01888108,0.08272985,0.05342952,1.969059,353.969,359.5417,-0.1050053,-0.0343598,0.9938779,-0.195,2.325352E-09,2.05343,target_6,0.3921704,
514.1035,0.01887701,0.08267829,0.05365828,1.944415,353.9489,359.5178,-0.1053552,-0.03392994,0.9938557,-0.195,2.325352E-09,2.053658,target_6,0.4125943,
514.1201,0.01889039,0.08265184,0.0536743,1.980151,353.9517,359.4948,-0.1053042,-0.03455328,0.9938396,-0.195,2.325352E-09,2.053674,target_6,0.3769049,
514.1365,0.01890692,0.08263332,0.05381139,2.019588,353.9603,359.4732,-0.1051528,-0.03524116,0.9938315,-0.195,2.325352E-09,2.053811,target_6,0.3386196,
514.1537,0.01896288,0.08256842,0.05381586,2.049839,353.9834,359.4883,-0.1047501,-0.0357688,0.9938551,-0.195,2.325352E-09,2.053816,target_6,0.3134116,
514.1706,0.01902388,0.08258536,0.05394531,2.044808,354.0142,359.5037,-0.104215,-0.03568106,0.9939145,-0.195,2.325352E-09,2.053945,target_6,0.3304307,
514.1874,0.01906676,0.08260684,0.05392335,2.042487,354.0422,359.5118,-0.1037302,-0.03564057,0.9939667,-0.195,2.325352E-09,2.053923,target_6,0.3449174,
514.2048,0.01908069,0.08263331,0.05400784,2.042959,354.0536,359.5286,-0.1035331,-0.0356488,0.993987,-0.195,2.325352E-09,2.054008,target_6,0.3499859,
514.2213,0.01909989,0.08262434,0.05399486,2.038758,354.0523,359.5457,-0.1035543,-0.03557552,0.9939874,-0.195,2.325352E-09,2.053995,target_6,0.3527702,
514.2361,0.019111,0.08252141,0.05417237,1.980536,354.0424,359.5636,-0.1037307,-0.03455999,0.9940048,-0.195,2.325352E-09,2.054172,target_6,0.3995845,
514.2538,0.01911408,0.08254375,0.05418636,2.011046,354.0241,359.5687,-0.1040459,-0.03509217,0.9939532,-0.195,2.325352E-09,2.054186,target_6,0.3636945,
514.2704,0.01912803,0.08259125,0.05428173,1.966128,353.9895,359.5457,-0.1046488,-0.03430867,0.9939173,-0.195,2.325352E-09,2.054282,target_6,0.3976209,
514.2868,0.01912302,0.08267744,0.05427691,1.942924,353.9977,359.4844,-0.1045091,-0.03390392,0.9939458,-0.195,2.325352E-09,2.054277,target_6,0.4242849,
514.3034,0.01916909,0.08263516,0.05433346,1.951852,354.0046,359.468,-0.1043879,-0.03405965,0.9939533,-0.195,2.325352E-09,2.054333,target_6,0.4173099,
514.3206,0.01923104,0.08268134,0.05435603,1.947682,354.0241,359.5247,-0.1040492,-0.03398691,0.9939913,-0.195,2.325352E-09,2.054356,target_6,0.4284154,
514.3362,0.01923891,0.08279853,0.05440588,1.924386,354.0634,359.5508,-0.1033687,-0.03358056,0.9940761,-0.195,2.325352E-09,2.054406,target_6,0.4677188,
514.3546,0.01929609,0.08275847,0.05444359,1.919788,354.1066,359.5919,-0.1026208,-0.03350035,0.9941562,-0.195,2.325352E-09,2.054444,target_6,0.4897892,
514.3704,0.01939589,0.08263556,0.05452567,1.974489,354.1027,359.6427,-0.1026842,-0.03445451,0.9941171,-0.195,2.325352E-09,2.054526,target_6,0.4383485,
514.3865,0.01938628,0.08250122,0.0545439,2.038372,354.0871,359.6236,-0.1029512,-0.03556879,0.9940503,-0.195,2.325352E-09,2.054544,target_6,0.3722032,
514.4028,0.01939734,0.08235727,0.05457943,2.102763,354.067,359.6106,-0.1032956,-0.0366919,0.9939737,-0.195,2.325352E-09,2.054579,target_6,0.3045456,
514.4205,0.01940474,0.08239008,0.05470633,2.050128,354.0051,359.6126,-0.1043728,-0.03577385,0.9938946,-0.195,2.325352E-09,2.054706,target_6,0.3202056,
514.4361,0.01944432,0.08250546,0.05484549,1.978231,353.9684,359.601,-0.1050137,-0.03451979,0.9938715,-0.195,2.325352E-09,2.054846,target_6,0.3815487,
514.4531,0.01947045,0.08258453,0.0549157,1.89894,353.9621,359.5866,-0.1051293,-0.03313668,0.9939063,-0.195,2.325352E-09,2.054916,target_6,0.4597013,
514.4704,0.01956482,0.08258373,0.05497368,1.88147,353.9687,359.5918,-0.105016,-0.03283195,0.9939284,-0.195,2.325352E-09,2.054974,target_6,0.4788812,
514.4868,0.0196647,0.08265957,0.05496673,1.863982,353.9724,359.6045,-0.1049511,-0.03252689,0.9939453,-0.195,2.325352E-09,2.054967,target_6,0.4992853,
514.5033,0.01972887,0.0827482,0.05492078,1.816131,353.9853,359.5591,-0.1047309,-0.03169215,0.9939955,-0.195,2.325352E-09,2.054921,target_6,0.5514293,
514.5202,0.01984589,0.08286332,0.05487968,1.786016,353.9999,359.5625,-0.1044789,-0.03116681,0.9940386,-0.195,2.325352E-09,2.05488,target_6,0.5878411,
514.5358,0.01994666,0.08293863,0.05487486,1.709876,354.0154,359.5572,-0.1042158,-0.02983854,0.994107,-0.195,2.325352E-09,2.054875,target_6,0.6682253,
514.5533,0.01999808,0.08306992,0.05484427,1.638753,354.0217,359.5659,-0.1041087,-0.02859773,0.9941547,-0.195,2.325352E-09,2.054844,target_6,0.7430948,
514.5702,0.02005787,0.08304843,0.05481251,1.633007,354.0281,359.5441,-0.103999,-0.0284975,0.9941691,-0.195,2.325352E-09,2.054812,target_6,0.749388,
514.5866,0.02008604,0.08307958,0.05483564,1.63256,354.0187,359.5222,-0.1041616,-0.02848969,0.9941522,-0.195,2.325352E-09,2.054836,target_6,0.7488656,
514.6057,0.02007545,0.08298369,0.0547949,1.675051,353.9882,359.5204,-0.1046881,-0.02923099,0.9940754,-0.195,2.325352E-09,2.054795,target_6,0.6988559,
514.6201,0.02005827,0.08280284,0.05478554,1.78363,353.953,359.5515,-0.1052929,-0.03112519,0.9939541,-0.195,2.325352E-09,2.054785,target_6,0.5801346,
514.6358,0.02000468,0.08261725,0.05477648,1.862741,353.9454,359.5532,-0.105421,-0.03250524,0.9938963,-0.195,2.325352E-09,2.054776,target_6,0.4953507,
514.6533,0.01999137,0.08248191,0.05477495,1.934932,353.9478,359.5598,-0.1053736,-0.03376452,0.9938594,-0.195,2.325352E-09,2.054775,target_6,0.4210443,
514.6697,0.0199981,0.08227269,0.05477476,2.042644,353.9365,359.5852,-0.1055633,-0.03564331,0.9937736,-0.195,2.325352E-09,2.054775,target_6,0.3077414,
514.6865,0.01998394,0.08212014,0.05480367,2.118762,353.9372,359.5873,-0.1055465,-0.03697095,0.9937268,-0.195,2.325352E-09,2.054804,target_6,0.2298502,
514.7025,0.01996047,0.08197138,0.05484622,2.152459,353.9414,359.5953,-0.1054709,-0.03755866,0.9937128,-0.195,2.325352E-09,2.054846,target_6,0.1968319,
514.7204,0.01996236,0.08194922,0.05490394,2.160328,353.9495,359.635,-0.1053299,-0.0376959,0.9937226,-0.195,2.325352E-09,2.054904,target_6,0.191797,
514.7362,0.01992215,0.0819254,0.0549524,2.151188,353.959,359.6364,-0.1051666,-0.03753649,0.9937459,-0.195,2.325352E-09,2.054952,target_6,0.2036718,
514.7531,0.01990681,0.08195104,0.05502461,2.141169,353.9533,359.6454,-0.1052652,-0.03736174,0.9937421,-0.195,2.325352E-09,2.055025,target_6,0.2093567,
514.7701,0.01987393,0.08201132,0.05507221,2.101665,353.9175,359.6574,-0.1058891,-0.03667275,0.9937015,-0.195,2.325352E-09,2.055072,target_6,0.2382111,
514.7866,0.01984267,0.08212229,0.0551397,2.042681,353.8707,359.6674,-0.1067041,-0.03564396,0.9936517,-0.195,2.325352E-09,2.05514,target_6,0.2947506,
514.8028,0.01981015,0.08209532,0.05513613,2.037861,353.8502,359.653,-0.1070613,-0.03555989,0.9936163,-0.195,2.325352E-09,2.055136,target_6,0.2993615,
514.8201,0.01983916,0.08210342,0.05518963,2.042821,353.844,359.6341,-0.1071683,-0.03564641,0.9936017,-0.195,2.325352E-09,2.05519,target_6,0.2954137,
514.836,0.01986,0.08215822,0.05525292,1.99086,353.8525,359.6397,-0.1070243,-0.03474006,0.9936493,-0.195,2.325352E-09,2.055253,target_6,0.3483046,
514.8527,0.01991689,0.08220997,0.05531326,1.966456,353.8787,359.6535,-0.1065707,-0.03431439,0.9937128,-0.195,2.325352E-09,2.055313,target_6,0.373777,
514.8701,0.01999992,0.08210824,0.05535589,1.9931,353.9052,359.6457,-0.1061107,-0.03477914,0.9937459,-0.195,2.325352E-09,2.055356,target_6,0.3460502,
514.887,0.02008335,0.08202948,0.05542853,1.998355,353.9543,359.6371,-0.1052576,-0.03487081,0.9938334,-0.195,2.325352E-09,2.055429,target_6,0.3494264,
514.9029,0.02013385,0.08189911,0.05548594,2.035724,353.9776,359.6238,-0.1048518,-0.03552261,0.9938532,-0.195,2.325352E-09,2.055486,target_6,0.3177519,
514.9199,0.02018938,0.08184255,0.05555279,2.072087,353.9838,359.5941,-0.1047408,-0.03615685,0.9938421,-0.195,2.325352E-09,2.055553,target_6,0.2866737,
514.9357,0.02021853,0.08172902,0.05563324,2.091043,353.9921,359.5399,-0.1045956,-0.03648749,0.9938453,-0.195,2.325352E-09,2.055633,target_6,0.2705197,
514.9528,0.02025048,0.08177789,0.05570581,2.093889,354.022,359.498,-0.1040766,-0.03653712,0.9938979,-0.195,2.325352E-09,2.055706,target_6,0.2866737,
514.9698,0.02021303,0.08178234,0.05567772,2.099092,354.0447,359.5078,-0.1036832,-0.03662786,0.9939357,-0.195,2.325352E-09,2.055678,target_6,0.2960753,
514.9868,0.0202328,0.08174372,0.05567214,2.122797,354.0619,359.5616,-0.1033838,-0.03704133,0.9939516,-0.195,2.325352E-09,2.055672,target_6,0.2887141,
515.0027,0.02018903,0.0816827,0.05559029,2.148128,354.0834,359.5923,-0.1030076,-0.03748311,0.9939741,-0.195,2.325352E-09,2.05559,target_6,0.2853053,
515.0198,0.02015856,0.0817049,0.05554564,2.135441,354.0779,359.6033,-0.1031054,-0.03726185,0.9939722,-0.195,2.325352E-09,2.055546,target_6,0.2900664,
515.0359,0.02007601,0.08175536,0.05543737,2.099728,354.0215,359.6169,-0.1040852,-0.03663896,0.9938933,-0.195,2.325352E-09,2.055437,target_6,0.2783625,
515.0529,0.01999775,0.08178676,0.05540916,2.059085,353.9475,359.5967,-0.1053719,-0.03593009,0.9937836,-0.195,2.325352E-09,2.055409,target_6,0.2811602,
515.0696,0.0198507,0.08183289,0.05537107,2.014313,353.8959,359.5584,-0.1062689,-0.03514915,0.993716,-0.195,2.325352E-09,2.055371,target_6,0.315899,
515.0877,0.01981801,0.08187008,0.05536027,1.972743,353.8792,359.5488,-0.1065621,-0.03442406,0.99371,-0.195,2.325352E-09,2.05536,target_6,0.358274,
515.1028,0.01975034,0.0818543,0.05524234,2.001435,353.8853,359.5589,-0.1064546,-0.03492453,0.993704,-0.195,2.325352E-09,2.055242,target_6,0.3292442,
515.1198,0.01980638,0.08181691,0.055209,2.017991,353.9319,359.5898,-0.1056444,-0.03521331,0.9937803,-0.195,2.325352E-09,2.055209,target_6,0.3171355,
515.136,0.0198346,0.08180211,0.05511209,2.044549,353.9781,359.6336,-0.1048426,-0.03567654,0.9938487,-0.195,2.325352E-09,2.055112,target_6,0.3045456,
515.1529,0.01989185,0.08177493,0.05511208,2.048751,354.0086,359.6465,-0.1043116,-0.03574983,0.9939019,-0.195,2.325352E-09,2.055112,target_6,0.3134116,
515.1693,0.01983227,0.08176733,0.0551133,1.998183,354.01,359.6284,-0.1042907,-0.03486781,0.9939355,-0.195,2.325352E-09,2.055113,target_6,0.3588198,
515.1867,0.01985726,0.08180027,0.05515192,1.95273,353.997,359.6282,-0.1045203,-0.03407497,0.9939388,-0.195,2.325352E-09,2.055152,target_6,0.3971285,
515.2028,0.01976206,0.08173919,0.05513139,1.960004,353.9629,359.5927,-0.1051116,-0.03420185,0.9938721,-0.195,2.325352E-09,2.055131,target_6,0.3779418,
515.2197,0.01977787,0.08168626,0.0551449,1.977715,353.9284,359.5648,-0.1057088,-0.03451079,0.9937981,-0.195,2.325352E-09,2.055145,target_6,0.3527702,
515.2361,0.01969133,0.08163796,0.05508164,2.01394,353.9277,359.5602,-0.1057185,-0.03514265,0.993775,-0.195,2.325352E-09,2.055082,target_6,0.315279,
515.2526,0.01964364,0.08158303,0.05505908,2.039115,353.9203,359.5791,-0.1058448,-0.03558175,0.9937459,-0.195,2.325352E-09,2.055059,target_6,0.2873554,
515.2696,0.01970214,0.08157135,0.05513885,2.03371,353.9484,359.5826,-0.1053579,-0.03548748,0.9938009,-0.195,2.325352E-09,2.055139,target_6,0.2980514,
515.2858,0.01968092,0.08157803,0.05520691,2.012995,353.9658,359.5948,-0.1050579,-0.03512617,0.9938456,-0.195,2.325352E-09,2.055207,target_6,0.3232465,
515.3029,0.01974566,0.08158422,0.05531541,1.998205,353.9763,359.6003,-0.1048766,-0.03486819,0.9938738,-0.195,2.325352E-09,2.055315,target_6,0.3409232,
515.3189,0.01969198,0.08153844,0.05536129,2.017409,353.9828,359.601,-0.1047614,-0.03520315,0.9938741,-0.195,2.325352E-09,2.055361,target_6,0.3232465,
515.3367,0.01974823,0.08150937,0.05544684,2.033983,353.9699,359.5853,-0.104984,-0.03549224,0.9938403,-0.195,2.325352E-09,2.055447,target_6,0.302612,
515.3525,0.0196703,0.08148673,0.05548628,2.058028,353.9608,359.5697,-0.1051409,-0.03591165,0.9938087,-0.195,2.325352E-09,2.055486,target_6,0.2762456,
515.3703,0.01970353,0.08145997,0.05559998,2.072186,353.9435,359.5586,-0.1054394,-0.03615858,0.9937681,-0.195,2.325352E-09,2.0556,target_6,0.2556444,
515.3862,0.01966506,0.08142015,0.05570296,2.058634,353.9497,359.5564,-0.1053328,-0.0359222,0.993788,-0.195,2.325352E-09,2.055703,target_6,0.2705197,
515.4029,0.0197283,0.08137314,0.05586584,2.03967,353.9677,359.5649,-0.1050221,-0.03559143,0.9938328,-0.195,2.325352E-09,2.055866,target_6,0.2920831,
515.4196,0.01976235,0.08129147,0.0559295,2.067222,353.9847,359.5756,-0.1047251,-0.03607201,0.9938468,-0.195,2.325352E-09,2.055929,target_6,0.2719625,
515.4352,0.01983262,0.08120774,0.05601308,2.112026,354.0016,359.5959,-0.1044291,-0.03685346,0.9938493,-0.195,2.325352E-09,2.056013,target_6,0.2398483,
515.4523,0.01981619,0.08111864,0.05607481,2.14255,354.0214,359.6059,-0.1040849,-0.03738584,0.9938655,-0.195,2.325352E-09,2.056075,target_6,0.2246844,
515.4693,0.01988037,0.08108121,0.05617865,2.15828,354.0226,359.6098,-0.1040634,-0.03766018,0.9938574,-0.195,2.325352E-09,2.056179,target_6,0.2148914,
515.4863,0.01990379,0.08104183,0.0562321,2.165171,354.0103,359.6006,-0.1042759,-0.03778037,0.9938306,-0.195,2.325352E-09,2.056232,target_6,0.2017412,
515.5024,0.01997092,0.08106529,0.05636618,2.155406,353.9859,359.6069,-0.1046984,-0.03761005,0.9937926,-0.195,2.325352E-09,2.056366,target_6,0.1948336,
515.5189,0.01996359,0.08115209,0.05644562,2.107268,353.9556,359.5876,-0.1052287,-0.03677048,0.993768,-0.195,2.325352E-09,2.056446,target_6,0.2220564,
515.536,0.02004227,0.08111522,0.05655459,2.121079,353.9278,359.5793,-0.1057092,-0.03701136,0.9937081,-0.195,2.325352E-09,2.056555,target_6,0.1988102,
515.5524,0.02009382,0.08106784,0.05663538,2.139647,353.9096,359.5753,-0.1060238,-0.0373352,0.9936624,-0.195,2.325352E-09,2.056635,target_6,0.174713,
515.5697,0.02021615,0.08105967,0.05673134,2.150532,353.9365,359.518,-0.1055568,-0.03752504,0.993705,-0.195,2.325352E-09,2.056731,target_6,0.174713,
515.5863,0.02034685,0.08107719,0.0568588,2.150772,353.983,359.4823,-0.1047498,-0.03752924,0.9937902,-0.195,2.325352E-09,2.056859,target_6,0.2027088,
515.6022,0.0205569,0.08106826,0.05697796,2.145782,354.0463,359.4856,-0.103652,-0.03744221,0.9939086,-0.195,2.325352E-09,2.056978,target_6,0.2548778,
515.6187,0.02068273,0.08101374,0.05711284,2.144015,354.1045,359.5052,-0.1026426,-0.03741138,0.9940145,-0.195,2.325352E-09,2.057113,target_6,0.3058279,
515.636,0.02082771,0.08100507,0.05724778,2.14807,354.144,359.5256,-0.1019563,-0.03748212,0.9940825,-0.195,2.325352E-09,2.057248,target_6,0.3414966,
515.6524,0.02084559,0.08100863,0.0573776,2.140426,354.1469,359.5345,-0.1019069,-0.0373488,0.9940926,-0.195,2.325352E-09,2.057378,target_6,0.3483046,
515.6694,0.02089837,0.0809568,0.0574753,2.156556,354.102,359.5394,-0.1026846,-0.03763013,0.9940019,-0.195,2.325352E-09,2.057475,target_6,0.301316,
515.6858,0.02081481,0.08088686,0.05751559,2.194753,354.0166,359.5111,-0.1041646,-0.03829629,0.9938225,-0.195,2.325352E-09,2.057516,target_6,0.2065338,
515.7029,0.02082619,0.08084512,0.05756558,2.210572,353.9453,359.4745,-0.1054001,-0.0385722,0.9936816,-0.195,2.325352E-09,2.057566,target_6,0.1370561,
515.7177,0.02079629,0.08086749,0.05760993,2.213016,353.8894,359.4557,-0.106369,-0.03861481,0.9935766,-0.195,2.325352E-09,2.05761,target_6,0.1008706,
515.7358,0.0209006,0.08093157,0.05768578,2.162761,353.8935,359.444,-0.1063018,-0.03773833,0.9936175,-0.195,2.325352E-09,2.057686,target_6,0.1506579,
515.7527,0.02102955,0.08102448,0.05776418,2.107578,353.9242,359.473,-0.1057733,-0.03677588,0.99371,-0.195,2.325352E-09,2.057764,target_6,0.2176059,
515.7697,0.02122049,0.08106551,0.05784679,2.081468,353.9724,359.5045,-0.1049391,-0.03632047,0.9938152,-0.195,2.325352E-09,2.057847,target_6,0.2676108,
515.786,0.02132767,0.08103456,0.05791986,2.06878,354.0182,359.4825,-0.1041452,-0.03609917,0.9939067,-0.195,2.325352E-09,2.05792,target_6,0.3058279,
515.8029,0.0214676,0.08101928,0.05798239,2.087474,354.0573,359.4523,-0.1034656,-0.03642524,0.9939658,-0.195,2.325352E-09,2.057982,target_6,0.3202056,
515.8181,0.0215326,0.08102132,0.05796529,2.114709,354.0654,359.4464,-0.103323,-0.03690026,0.9939631,-0.195,2.325352E-09,2.057965,target_6,0.3102743,
515.8364,0.02163044,0.08097464,0.05801224,2.142556,354.0479,359.4358,-0.103625,-0.03738594,0.9939135,-0.195,2.325352E-09,2.058012,target_6,0.2804634,
515.8521,0.02162693,0.08095221,0.05805331,2.134298,354.033,359.4204,-0.1038835,-0.03724192,0.993892,-0.195,2.325352E-09,2.058053,target_6,0.2741124,
515.8697,0.02171796,0.08095817,0.05812547,2.118517,354.0271,359.4143,-0.1039864,-0.03696667,0.9938915,-0.195,2.325352E-09,2.058125,target_6,0.2811602,
515.8863,0.02171226,0.08099107,0.05811218,2.114271,354.032,359.4148,-0.1039028,-0.03689261,0.993903,-0.195,2.325352E-09,2.058112,target_6,0.2880355,
515.9022,0.02179532,0.08099058,0.05816251,2.111361,354.0376,359.4062,-0.1038057,-0.03684186,0.993915,-0.195,2.325352E-09,2.058162,target_6,0.2960753,
515.9179,0.02180387,0.08101325,0.05818518,2.09521,354.0499,359.4197,-0.1035927,-0.03656016,0.9939476,-0.195,2.325352E-09,2.058185,target_6,0.3171355,
515.9361,0.02187781,0.08101763,0.05826505,2.079528,354.0544,359.4124,-0.103517,-0.03628665,0.9939656,-0.195,2.325352E-09,2.058265,target_6,0.3322025,
515.9522,0.0218744,0.08101779,0.05832095,2.072053,354.0557,359.4124,-0.1034944,-0.03615627,0.9939727,-0.195,2.325352E-09,2.058321,target_6,0.3386196,
515.9684,0.02193182,0.08097396,0.05840339,2.087095,354.0525,359.4229,-0.1035478,-0.03641863,0.9939575,-0.195,2.325352E-09,2.058403,target_6,0.3256589,
515.9857,0.02188237,0.08093998,0.05841975,2.104852,354.0421,359.4178,-0.1037274,-0.03672834,0.9939274,-0.195,2.325352E-09,2.05842,target_6,0.3045456,
516.0021,0.0219268,0.08086812,0.05845961,2.13862,354.0449,359.4221,-0.1036762,-0.03731729,0.9939108,-0.195,2.325352E-09,2.05846,target_6,0.2866737,
516.018,0.02184885,0.08084321,0.05843526,2.156388,354.0372,359.4197,-0.1038097,-0.03762718,0.9938852,-0.195,2.325352E-09,2.058435,target_6,0.2676108,
516.0353,0.02189604,0.08085623,0.05845112,2.176809,354.0425,359.4178,-0.103715,-0.03798334,0.9938815,-0.195,2.325352E-09,2.058451,target_6,0.2639296,
516.0516,0.02191244,0.08093043,0.05844974,2.142051,354.0362,359.4228,-0.1038273,-0.03737714,0.9938928,-0.195,2.325352E-09,2.05845,target_6,0.276953,
516.0687,0.02194513,0.08099104,0.05851885,2.07815,354.0425,359.4221,-0.1037216,-0.0362626,0.9939451,-0.195,2.325352E-09,2.058519,target_6,0.3262592,
516.0865,0.02191878,0.08106805,0.05856835,2.043333,354.0477,359.4354,-0.1036353,-0.03565533,0.9939761,-0.195,2.325352E-09,2.058568,target_6,0.3555328,
516.1021,0.02192913,0.08105616,0.05863937,2.024995,354.0403,359.436,-0.1037631,-0.03533548,0.9939741,-0.195,2.325352E-09,2.058639,target_6,0.364769,
516.118,0.02187997,0.08101978,0.05862077,2.090978,354.0267,359.4432,-0.1039952,-0.03648635,0.9939083,-0.195,2.325352E-09,2.058621,target_6,0.3045456,
516.1352,0.02186355,0.08093636,0.05863219,2.138121,354.0034,359.4413,-0.1043965,-0.03730858,0.9938357,-0.195,2.325352E-09,2.058632,target_6,0.2533378,
516.152,0.02171092,0.08088689,0.05861992,2.156871,353.9778,359.4505,-0.1048403,-0.0376356,0.9937767,-0.195,2.325352E-09,2.05862,target_6,0.2176059,
516.1688,0.0216883,0.080888,0.05865391,2.168362,353.9409,359.4647,-0.1054785,-0.03783603,0.9937015,-0.195,2.325352E-09,2.058654,target_6,0.1845175,
516.1857,0.02158508,0.08095211,0.05866059,2.143002,353.9121,359.4404,-0.1059792,-0.03739372,0.993665,-0.195,2.325352E-09,2.058661,target_6,0.1866263,
516.2022,0.02155986,0.08103876,0.05871384,2.101801,353.8971,359.4009,-0.1062437,-0.03667511,0.9936635,-0.195,2.325352E-09,2.058714,target_6,0.2176059,
516.218,0.02150763,0.08110861,0.05874546,2.062362,353.9066,359.4107,-0.1060813,-0.03598723,0.993706,-0.195,2.325352E-09,2.058745,target_6,0.2601963,
516.2355,0.02150723,0.08106755,0.05876274,2.07802,353.9332,359.4441,-0.105619,-0.03626035,0.9937453,-0.195,2.325352E-09,2.058763,target_6,0.2564087,
516.252,0.02149058,0.08100511,0.05877545,2.114011,353.9548,359.4695,-0.1052416,-0.03688809,0.9937623,-0.195,2.325352E-09,2.058775,target_6,0.23239,
516.2686,0.02148144,0.08097406,0.05879099,2.139196,353.9597,359.5072,-0.1051549,-0.03732735,0.993755,-0.195,2.325352E-09,2.058791,target_6,0.2158,
516.2853,0.02133733,0.08098954,0.05880549,2.133709,353.9378,359.5409,-0.1055347,-0.03723164,0.9937184,-0.195,2.325352E-09,2.058805,target_6,0.2046302,
516.3018,0.0212411,0.08094563,0.05882963,2.13353,353.8747,359.546,-0.106629,-0.03722851,0.9936017,-0.195,2.325352E-09,2.05883,target_6,0.1758294,
516.3173,0.02104278,0.08095178,0.05881847,2.130558,353.7993,359.5353,-0.1079373,-0.03717669,0.9934623,-0.195,2.325352E-09,2.058819,target_6,0.1780411,
516.3352,0.02097608,0.08093266,0.05882724,2.140245,353.7537,359.5196,-0.1087264,-0.03734563,0.9933699,-0.195,2.325352E-09,2.058827,target_6,0.183454,
516.3519,0.0208854,0.08095587,0.05880477,2.159374,353.7221,359.5129,-0.1092733,-0.03767926,0.9932973,-0.195,2.325352E-09,2.058805,target_6,0.1876719,
516.3684,0.0209158,0.08093201,0.05881495,2.162898,353.7357,359.5277,-0.1090375,-0.03774072,0.9933209,-0.195,2.325352E-09,2.058815,target_6,0.1735894,
516.3851,0.02095968,0.08105338,0.05874992,2.170777,353.7558,359.5665,-0.1086882,-0.03787814,0.993354,-0.195,2.325352E-09,2.05875,target_6,0.1582588,
516.4018,0.0210279,0.0810329,0.05874554,2.155095,353.7747,359.5728,-0.1083607,-0.03760463,0.9934002,-0.195,2.325352E-09,2.058746,target_6,0.1631294,
516.4178,0.02104079,0.08106145,0.05876317,2.124844,353.7846,359.5258,-0.1081915,-0.03707702,0.9934384,-0.195,2.325352E-09,2.058763,target_6,0.1887116,
516.4354,0.02111881,0.08112565,0.05878541,2.096278,353.7948,359.5106,-0.1080168,-0.03657879,0.9934759,-0.195,2.325352E-09,2.058785,target_6,0.2176059,
516.4524,0.0210948,0.08114678,0.05880009,2.086172,353.7917,359.4815,-0.1080709,-0.03640253,0.9934765,-0.195,2.325352E-09,2.0588,target_6,0.2281412,
516.4677,0.02116389,0.08110505,0.05881879,2.090012,353.8022,359.4648,-0.1078884,-0.0364695,0.9934939,-0.195,2.325352E-09,2.058819,target_6,0.220287,
516.4853,0.02119095,0.08106434,0.058862,2.118514,353.8452,359.4568,-0.1071411,-0.03696663,0.9935564,-0.195,2.325352E-09,2.058862,target_6,0.1887116,
516.5018,0.02128095,0.08096277,0.05885651,2.171343,353.8834,359.4741,-0.1064752,-0.03788801,0.9935932,-0.195,2.325352E-09,2.058856,target_6,0.14537,
516.5171,0.02131587,0.08093251,0.0588569,2.207432,353.9065,359.4748,-0.1060725,-0.03851743,0.9936121,-0.195,2.325352E-09,2.058857,target_6,0.1266688,
516.5352,0.02132941,0.08092137,0.0588606,2.209933,353.899,359.4711,-0.1062015,-0.03856103,0.9935966,-0.195,2.325352E-09,2.058861,target_6,0.1186941,
516.5518,0.02125459,0.08098899,0.05889534,2.187172,353.8762,359.4676,-0.1065996,-0.03816408,0.9935693,-0.195,2.325352E-09,2.058895,target_6,0.1266688,
516.5684,0.0212164,0.08104426,0.05890076,2.14958,353.8362,359.4627,-0.1072958,-0.03750846,0.9935194,-0.195,2.325352E-09,2.058901,target_6,0.1557664,
516.5847,0.02106817,0.08105083,0.05889382,2.135985,353.8022,359.4472,-0.1078863,-0.03727133,0.9934644,-0.195,2.325352E-09,2.058894,target_6,0.174713,
516.6024,0.02103104,0.08101228,0.0588658,2.146723,353.7922,359.4571,-0.108058,-0.03745861,0.9934387,-0.195,2.325352E-09,2.058866,target_6,0.165511,
516.6176,0.02096665,0.08096535,0.05886012,2.18027,353.7812,359.4817,-0.1082476,-0.03804371,0.9933957,-0.195,2.325352E-09,2.05886,target_6,0.1370561,
516.6353,0.02096481,0.08093075,0.05883446,2.198968,353.7906,359.5083,-0.1080822,-0.03836981,0.9934012,-0.195,2.325352E-09,2.058835,target_6,0.1136409,
516.652,0.02088526,0.08095919,0.05879046,2.195547,353.7887,359.5288,-0.1081154,-0.03831014,0.9933999,-0.195,2.325352E-09,2.05879,target_6,0.1203313,
516.6675,0.02087547,0.08098195,0.0587368,2.197076,353.8007,359.5268,-0.1079073,-0.03833681,0.9934215,-0.195,2.325352E-09,2.058737,target_6,0.1170339,
516.6855,0.02081792,0.08102877,0.05871991,2.15852,353.7941,359.5237,-0.1080246,-0.03766438,0.9934345,-0.195,2.325352E-09,2.05872,target_6,0.1557664,
516.7018,0.02079888,0.08109748,0.05870461,2.111126,353.787,359.5177,-0.1081512,-0.03683776,0.9934517,-0.195,2.325352E-09,2.058705,target_6,0.2055842,
516.7175,0.02069337,0.08113791,0.05871383,2.074884,353.7859,359.5332,-0.1081728,-0.03620565,0.9934726,-0.195,2.325352E-09,2.058714,target_6,0.2422834,
516.7352,0.0206934,0.08113328,0.05874691,2.06052,353.791,359.5367,-0.1080849,-0.03595511,0.9934912,-0.195,2.325352E-09,2.058747,target_6,0.254109,
516.7516,0.02063928,0.08106072,0.05878074,2.099771,353.8129,359.5476,-0.1077029,-0.03663972,0.9935077,-0.195,2.325352E-09,2.058781,target_6,0.2093567,
516.7683,0.02066902,0.08093935,0.05878276,2.163727,353.8191,359.5823,-0.1075916,-0.03775519,0.9934781,-0.195,2.325352E-09,2.058783,target_6,0.1426525,
516.7853,0.02058136,0.08083069,0.05877261,2.218601,353.84,359.5927,-0.1072243,-0.03871221,0.9934809,-0.195,2.325352E-09,2.058773,target_6,0.08156469,
516.8018,0.02060439,0.08077785,0.05881423,2.268229,353.825,359.5937,-0.1074824,-0.03957772,0.9934189,-0.195,2.325352E-09,2.058814,target_6,0.04423466,
