SaveFileName,FrameCount,UTC,TimeSinceStart,HeadPositionX,HeadPositionY,HeadPositionZ,HeadForwardVectorX,HeadForwardVectorY,HeadForwardVectorZ,HeadAngleX,HeadAngleY,HeadAngleZ,HeadQuaternionX,HeadQuaternionY,HeadQuaternionZ,HeadQuaternionW,TargetPositionX,TargetPositionY,TargetPositionZ,AngleDifference,OverTarget
T7_EW_PS_B1_C6_P172070_S16_0821171052.csv,7919,1566375231551,193.7062,0.005799768,0.1095599,0.06039279,-0.0007415409,-0.007039985,0.999975,0.4033647,359.9575,0.6718277,0.00351778,-0.000391408,0.005864037,0.9999766,-1.06066,1.060661,10,8.424199,0
T7_EW_PS_B1_C6_P172070_S16_0821171052.csv,7920,1566375231582,193.7391,0.005837713,0.1095989,0.06013789,-0.002136265,-0.005269968,0.9999838,0.3019483,359.8776,0.6979434,0.002628437,-0.001084173,0.006093457,0.9999774,-1.06066,1.060661,10,8.29607,0
T7_EW_PS_B1_C6_P172070_S16_0821171052.csv,7921,1566375231618,193.7738,0.006010056,0.109829,0.05987473,-0.001879017,-0.00253001,0.9999951,0.1449591,359.8923,0.703751,0.001259212,-0.0009472622,0.006142529,0.9999799,-1.06066,1.060661,10,8.198554,0
T7_EW_PS_B1_C6_P172070_S16_0821171052.csv,7922,1566375231649,193.8055,0.006217247,0.1100953,0.05957034,-0.001006925,-5.191635E-05,0.9999995,0.002974588,359.9423,0.6531615,2.308808E-05,-0.0005036021,0.005699891,0.9999837,-1.06066,1.060661,10,8.139116,0
T7_EW_PS_B1_C6_P172070_S16_0821171052.csv,7923,1566375231684,193.8401,0.006383483,0.1101132,0.05913969,0.000569558,0.0007887604,0.9999995,359.9548,0.03263328,0.6074167,-0.0003928652,0.0002868655,0.005300798,0.9999859,-1.06066,1.060661,10,8.174884,0
T7_EW_PS_B1_C6_P172070_S16_0821171052.csv,7924,1566375231716,193.8736,0.006602677,0.1102936,0.0587807,0.001852738,0.003707797,0.9999914,359.7876,0.1061549,0.6207027,-0.001848856,0.0009364024,0.005418333,0.9999832,-1.06066,1.060661,10,8.121561,0
T7_EW_PS_B1_C6_P172070_S16_0821171052.csv,7925,1566375231748,193.9051,0.006805087,0.1104028,0.05853235,0.002821647,0.006146374,0.9999771,359.6478,0.1616717,0.6269903,-0.003065433,0.001427639,0.0054758,0.9999793,-1.06066,1.060661,10,8.075647,0
T7_EW_PS_B1_C6_P172070_S16_0821171052.csv,7926,1566375231783,193.9396,0.006970352,0.1105313,0.05834102,0.004030996,0.008443222,0.9999563,359.5162,0.2309679,0.574506,-0.004211482,0.002036696,0.005021944,0.9999765,-1.06066,1.060661,10,8.04796,0
T7_EW_PS_B1_C6_P172070_S16_0821171052.csv,7927,1566375231816,193.9727,0.007210314,0.1104666,0.05813658,0.005441423,0.008078552,0.9999526,359.5371,0.3117823,0.6550181,-0.004023676,0.002743833,0.005727002,0.9999717,-1.06066,1.060661,10,8.125693,0
T7_EW_PS_B1_C6_P172070_S16_0821171052.csv,7928,1566375231850,194.0064,0.007297231,0.1104791,0.058042,0.005866041,0.009040244,0.9999419,359.482,0.3361151,0.6436022,-0.004503603,0.002958464,0.005629636,0.9999697,-1.06066,1.060661,10,8.11162,0
T7_EW_PS_B1_C6_P172070_S16_0821171052.csv,7929,1566375231882,194.0385,0.007352316,0.1106085,0.05808116,0.005884074,0.01007779,0.9999319,359.4226,0.3371516,0.5335543,-0.005025183,0.002965591,0.004670869,0.9999721,-1.06066,1.060661,10,8.076352,0
T7_EW_PS_B1_C6_P172070_S16_0821171052.csv,7930,1566375231916,194.073,0.007424271,0.1104391,0.05790553,0.006848923,0.006262384,0.999957,359.6412,0.3924251,0.4824167,-0.003116744,0.003437683,0.004220545,0.9999803,-1.06066,1.060661,10,8.254094,0
T7_EW_PS_B1_C6_P172070_S16_0821171052.csv,7931,1566375231948,194.1049,0.007442298,0.1104268,0.05800121,0.006820626,0.007193519,0.9999509,359.5878,0.3908062,0.5745342,-0.003579618,0.003428389,0.00502594,0.9999751,-1.06066,1.060661,10,8.220294,0
T7_EW_PS_B1_C6_P172070_S16_0821171052.csv,7932,1566375231983,194.1399,0.00722864,0.1104541,0.05820361,0.003861461,0.008831765,0.9999536,359.494,0.2212546,0.578167,-0.004406119,0.001953046,0.005053905,0.9999756,-1.06066,1.060661,10,8.027908,0
T7_EW_PS_B1_C6_P172070_S16_0821171052.csv,7933,1566375232016,194.1723,0.006796473,0.1105197,0.05830307,-0.001073659,0.009285186,0.9999563,359.468,359.9385,0.5420448,-0.00464513,-0.0005148804,0.004727672,0.9999779,-1.06066,1.060661,10,7.788379,0
T7_EW_PS_B1_C6_P172070_S16_0821171052.csv,7934,1566375232050,194.2061,0.006374379,0.1112418,0.05849444,-0.006098682,0.01677291,0.9998407,359.0389,359.6505,0.5934235,-0.00840239,-0.003006204,0.00515279,0.999947,-1.06066,1.060661,10,7.291753,0
T7_EW_PS_B1_C6_P172070_S16_0821171052.csv,7935,1566375232081,194.2384,0.005559566,0.1123067,0.0586715,-0.01591909,0.02870999,0.999461,358.3548,359.0875,0.6127211,-0.01439839,-0.007885382,0.005231934,0.9998516,-1.06066,1.060661,10,6.423335,0
T7_EW_PS_B1_C6_P172070_S16_0821171052.csv,7936,1566375232116,194.2734,0.004567524,0.1133271,0.05869789,-0.02888039,0.03879662,0.9988297,357.7766,358.3438,0.6534851,-0.01948202,-0.014339,0.005420629,0.9996927,-1.06066,1.060661,10,5.474251,0
T7_EW_PS_B1_C6_P172070_S16_0821171052.csv,7937,1566375232149,194.3052,0.003464045,0.1146193,0.05878682,-0.0430984,0.05389857,0.9976159,356.9103,357.5263,0.6387159,-0.02707265,-0.02142719,0.004988576,0.9993914,-1.06066,1.060661,10,4.302203,0
T7_EW_PS_B1_C6_P172070_S16_0821171052.csv,7938,1566375232182,194.3393,0.002448298,0.1158908,0.05875311,-0.05610996,0.06951753,0.9960015,356.0137,356.7756,0.7346684,-0.03494559,-0.02789366,0.005426253,0.9989852,-1.06066,1.060661,10,3.198431,0
T7_EW_PS_B1_C6_P172070_S16_0821171052.csv,7939,1566375232216,194.3716,0.001624542,0.1177112,0.05883584,-0.06649228,0.08684494,0.9940004,355.0179,356.173,0.8957285,-0.04369874,-0.03301872,0.006353645,0.9984788,-1.06066,1.060661,10,2.29908,0
T7_EW_PS_B1_C6_P172070_S16_0821171052.csv,7940,1566375232249,194.4061,0.00117968,0.1190356,0.05880572,-0.07207014,0.1001021,0.9923636,354.2549,355.8462,0.9922435,-0.05039262,-0.03576025,0.006826187,0.9980658,-1.06066,1.060661,10,1.967918,0
T7_EW_PS_B1_C6_P172070_S16_0821171052.csv,7941,1566375232282,194.4389,0.0009214114,0.1200683,0.05877464,-0.07606978,0.1132518,0.99065,353.4972,355.609,1.089241,-0.05703657,-0.03770719,0.007310314,0.997633,-1.06066,1.060661,10,2.036151,0
T7_EW_PS_B1_C6_P172070_S16_0821171052.csv,7942,1566375232317,194.4733,0.0007061195,0.1211675,0.05881041,-0.07831185,0.125157,0.9890414,352.8102,355.4728,1.006911,-0.06299689,-0.03886731,0.006286265,0.9972368,-1.06066,1.060661,10,2.396452,0
T7_EW_PS_B1_C6_P172070_S16_0821171052.csv,7943,1566375232350,194.5062,0.0005828366,0.1220907,0.05904095,-0.07949852,0.135248,0.9876173,352.2271,355.3979,0.904644,-0.06803935,-0.03952201,0.005148625,0.9968863,-1.06066,1.060661,10,2.828678,0
T7_EW_PS_B1_C6_P172070_S16_0821171052.csv,7944,1566375232381,194.5382,0.0003775991,0.1223872,0.05969921,-0.08005729,0.1378292,0.9872153,352.0778,355.3638,0.9980013,-0.06937187,-0.03974817,0.005887193,0.9967813,-1.06066,1.060661,10,2.94078,0
T7_EW_PS_B1_C6_P172070_S16_0821171052.csv,7945,1566375232417,194.5733,-4.72609E-05,0.1223028,0.06074056,-0.08141281,0.1355074,0.9874258,352.212,355.2867,1.171823,-0.06826904,-0.04032921,0.007401325,0.996824,-1.06066,1.060661,10,2.784458,0
T7_EW_PS_B1_C6_P172070_S16_0821171052.csv,7946,1566375232450,194.6064,-0.0003337916,0.1216573,0.06173863,-0.0836795,0.1261074,0.988481,352.7553,355.1612,1.306574,-0.06359986,-0.0414073,0.008701927,0.9970781,-1.06066,1.060661,10,2.251858,0
T7_EW_PS_B1_C6_P172070_S16_0821171052.csv,7947,1566375232481,194.6381,-0.0005053822,0.1210887,0.06265056,-0.08466753,0.1188043,0.9893013,353.1769,355.1084,1.308357,-0.0599359,-0.0419174,0.008847406,0.9972825,-1.06066,1.060661,10,1.878157,0
T7_EW_PS_B1_C6_P172070_S16_0821171052.csv,7948,1566375232516,194.6725,-0.000404574,0.120928,0.06357801,-0.08360495,0.1148696,0.9898561,353.4039,355.1721,1.24615,-0.0579329,-0.0414211,0.008423924,0.9974253,-1.06066,1.060661,10,1.753681,0
T7_EW_PS_B1_C6_P172070_S16_0821171052.csv,7949,1566375232550,194.7062,-0.000382252,0.1210257,0.06462137,-0.08273527,0.1139333,0.9900374,353.4579,355.223,1.161561,-0.05742887,-0.04102707,0.007733215,0.9974763,-1.06066,1.060661,10,1.754239,0
T7_EW_PS_B1_C6_P172070_S16_0821171052.csv,7950,1566375232581,194.7378,-0.000295613,0.1207341,0.06564413,-0.0805683,0.1091646,0.9907532,353.7328,355.3509,1.045745,-0.05498635,-0.03999895,0.006887509,0.9976618,-1.06066,1.060661,10,1.690728,0
T7_EW_PS_B1_C6_P172070_S16_0821171052.csv,7951,1566375232615,194.7724,-0.0002057608,0.120491,0.06666489,-0.07712454,0.1055713,0.9914164,353.9399,355.5518,0.9822403,-0.05314999,-0.03829978,0.006501817,0.9978306,-1.06066,1.060661,10,1.774316,0
T7_EW_PS_B1_C6_P172070_S16_0821171052.csv,7952,1566375232648,194.8044,-6.449409E-05,0.1204399,0.06768724,-0.07349373,0.1027976,0.9919835,354.0997,355.7628,0.9339238,-0.05173099,-0.03649846,0.006231008,0.9979745,-1.06066,1.060661,10,1.921525,0
T7_EW_PS_B1_C6_P172070_S16_0821171052.csv,7953,1566375232682,194.8393,-5.025603E-05,0.1200622,0.06882357,-0.07187163,0.09872742,0.9925157,354.3341,355.8582,0.9570793,-0.04969155,-0.0356779,0.006550421,0.9981057,-1.06066,1.060661,10,1.965928,0
T7_EW_PS_B1_C6_P172070_S16_0821171052.csv,7954,1566375232715,194.8714,-0.00042505,0.1196276,0.06991287,-0.0734558,0.09328076,0.9929265,354.6476,355.769,0.9593622,-0.04696655,-0.03648172,0.006633589,0.998208,-1.06066,1.060661,10,1.855513,0
T7_EW_PS_B1_C6_P172070_S16_0821171052.csv,7955,1566375232749,194.9055,-0.0008826591,0.1189474,0.07089762,-0.0755334,0.08609081,0.9934199,355.0612,355.6519,1.009938,-0.04338675,-0.03751859,0.00716437,0.9983279,-1.06066,1.060661,10,1.794278,0
T7_EW_PS_B1_C6_P172070_S16_0821171052.csv,7956,1566375232782,194.9389,-0.001228841,0.1189661,0.07193781,-0.07815532,0.08366086,0.9934247,355.201,355.5016,0.9200362,-0.04214836,-0.03887381,0.006372487,0.9983345,-1.06066,1.060661,10,1.692117,0
T7_EW_PS_B1_C6_P172070_S16_0821171052.csv,7957,1566375232814,194.9709,-0.001727938,0.1189559,0.0727573,-0.08162422,0.08139046,0.9933344,355.3315,355.3025,0.8318399,-0.04099098,-0.0406519,0.005577863,0.9983166,-1.06066,1.060661,10,1.561726,0
T7_EW_PS_B1_C6_P172070_S16_0821171052.csv,7958,1566375232849,195.0053,-0.002555179,0.1189617,0.07344452,-0.08616092,0.08111932,0.9929733,355.3471,355.0408,0.8617168,-0.04087903,-0.04292157,0.005750446,0.9982252,-1.06066,1.060661,10,1.340859,0
T7_EW_PS_B1_C6_P172070_S16_0821171052.csv,7959,1566375232882,195.0386,-0.003611233,0.1192838,0.07403052,-0.09422113,0.08423337,0.9919814,355.1681,354.5742,1.00868,-0.04252153,-0.0469171,0.006789452,0.9979703,-1.06066,1.060661,10,0.8552368,0
T7_EW_PS_B1_C6_P172070_S16_0821171052.csv,7960,1566375232914,195.0712,-0.004618924,0.1192433,0.07441282,-0.1016505,0.08377907,0.9912862,355.1942,354.1451,1.11497,-0.04236618,-0.05061649,0.007567423,0.9977905,-1.06066,1.060661,10,0.6214961,1
T7_EW_PS_B1_C6_P172070_S16_0821171052.csv,7961,1566375232949,195.1053,-0.0054951,0.1192194,0.07469483,-0.1073786,0.08407424,0.990657,355.1772,353.8138,1.202486,-0.04257648,-0.05346704,0.008198764,0.9976279,-1.06066,1.060661,10,0.57743,1
T7_EW_PS_B1_C6_P172070_S16_0821171052.csv,7962,1566375232982,195.1388,-0.0062704,0.1194029,0.07507622,-0.1118784,0.08576546,0.9900139,355.08,353.5526,1.331405,-0.04350423,-0.05568153,0.009175786,0.9974582,-1.06066,1.060661,10,0.6036074,1
T7_EW_PS_B1_C6_P172070_S16_0821171052.csv,7963,1566375233015,195.1715,-0.006755518,0.1195449,0.07544339,-0.1135781,0.08674112,0.9897353,355.0238,353.4536,1.434167,-0.04405117,-0.05649634,0.01000447,0.9973804,-1.06066,1.060661,10,0.6339648,1
T7_EW_PS_B1_C6_P172070_S16_0821171052.csv,7964,1566375233049,195.2057,-0.007079314,0.1195541,0.07568939,-0.1130174,0.08667969,0.9898049,355.0274,353.4861,1.504421,-0.04405204,-0.05618696,0.01063021,0.9973913,-1.06066,1.060661,10,0.6132555,1
T7_EW_PS_B1_C6_P172070_S16_0821171052.csv,7965,1566375233081,195.2377,-0.007160299,0.1198253,0.07598592,-0.1102861,0.08817004,0.9899814,354.9417,353.6433,1.522218,-0.04479201,-0.05479976,0.0108037,0.9974337,-1.06066,1.060661,10,0.4410186,1
T7_EW_PS_B1_C6_P172070_S16_0821171052.csv,7966,1566375233116,195.2724,-0.007043642,0.1201808,0.07628429,-0.1061543,0.09038134,0.9902335,354.8145,353.8812,1.53126,-0.04588091,-0.05270834,0.01091552,0.9974957,-1.06066,1.060661,10,0.2074791,1
T7_EW_PS_B1_C6_P172070_S16_0821171052.csv,7967,1566375233148,195.3045,-0.006897001,0.120133,0.07659656,-0.1022055,0.09113874,0.9905795,354.7709,354.1092,1.476767,-0.0462143,-0.05073938,0.01051266,0.9975867,-1.06066,1.060661,10,0.2289973,1
T7_EW_PS_B1_C6_P172070_S16_0821171052.csv,7968,1566375233181,195.3385,-0.006748467,0.1201683,0.0769124,-0.09835581,0.09220865,0.9908702,354.7093,354.3313,1.395913,-0.04669534,-0.04883092,0.009871407,0.9976661,-1.06066,1.060661,10,0.4029978,1
T7_EW_PS_B1_C6_P172070_S16_0821171052.csv,7969,1566375233216,195.3722,-0.006646973,0.1201061,0.07722038,-0.09493845,0.09207392,0.9912159,354.7171,354.5289,1.254639,-0.04655263,-0.04716854,0.008725103,0.9977635,-1.06066,1.060661,10,0.598071,1
T7_EW_PS_B1_C6_P172070_S16_0821171052.csv,7970,1566375233248,195.4045,-0.006749109,0.1199268,0.07759289,-0.09273165,0.09030543,0.9915875,354.8188,354.6573,1.143484,-0.04561214,-0.04610622,0.007851122,0.9978638,-1.06066,1.060661,10,0.7459858,1
T7_EW_PS_B1_C6_P172070_S16_0821171052.csv,7971,1566375233281,195.4386,-0.00709074,0.1196679,0.07788478,-0.09217968,0.08650269,0.9919779,355.0376,354.691,1.091391,-0.04368419,-0.04585556,0.007500011,0.9979643,-1.06066,1.060661,10,0.8613922,1
T7_EW_PS_B1_C6_P172070_S16_0821171052.csv,7972,1566375233316,195.4714,-0.007504297,0.1194587,0.07814111,-0.09287254,0.08520218,0.9920259,355.1123,354.6516,1.117301,-0.0430459,-0.04619661,0.007741329,0.9979745,-1.06066,1.060661,10,0.8670527,1
T7_EW_PS_B1_C6_P172070_S16_0821171052.csv,7973,1566375233348,195.505,-0.007886003,0.119445,0.07835173,-0.09315879,0.08486292,0.9920281,355.1319,354.6352,1.212638,-0.04291565,-0.04630554,0.008573488,0.9979683,-1.06066,1.060661,10,0.8641139,1
T7_EW_PS_B1_C6_P172070_S16_0821171052.csv,7974,1566375233381,195.5386,-0.008271849,0.11946,0.07855288,-0.09322555,0.08502791,0.9920077,355.1224,354.6313,1.223176,-0.04300284,-0.04633479,0.008659881,0.9979624,-1.06066,1.060661,10,0.8536337,1
T7_EW_PS_B1_C6_P172070_S16_0821171052.csv,7975,1566375233414,195.5706,-0.008572148,0.119551,0.07873044,-0.09311747,0.08583828,0.9919481,355.0758,354.6372,1.221482,-0.04340753,-0.04627919,0.008628136,0.9979477,-1.06066,1.060661,10,0.8296872,1
T7_EW_PS_B1_C6_P172070_S16_0821171052.csv,7976,1566375233449,195.6054,-0.008987564,0.1195455,0.07877081,-0.09444517,0.08567452,0.9918367,355.0852,354.5605,1.135868,-0.04329619,-0.04697981,0.007857478,0.9979262,-1.06066,1.060661,10,0.7717707,1
T7_EW_PS_B1_C6_P172070_S16_0821171052.csv,7977,1566375233482,195.6386,-0.009388971,0.1194273,0.07885194,-0.09566143,0.0856501,0.9917222,355.0866,354.4903,1.12325,-0.04328353,-0.04759652,0.007721641,0.9978986,-1.06066,1.060661,10,0.7173703,1
T7_EW_PS_B1_C6_P172070_S16_0821171052.csv,7978,1566375233515,195.6709,-0.00977218,0.1195075,0.07907923,-0.09645662,0.08829959,0.9914128,354.9342,354.4431,1.173101,-0.04463446,-0.04797265,0.008072918,0.9978182,-1.06066,1.060661,10,0.5848376,1
T7_EW_PS_B1_C6_P172070_S16_0821171052.csv,7979,1566375233549,195.7056,-0.01011412,0.1195173,0.07923792,-0.09599633,0.08743864,0.9915338,354.9837,354.4701,1.194753,-0.04421038,-0.04773431,0.008293006,0.9978467,-1.06066,1.060661,10,0.6339648,1
T7_EW_PS_B1_C6_P172070_S16_0821171052.csv,7980,1566375233581,195.7385,-0.01037152,0.1193688,0.07942078,-0.09577626,0.08550394,0.9917237,355.095,354.4837,1.168224,-0.04322948,-0.04763759,0.008114368,0.9978958,-1.06066,1.060661,10,0.7149112,1
T7_EW_PS_B1_C6_P172070_S16_0821171052.csv,7981,1566375233615,195.7707,-0.0105777,0.1193268,0.07971022,-0.09582684,0.08497682,0.9917642,355.1253,354.4811,1.161016,-0.04296272,-0.04766679,0.008063421,0.9979063,-1.06066,1.060661,10,0.7335538,1
T7_EW_PS_B1_C6_P172070_S16_0821171052.csv,7982,1566375233649,195.8048,-0.01078971,0.1191926,0.08009093,-0.09564065,0.08444757,0.9918274,355.1557,354.4921,1.218986,-0.04272099,-0.04755257,0.008585248,0.9979178,-1.06066,1.060661,10,0.7628451,1
T7_EW_PS_B1_C6_P172070_S16_0821171052.csv,7983,1566375233681,195.8372,-0.01098015,0.1190885,0.08043942,-0.09486714,0.08358506,0.9919747,355.2053,354.5371,1.12057,-0.04224521,-0.04720173,0.007765762,0.9979615,-1.06066,1.060661,10,0.8296872,1
T7_EW_PS_B1_C6_P172070_S16_0821171052.csv,7984,1566375233716,195.8721,-0.01102682,0.1192008,0.08083226,-0.09413274,0.08336172,0.9920634,355.2182,354.5797,1.151186,-0.042143,-0.04682149,0.008053415,0.9979814,-1.06066,1.060661,10,0.8681804,1
T7_EW_PS_B1_C6_P172070_S16_0821171052.csv,7985,1566375233748,195.9048,-0.01121523,0.119167,0.08126609,-0.0931875,0.08359345,0.9921331,355.2049,354.6342,1.068676,-0.04222182,-0.046376,0.007349361,0.9980043,-1.06066,1.060661,10,0.8983104,1
T7_EW_PS_B1_C6_P172070_S16_0821171052.csv,7986,1566375233782,195.9384,-0.01145785,0.119314,0.08173329,-0.0933354,0.08535103,0.9919696,355.1038,354.6248,1.123964,-0.04312495,-0.04642665,0.007785754,0.99796,-1.06066,1.060661,10,0.8259051,1
T7_EW_PS_B1_C6_P172070_S16_0821171052.csv,7987,1566375233814,195.9703,-0.01184597,0.1191355,0.08204176,-0.09377087,0.08253527,0.9921668,355.2657,354.601,1.119771,-0.04171491,-0.04665262,0.007807323,0.9980093,-1.06066,1.060661,10,0.9151434,1
T7_EW_PS_B1_C6_P172070_S16_0821171052.csv,7988,1566375233848,196.0048,-0.01215943,0.1189843,0.08223943,-0.09515236,0.0801847,0.992228,355.4008,354.5222,1.198768,-0.0405761,-0.04732409,0.008523439,0.9980187,-1.06066,1.060661,10,0.9693463,1
T7_EW_PS_B1_C6_P172070_S16_0821171052.csv,7989,1566375233881,196.0382,-0.01244666,0.1190089,0.08248042,-0.09586506,0.08050911,0.9921331,355.3822,354.4809,1.248511,-0.04076227,-0.04766409,0.008934139,0.9979914,-1.06066,1.060661,10,0.9297802,1
T7_EW_PS_B1_C6_P172070_S16_0821171052.csv,7990,1566375233914,196.0699,-0.01267825,0.1192683,0.08261634,-0.09713043,0.08161628,0.9919196,355.3185,354.4073,1.242676,-0.04131978,-0.04829992,0.008829823,0.9979388,-1.06066,1.060661,10,0.835094,1
T7_EW_PS_B1_C6_P172070_S16_0821171052.csv,7991,1566375233949,196.1049,-0.01277634,0.1192021,0.08251749,-0.09858502,0.07951763,0.9919465,355.4391,354.3243,1.315792,-0.04030694,-0.04901101,0.009489153,0.9979395,-1.06066,1.060661,10,0.9043891,1
T7_EW_PS_B1_C6_P172070_S16_0821171052.csv,7992,1566375233980,196.1367,-0.01287567,0.1193093,0.08236581,-0.09924101,0.08205267,0.9916747,355.2934,354.2852,1.247263,-0.04154961,-0.04935902,0.008814727,0.9978775,-1.06066,1.060661,10,0.7545922,1
T7_EW_PS_B1_C6_P172070_S16_0821171052.csv,7993,1566375234016,196.1721,-0.01277773,0.1196212,0.08217256,-0.09861859,0.08569459,0.9914287,355.084,354.3194,1.312514,-0.04339829,-0.04901278,0.009304004,0.9978116,-1.06066,1.060661,10,0.5891711,1
T7_EW_PS_B1_C6_P172070_S16_0821171052.csv,7994,1566375234047,196.2035,-0.01270181,0.1198893,0.08184357,-0.09829012,0.08858474,0.9912072,354.9178,354.3369,1.361411,-0.04486501,-0.0488212,0.009664089,0.9977526,-1.06066,1.060661,10,0.4780633,1
T7_EW_PS_B1_C6_P172070_S16_0821171052.csv,7995,1566375234081,196.2378,-0.01261545,0.1199689,0.08137436,-0.09856352,0.08947446,0.9911002,354.8666,354.3207,1.391213,-0.04532471,-0.0489447,0.009894861,0.9977235,-1.06066,1.060661,10,0.4334104,1
T7_EW_PS_B1_C6_P172070_S16_0821171052.csv,7996,1566375234113,196.2697,-0.01248795,0.1201039,0.08104898,-0.09905243,0.09278151,0.9907473,354.6764,354.2907,1.416985,-0.04699484,-0.04917149,0.01002385,0.9976338,-1.06066,1.060661,10,0.3280534,1
T7_EW_PS_B1_C6_P172070_S16_0821171052.csv,7997,1566375234148,196.3045,-0.01237433,0.1203892,0.0807704,-0.0987391,0.0977008,0.9903056,354.3932,354.3061,1.387845,-0.04944579,-0.0490135,0.009652471,0.9975268,-1.06066,1.060661,10,0.403483,1
T7_EW_PS_B1_C6_P172070_S16_0821171052.csv,7998,1566375234181,196.3378,-0.01223977,0.1204309,0.08044208,-0.09868731,0.09903053,0.9901786,354.3167,354.3083,1.404106,-0.05011896,-0.04897716,0.009761468,0.9974939,-1.06066,1.060661,10,0.4528397,1
T7_EW_PS_B1_C6_P172070_S16_0821171052.csv,7999,1566375234213,196.3698,-0.01218431,0.1205355,0.0801753,-0.0997012,0.09949775,0.9900302,354.2898,354.2494,1.409395,-0.05036042,-0.04948445,0.009769818,0.9974566,-1.06066,1.060661,10,0.4311472,1
T7_EW_PS_B1_C6_P172070_S16_0821171052.csv,8000,1566375234249,196.4043,-0.01217246,0.1207296,0.08007753,-0.1009004,0.1019016,0.9896642,354.1513,354.1786,1.452304,-0.05159005,-0.05006379,0.01005014,0.9973621,-1.06066,1.060661,10,0.5116726,1
T7_EW_PS_B1_C6_P172070_S16_0821171052.csv,8001,1566375234280,196.4368,-0.01196775,0.1207807,0.07996672,-0.1014862,0.1028709,0.989504,354.0955,354.1441,1.490213,-0.05209562,-0.0503394,0.01033937,0.997319,-1.06066,1.060661,10,0.5510744,1
T7_EW_PS_B1_C6_P172070_S16_0821171052.csv,8002,1566375234314,196.4707,-0.01171804,0.1207393,0.07982832,-0.1012807,0.1037503,0.9894332,354.0448,354.1554,1.52162,-0.05254917,-0.05021927,0.01059506,0.9972985,-1.06066,1.060661,10,0.6036074,1
T7_EW_PS_B1_C6_P172070_S16_0821171052.csv,8003,1566375234346,196.503,-0.01139596,0.1207295,0.07977138,-0.1011217,0.1044033,0.9893808,354.0072,354.1642,1.530869,-0.05287981,-0.05013313,0.01066269,0.9972847,-1.06066,1.060661,10,0.6422443,1
T7_EW_PS_B1_C6_P172070_S16_0821171052.csv,8004,1566375234381,196.538,-0.01106228,0.1207176,0.07971999,-0.1019472,0.1048904,0.9892446,353.9792,354.1161,1.45087,-0.05309316,-0.05058499,0.009931558,0.9972581,-1.06066,1.060661,10,0.6567059,1
T7_EW_PS_B1_C6_P172070_S16_0821171052.csv,8005,1566375234415,196.5709,-0.01072145,0.1207044,0.07969056,-0.1015509,0.1056106,0.9892087,353.9377,354.1386,1.417083,-0.05343743,-0.0503994,0.009629217,0.997252,-1.06066,1.060661,10,0.7027649,1
T7_EW_PS_B1_C6_P172070_S16_0821171052.csv,8006,1566375234447,196.6035,-0.01032539,0.1207172,0.07977167,-0.09990653,0.1065094,0.9892797,353.8859,354.2333,1.421691,-0.05388217,-0.04956647,0.009690466,0.9972693,-1.06066,1.060661,10,0.7815963,1
T7_EW_PS_B1_C6_P172070_S16_0821171052.csv,8007,1566375234481,196.6378,-0.009896747,0.1206681,0.07994866,-0.09841996,0.1062742,0.989454,353.8994,354.3195,1.433779,-0.05376204,-0.04881208,0.009842148,0.9973115,-1.06066,1.060661,10,0.8047857,1
T7_EW_PS_B1_C6_P172070_S16_0821171052.csv,8008,1566375234515,196.671,-0.009594706,0.1205983,0.08019255,-0.09868996,0.1059442,0.9894626,353.9184,354.3041,1.425948,-0.05359456,-0.04895256,0.009775097,0.9973143,-1.06066,1.060661,10,0.7813459,1
T7_EW_PS_B1_C6_P172070_S16_0821171052.csv,8009,1566375234546,196.7029,-0.009337633,0.1206729,0.0804456,-0.09792589,0.1055862,0.9895767,353.9391,354.3486,1.38231,-0.05339273,-0.04858865,0.009425065,0.9973463,-1.06066,1.060661,10,0.7850935,1
T7_EW_PS_B1_C6_P172070_S16_0821171052.csv,8010,1566375234581,196.7379,-0.009207742,0.1207457,0.08083773,-0.09746905,0.1068546,0.9894857,353.866,354.3742,1.496573,-0.05407487,-0.04830191,0.01039983,0.9973137,-1.06066,1.060661,10,0.8618464,1
T7_EW_PS_B1_C6_P172070_S16_0821171052.csv,8011,1566375234614,196.7695,-0.009011013,0.120443,0.08116265,-0.0973883,0.103692,0.98983,354.0482,354.3808,1.567944,-0.05251852,-0.04823681,0.01110306,0.9973925,-1.06066,1.060661,10,0.7121689,1
T7_EW_PS_B1_C6_P172070_S16_0821171052.csv,8012,1566375234648,196.804,-0.008804709,0.1201282,0.08150363,-0.09901564,0.1010811,0.9899386,354.1986,354.2881,1.550515,-0.05121117,-0.04907232,0.0109751,0.9974211,-1.06066,1.060661,10,0.5363187,1
T7_EW_PS_B1_C6_P172070_S16_0821171052.csv,8013,1566375234680,196.8361,-0.008615682,0.1197758,0.08176875,-0.101231,0.09727781,0.9900956,354.4176,354.1622,1.47137,-0.04928255,-0.05023372,0.01032834,0.9974674,-1.06066,1.060661,10,0.2900664,1
T7_EW_PS_B1_C6_P172070_S16_0821171052.csv,8014,1566375234715,196.8707,-0.008385171,0.1196677,0.08206058,-0.1033938,0.09639524,0.9899584,354.4684,354.0375,1.429997,-0.04883302,-0.05134317,0.009937905,0.997437,-1.06066,1.060661,10,0.1690205,1
T7_EW_PS_B1_C6_P172070_S16_0821171052.csv,8015,1566375234746,196.9028,-0.007971492,0.1195407,0.08231966,-0.1026033,0.09488996,0.9901861,354.555,354.0841,1.426301,-0.04807318,-0.05095027,0.009965018,0.9974937,-1.06066,1.060661,10,0.1506579,1
T7_EW_PS_B1_C6_P172070_S16_0821171052.csv,8016,1566375234780,196.9374,-0.007491921,0.119445,0.08257046,-0.1015812,0.09284826,0.990485,354.6725,354.1444,1.390638,-0.04702944,-0.05045543,0.009732752,0.9975709,-1.06066,1.060661,10,0.2148914,1
T7_EW_PS_B1_C6_P172070_S16_0821171052.csv,8017,1566375234812,196.9692,-0.007164543,0.1194053,0.08281617,-0.1013536,0.09196664,0.9905905,354.7232,354.158,1.424817,-0.04660168,-0.05032915,0.01005868,0.9975942,-1.06066,1.060661,10,0.2486604,1
T7_EW_PS_B1_C6_P172070_S16_0821171052.csv,8018,1566375234848,197.0044,-0.006993885,0.1192863,0.08297254,-0.1021167,0.09115989,0.9905867,354.7697,354.1143,1.371889,-0.04617801,-0.05073686,0.009601137,0.9975977,-1.06066,1.060661,10,0.2414744,1
T7_EW_PS_B1_C6_P172070_S16_0821171052.csv,8019,1566375234880,197.0376,-0.006768046,0.119252,0.08314316,-0.1033393,0.09103406,0.9904715,354.7769,354.0437,1.450051,-0.04615591,-0.05132135,0.01025642,0.9975623,-1.06066,1.060661,10,0.2017412,1
T7_EW_PS_B1_C6_P172070_S16_0821171052.csv,8020,1566375234913,197.0694,-0.006591289,0.1192715,0.08326608,-0.1044764,0.0909863,0.9903566,354.7797,353.9779,1.434657,-0.0461309,-0.05190034,0.01009719,0.9975352,-1.06066,1.060661,10,0.1780411,1
T7_EW_PS_B1_C6_P172070_S16_0821171052.csv,8021,1566375234947,197.1038,-0.006474873,0.1193415,0.08333145,-0.1060692,0.09162957,0.9901279,354.7426,353.8854,1.414837,-0.04645208,-0.05270892,0.009870027,0.9974801,-1.06066,1.060661,10,0.1412742,1
T7_EW_PS_B1_C6_P172070_S16_0821171052.csv,8022,1566375234979,197.1362,-0.00634164,0.1194737,0.08349831,-0.1066805,0.09339583,0.9898972,354.641,353.849,1.438227,-0.04735064,-0.05300291,0.01001083,0.9974209,-1.06066,1.060661,10,0.08846933,1
T7_EW_PS_B1_C6_P172070_S16_0821171052.csv,8023,1566375235013,197.1701,-0.006178161,0.1194977,0.08354576,-0.1065979,0.09336141,0.9899094,354.643,353.8538,1.455349,-0.04734089,-0.05295431,0.01016278,0.9974224,-1.06066,1.060661,10,0.08156469,1
T7_EW_PS_B1_C6_P172070_S16_0821171052.csv,8024,1566375235046,197.2027,-0.006029952,0.1194837,0.0835592,-0.1060295,0.09320386,0.9899852,354.652,353.8868,1.462068,-0.04726214,-0.05266561,0.01023915,0.9974406,-1.06066,1.060661,10,0.05934703,1
T7_EW_PS_B1_C6_P172070_S16_0821171052.csv,8025,1566375235080,197.2377,-0.005923159,0.1195469,0.08363248,-0.1062353,0.09463086,0.9898278,354.5699,353.8741,1.495508,-0.04799345,-0.0527516,0.01048627,0.9973986,-1.06066,1.060661,10,0.06852804,1
T7_EW_PS_B1_C6_P172070_S16_0821171052.csv,8026,1566375235112,197.2688,-0.005799658,0.1196653,0.08372985,-0.1065413,0.09597632,0.9896653,354.4925,353.8556,1.503813,-0.04867296,-0.05289867,0.01051421,0.9973576,-1.06066,1.060661,10,0.1384764,1
T7_EW_PS_B1_C6_P172070_S16_0821171052.csv,8027,1566375235147,197.3037,-0.005655412,0.1195201,0.08380368,-0.1067315,0.09479976,0.9897583,354.5602,353.8452,1.49828,-0.04808197,-0.05300001,0.01049373,0.9973811,-1.06066,1.060661,10,0.09487279,1
T7_EW_PS_B1_C6_P172070_S16_0821171052.csv,8028,1566375235180,197.3371,-0.005566986,0.1194593,0.0838467,-0.1073502,0.09319635,0.9898436,354.6525,353.8104,1.47423,-0.04727086,-0.05332597,0.01031368,0.9974044,-1.06066,1.060661,10,0.1251145,1
T7_EW_PS_B1_C6_P172070_S16_0821171052.csv,8029,1566375235215,197.3706,-0.005504047,0.1192717,0.08384319,-0.1073696,0.09235304,0.9899206,354.701,353.8097,1.485517,-0.04685381,-0.05333338,0.01043476,0.9974224,-1.06066,1.060661,10,0.1480375,1
T7_EW_PS_B1_C6_P172070_S16_0821171052.csv,8030,1566375235246,197.4028,-0.005363927,0.1192831,0.08397119,-0.1077221,0.0941705,0.989711,354.5964,353.7883,1.473767,-0.04776054,-0.053511,0.01027377,0.9973716,-1.06066,1.060661,10,0.1370561,1
T7_EW_PS_B1_C6_P172070_S16_0821171052.csv,8031,1566375235280,197.4368,-0.00529363,0.1193103,0.08400042,-0.1067125,0.09415925,0.9898214,354.5971,353.8467,1.467023,-0.04774654,-0.05300518,0.01023974,0.9973996,-1.06066,1.060661,10,0.07661668,1
T7_EW_PS_B1_C6_P172070_S16_0821171052.csv,8032,1566375235313,197.4696,-0.005184177,0.1193589,0.08403011,-0.1057771,0.09411002,0.9899265,354.5999,353.9009,1.395193,-0.0476841,-0.05256395,0.009638408,0.9974319,-1.06066,1.060661,10,0.02797646,1
T7_EW_PS_B1_C6_P172070_S16_0821171052.csv,8033,1566375235347,197.5033,-0.004957108,0.1193827,0.08409135,-0.1033836,0.0954266,0.9900534,354.5241,354.0387,1.348045,-0.0483109,-0.05137499,0.009250606,0.9974673,-1.06066,1.060661,10,0.1440177,1
T7_EW_PS_B1_C6_P172070_S16_0821171052.csv,8034,1566375235379,197.5367,-0.004601664,0.1194186,0.08416235,-0.100939,0.09702525,0.9901502,354.4321,354.1792,1.356133,-0.04910407,-0.05013669,0.009339074,0.9974908,-1.06066,1.060661,10,0.311533,1
T7_EW_PS_B1_C6_P172070_S16_0821171052.csv,8035,1566375235412,197.5689,-0.004526262,0.1194664,0.08418894,-0.1010457,0.09784071,0.9900591,354.3852,354.1725,1.357081,-0.04951365,-0.0501883,0.009323445,0.9974681,-1.06066,1.060661,10,0.3357179,1
T7_EW_PS_B1_C6_P172070_S16_0821171052.csv,8036,1566375235448,197.604,-0.004679706,0.1194703,0.08422565,-0.1021931,0.09781743,0.9899436,354.3865,354.1062,1.382571,-0.04951866,-0.05075534,0.009517232,0.9974374,-1.06066,1.060661,10,0.2880355,1
T7_EW_PS_B1_C6_P172070_S16_0821171052.csv,8037,1566375235480,197.6373,-0.004870236,0.1194215,0.08433855,-0.1033387,0.09764285,0.9898419,354.3965,354.0399,1.330723,-0.04941345,-0.05135523,0.00904194,0.9974163,-1.06066,1.060661,10,0.2406627,1
T7_EW_PS_B1_C6_P172070_S16_0821171052.csv,8038,1566375235512,197.6687,-0.004951173,0.119487,0.08450192,-0.1031917,0.0958361,0.9900338,354.5005,354.0495,1.391302,-0.04853454,-0.05125913,0.009620938,0.997459,-1.06066,1.060661,10,0.165511,1
T7_EW_PS_B1_C6_P172070_S16_0821171052.csv,8039,1566375235548,197.7041,-0.005030101,0.1191256,0.08461457,-0.1032053,0.09302539,0.9903004,354.6623,354.0503,1.446272,-0.04715102,-0.05125005,0.01017378,0.9975203,-1.06066,1.060661,10,0.1384764,1
T7_EW_PS_B1_C6_P172070_S16_0821171052.csv,8040,1566375235578,197.7355,-0.005117266,0.1189658,0.08473406,-0.1040579,0.09220953,0.9902875,354.7093,354.0015,1.478541,-0.04676127,-0.05166845,0.01045622,0.9975141,-1.06066,1.060661,10,0.1297215,1
T7_EW_PS_B1_C6_P172070_S16_0821171052.csv,8041,1566375235614,197.7699,-0.005280482,0.1189136,0.0847602,-0.1049213,0.09177046,0.9902372,354.7345,353.9518,1.517706,-0.0465637,-0.05208864,0.01078861,0.997498,-1.06066,1.060661,10,0.132704,1
T7_EW_PS_B1_C6_P172070_S16_0821171052.csv,8042,1566375235646,197.8026,-0.005318753,0.1189999,0.08469637,-0.1059782,0.09076235,0.9902176,354.7925,353.8912,1.498786,-0.04605585,-0.05263152,0.01062654,0.9974948,-1.06066,1.060661,10,0.1897456,1
T7_EW_PS_B1_C6_P172070_S16_0821171052.csv,8043,1566375235680,197.8365,-0.005304463,0.1190239,0.08461024,-0.1060644,0.09130672,0.9901583,354.7612,353.8859,1.452848,-0.04630783,-0.05269195,0.01020981,0.9974843,-1.06066,1.060661,10,0.1594904,1
T7_EW_PS_B1_C6_P172070_S16_0821171052.csv,8044,1566375235714,197.8699,-0.005235773,0.1190484,0.08459146,-0.1050286,0.09407342,0.9900097,354.602,353.9442,1.433984,-0.04767978,-0.0521708,0.009995076,0.9974492,-1.06066,1.060661,10,0,1
T7_EW_PS_B1_C6_P172070_S16_0821171052.csv,8045,1566375235745,197.9017,-0.005209825,0.1192025,0.08451388,-0.1039482,0.09580237,0.9899579,354.5025,354.0058,1.397575,-0.04852414,-0.05163768,0.0096579,0.9974396,-1.06066,1.060661,10,0.1297215,1
T7_EW_PS_B1_C6_P172070_S16_0821171052.csv,8046,1566375235780,197.9372,-0.00529497,0.1191998,0.08432952,-0.1039262,0.09507859,0.99003,354.5442,354.0074,1.461563,-0.04819022,-0.05160137,0.01023478,0.9974519,-1.06066,1.060661,10,0.1046783,1
T7_EW_PS_B1_C6_P172070_S16_0821171052.csv,8047,1566375235814,197.9697,-0.005435884,0.1193148,0.08422467,-0.1041851,0.09560181,0.9899524,354.514,353.9922,1.473146,-0.04845893,-0.05172554,0.01031526,0.9974316,-1.06066,1.060661,10,0.1136409,1
T7_EW_PS_B1_C6_P172070_S16_0821171052.csv,8048,1566375235845,198.0017,-0.005609406,0.1194368,0.08421531,-0.1049749,0.09798733,0.9896356,354.3767,353.945,1.524578,-0.04968172,-0.05209502,0.01067901,0.9973484,-1.06066,1.060661,10,0.2315465,1
T7_EW_PS_B1_C6_P172070_S16_0821171052.csv,8049,1566375235880,198.0369,-0.005765961,0.1194454,0.08417885,-0.105341,0.09839123,0.9895567,354.3535,353.9236,1.507024,-0.04987809,-0.05228608,0.01050606,0.9973304,-1.06066,1.060661,10,0.2548778,1
T7_EW_PS_B1_C6_P172070_S16_0821171052.csv,8050,1566375235912,198.0685,-0.005961986,0.1192579,0.08403647,-0.1054363,0.09607845,0.9897738,354.4866,353.9195,1.476572,-0.04870581,-0.05235321,0.01030151,0.997387,-1.06066,1.060661,10,0.1219466,1
T7_EW_PS_B1_C6_P172070_S16_0821171052.csv,8051,1566375235946,198.103,-0.006136386,0.119172,0.08392657,-0.1048512,0.09469474,0.9899693,354.5663,353.9541,1.483799,-0.04801279,-0.05205902,0.01041618,0.9974348,-1.06066,1.060661,10,0.04845664,1
T7_EW_PS_B1_C6_P172070_S16_0821171052.csv,8052,1566375235978,198.1353,-0.006280216,0.1192766,0.08383347,-0.1045587,0.09514163,0.9899573,354.5405,353.9708,1.533032,-0.04825744,-0.05188975,0.01083978,0.9974273,-1.06066,1.060661,10,0.07912937,1
T7_EW_PS_B1_C6_P172070_S16_0821171052.csv,8053,1566375236014,198.1693,-0.006477895,0.1191288,0.08361252,-0.1050453,0.09368579,0.9900447,354.6243,353.9435,1.533196,-0.04753084,-0.05213908,0.01086874,0.9974489,-1.06066,1.060661,10,0.03426402,1
T7_EW_PS_B1_C6_P172070_S16_0821171052.csv,8054,1566375236046,198.2018,-0.006647925,0.1190303,0.08337033,-0.10528,0.09381055,0.9900079,354.6171,353.9298,1.525108,-0.04759094,-0.05226028,0.01078932,0.9974405,-1.06066,1.060661,10,0.01978234,1
T7_EW_PS_B1_C6_P172070_S16_0821171052.csv,8055,1566375236079,198.236,-0.006720932,0.1190578,0.08313512,-0.1045365,0.09535652,0.989939,354.5282,353.972,1.520152,-0.04835915,-0.05188338,0.01072242,0.997424,-1.06066,1.060661,10,0.08846933,1
T7_EW_PS_B1_C6_P172070_S16_0821171052.csv,8056,1566375236116,198.27,-0.006715321,0.1189349,0.0827944,-0.1027676,0.09358961,0.9902928,354.6299,354.0753,1.443287,-0.0474301,-0.05102931,0.01014329,0.9975187,-1.06066,1.060661,10,0.1440177,1
T7_EW_PS_B1_C6_P172070_S16_0821171052.csv,8057,1566375236145,198.3018,-0.006792228,0.1189324,0.08244334,-0.1014074,0.09343521,0.9904476,354.6387,354.1541,1.419793,-0.04733545,-0.05035443,0.009975367,0.9975592,-1.06066,1.060661,10,0.2211734,1
T7_EW_PS_B1_C6_P172070_S16_0821171052.csv,8058,1566375236179,198.3364,-0.006888084,0.1190417,0.08209562,-0.1007608,0.09474014,0.9903896,354.5636,354.1908,1.415682,-0.04798419,-0.05002713,0.009921183,0.9975452,-1.06066,1.060661,10,0.2571706,1
T7_EW_PS_B1_C6_P172070_S16_0821171052.csv,8059,1566375236213,198.3696,-0.007056618,0.1190478,0.08170176,-0.1003976,0.09564719,0.9903393,354.5114,354.2113,1.416645,-0.04843728,-0.04984154,0.009914904,0.9975327,-1.06066,1.060661,10,0.289391,1
T7_EW_PS_B1_C6_P172070_S16_0821171052.csv,8060,1566375236245,198.4016,-0.00730195,0.1189232,0.08130172,-0.100286,0.09510329,0.990403,354.5427,354.2181,1.486269,-0.04819443,-0.04975744,0.01053778,0.9975423,-1.06066,1.060661,10,0.2853053,1
T7_EW_PS_B1_C6_P172070_S16_0821171052.csv,8061,1566375236279,198.4359,-0.007488102,0.1189603,0.08093406,-0.09991755,0.09617691,0.9903365,354.4809,354.2388,1.501924,-0.04873722,-0.04956216,0.01065537,0.9975243,-1.06066,1.060661,10,0.3232465,1
T7_EW_PS_B1_C6_P172070_S16_0821171052.csv,8062,1566375236312,198.4681,-0.007655391,0.1188809,0.08053903,-0.1002829,0.09609054,0.990308,354.4859,354.2177,1.565468,-0.04872348,-0.0497194,0.01120176,0.9975112,-1.06066,1.060661,10,0.3006659,1
T7_EW_PS_B1_C6_P172070_S16_0821171052.csv,8063,1566375236346,198.5026,-0.007879327,0.1188969,0.08005647,-0.09977922,0.09569934,0.9903967,354.5084,354.247,1.492314,-0.04849301,-0.04949795,0.0105874,0.9975401,-1.06066,1.060661,10,0.3189811,1
T7_EW_PS_B1_C6_P172070_S16_0821171052.csv,8064,1566375236378,198.5347,-0.007994301,0.1189364,0.07976924,-0.09912836,0.09667493,0.9903674,354.4523,354.2841,1.469693,-0.04896871,-0.04917704,0.01038147,0.9975349,-1.06066,1.060661,10,0.373777,1
T7_EW_PS_B1_C6_P172070_S16_0821171052.csv,8065,1566375236414,198.5696,-0.008132787,0.1190582,0.07940529,-0.09770605,0.09639136,0.9905363,354.4686,354.3666,1.349831,-0.04876841,-0.04851262,0.009380312,0.9975872,-1.06066,1.060661,10,0.4436728,1
T7_EW_PS_B1_C6_P172070_S16_0821171052.csv,8066,1566375236445,198.6016,-0.008423526,0.118928,0.07904483,-0.09738324,0.09587952,0.9906178,354.498,354.3856,1.4786,-0.04856468,-0.04829671,0.01052213,0.9975962,-1.06066,1.060661,10,0.4515415,1
T7_EW_PS_B1_C6_P172070_S16_0821171052.csv,8067,1566375236479,198.6356,-0.008749491,0.1188477,0.0786692,-0.09822176,0.09487672,0.9906316,354.5558,354.3376,1.528399,-0.0480878,-0.04870094,0.0109605,0.997595,-1.06066,1.060661,10,0.3911712,1
T7_EW_PS_B1_C6_P172070_S16_0821171052.csv,8068,1566375236513,198.6691,-0.009139477,0.1188235,0.07831538,-0.09975504,0.09523311,0.9904441,354.5353,354.2487,1.559467,-0.04828826,-0.04945884,0.01118456,0.9975455,-1.06066,1.060661,10,0.3064671,1
T7_EW_PS_B1_C6_P172070_S16_0821171052.csv,8069,1566375236545,198.7014,-0.009457442,0.1187734,0.07790993,-0.1008172,0.09394765,0.9904593,354.6093,354.188,1.612149,-0.04767317,-0.04997592,0.01165069,0.997544,-1.06066,1.060661,10,0.2349025,1
T7_EW_PS_B1_C6_P172070_S16_0821171052.csv,8070,1566375236578,198.7357,-0.009681646,0.1188272,0.07737327,-0.101461,0.09320159,0.9904641,354.6522,354.1512,1.606648,-0.04730076,-0.05030494,0.01160681,0.9975457,-1.06066,1.060661,10,0.2017412,1
T7_EW_PS_B1_C6_P172070_S16_0821171052.csv,8071,1566375236612,198.7692,-0.009762293,0.1189515,0.07694898,-0.1023585,0.09477302,0.9902226,354.5617,354.0984,1.683837,-0.04812747,-0.05071923,0.01221583,0.9974779,-1.06066,1.060661,10,0.1519511,1
T7_EW_PS_B1_C6_P172070_S16_0821171052.csv,8072,1566375236645,198.8013,-0.009861313,0.1191783,0.07656851,-0.1022631,0.09799433,0.9899189,354.3763,354.102,1.528843,-0.04967244,-0.05072683,0.010784,0.9974183,-1.06066,1.060661,10,0.2755364,1
T7_EW_PS_B1_C6_P172070_S16_0821171052.csv,8073,1566375236678,198.8355,-0.009805094,0.1191773,0.07616799,-0.1016478,0.09831112,0.9899508,354.3581,354.1375,1.569679,-0.04984581,-0.05039819,0.01114656,0.9974223,-1.06066,1.060661,10,0.3102743,1
T7_EW_PS_B1_C6_P172070_S16_0821171052.csv,8074,1566375236711,198.8678,-0.009739146,0.1191584,0.0758461,-0.1002598,0.09779418,0.9901435,354.3878,354.218,1.581703,-0.04958412,-0.04969542,0.01129955,0.9974689,-1.06066,1.060661,10,0.343781,1
T7_EW_PS_B1_C6_P172070_S16_0821171052.csv,8075,1566375236745,198.902,-0.009684552,0.1191712,0.07566845,-0.09966514,0.09907517,0.9900762,354.3141,354.2517,1.576496,-0.05022051,-0.04939411,0.01123613,0.9974527,-1.06066,1.060661,10,0.4187142,1
T7_EW_PS_B1_C6_P172070_S16_0821171052.csv,8076,1566375236777,198.9346,-0.00955863,0.11924,0.07561411,-0.09896098,0.09961755,0.9900925,354.2829,354.2922,1.568105,-0.05048478,-0.04904141,0.01116708,0.9974576,-1.06066,1.060661,10,0.4702222,1
T7_EW_PS_B1_C6_P172070_S16_0821171052.csv,8077,1566375236814,198.9694,-0.009384647,0.1190193,0.07558091,-0.09780116,0.09661873,0.9905048,354.4555,354.361,1.508594,-0.04895004,-0.04849221,0.01075435,0.9975654,-1.06066,1.060661,10,0.4343124,1
T7_EW_PS_B1_C6_P172070_S16_0821171052.csv,8078,1566375236845,199.0016,-0.009235761,0.1188204,0.07559113,-0.09692345,0.09369614,0.9908718,354.6237,354.4133,1.453128,-0.04745748,-0.04808221,0.01036618,0.9976615,-1.06066,1.060661,10,0.4588492,1
T7_EW_PS_B1_C6_P172070_S16_0821171052.csv,8079,1566375236879,199.0361,-0.009102089,0.1187778,0.07557385,-0.09684101,0.09281152,0.9909631,354.6746,354.4185,1.458672,-0.04701614,-0.04804101,0.01043847,0.9976836,-1.06066,1.060661,10,0.4698059,1
T7_EW_PS_B1_C6_P172070_S16_0821171052.csv,8080,1566375236913,199.0694,-0.009004129,0.1186659,0.07548192,-0.09702797,0.09180049,0.991039,354.7328,354.4083,1.446502,-0.04650548,-0.04814306,0.01035334,0.9977036,-1.06066,1.060661,10,0.4722982,1
T7_EW_PS_B1_C6_P172070_S16_0821171052.csv,8081,1566375236945,199.1007,-0.008832142,0.1187157,0.07542267,-0.09700452,0.09225169,0.9909993,354.7068,354.4094,1.44965,-0.04673273,-0.04812865,0.01037003,0.9976934,-1.06066,1.060661,10,0.4673002,1
T7_EW_PS_B1_C6_P172070_S16_0821171052.csv,8082,1566375236979,199.1355,-0.008648412,0.1188018,0.07535641,-0.09670494,0.09286079,0.9909717,354.6718,354.4264,1.455542,-0.0470388,-0.04797365,0.01041323,0.9976861,-1.06066,1.060661,10,0.4792896,1
T7_EW_PS_B1_C6_P172070_S16_0821171052.csv,8083,1566375237012,199.1691,-0.008344783,0.1189187,0.07537257,-0.09637307,0.09295814,0.990995,354.6662,354.4455,1.407408,-0.04706575,-0.04782609,0.009999612,0.9976961,-1.06066,1.060661,10,0.4988932,1
T7_EW_PS_B1_C6_P172070_S16_0821171052.csv,8084,1566375237044,199.2007,-0.008036591,0.1189889,0.07545377,-0.09581947,0.09361736,0.9909866,354.6283,354.4772,1.407288,-0.0473932,-0.04754565,0.009995447,0.9976941,-1.06066,1.060661,10,0.5297108,1
T7_EW_PS_B1_C6_P172070_S16_0821171052.csv,8085,1566375237078,199.2357,-0.007790404,0.1190031,0.07555114,-0.09593244,0.09306706,0.9910275,354.6599,354.4709,1.388875,-0.04711039,-0.0476116,0.00984602,0.9977058,-1.06066,1.060661,10,0.5263757,1
T7_EW_PS_B1_C6_P172070_S16_0821171052.csv,8086,1566375237110,199.2673,-0.007581343,0.1188347,0.07566424,-0.09576011,0.09111974,0.9912251,354.772,354.4819,1.359782,-0.04612184,-0.04754185,0.009644771,0.9977573,-1.06066,1.060661,10,0.5609285,1
T7_EW_PS_B1_C6_P172070_S16_0821171052.csv,8087,1566375237145,199.3017,-0.007380659,0.1187553,0.07582545,-0.09575348,0.09035895,0.9912954,354.8157,354.4827,1.370265,-0.04574502,-0.04753632,0.009754938,0.9977738,-1.06066,1.060661,10,0.577091,1
T7_EW_PS_B1_C6_P172070_S16_0821171052.csv,8088,1566375237176,199.3338,-0.00707505,0.1185919,0.07600757,-0.09460513,0.09057602,0.9913858,354.8033,354.5489,1.367884,-0.04584714,-0.04695878,0.009755414,0.9977965,-1.06066,1.060661,10,0.6373509,1
T7_EW_PS_B1_C6_P172070_S16_0821171052.csv,8089,1566375237213,199.369,-0.006597898,0.1183742,0.07628967,-0.09165237,0.08806182,0.9918896,354.9479,354.7208,1.296584,-0.04454473,-0.04550793,0.009261965,0.9979274,-1.06066,1.060661,10,0.8522572,1
T7_EW_PS_B1_C6_P172070_S16_0821171052.csv,8090,1566375237244,199.4007,-0.006112862,0.1181792,0.07656284,-0.08828284,0.08591937,0.992383,355.0711,354.9163,1.325124,-0.04346663,-0.04380817,0.009634715,0.9980475,-1.06066,1.060661,10,1.08372,1
T7_EW_PS_B1_C6_P172070_S16_0821171052.csv,8091,1566375237278,199.4355,-0.005754501,0.1180437,0.07672316,-0.08626539,0.08349885,0.992767,355.2103,355.0338,1.203572,-0.04219902,-0.04284583,0.008673671,0.9981524,-1.06066,1.060661,10,1.253826,1
T7_EW_PS_B1_C6_P172070_S16_0821171052.csv,8092,1566375237313,199.4685,-0.005540916,0.118299,0.07711329,-0.08655685,0.08733773,0.9924112,354.9895,355.0154,1.23834,-0.04413622,-0.04296957,0.008885133,0.9980615,-1.06066,1.060661,10,1.146713,0
T7_EW_PS_B1_C6_P172070_S16_0821171052.csv,8093,1566375237344,199.5006,-0.005518179,0.1186139,0.07750975,-0.08702178,0.08960747,0.9921682,354.859,354.9875,1.135614,-0.04523667,-0.04323829,0.007929425,0.9980086,-1.06066,1.060661,10,1.082817,0
T7_EW_PS_B1_C6_P172070_S16_0821171052.csv,8094,1566375237378,199.5353,-0.005515039,0.1186816,0.07786302,-0.08876359,0.0890485,0.9920642,354.8911,354.8871,1.206892,-0.04499101,-0.04408749,0.008523198,0.9979777,-1.06066,1.060661,10,0.9946532,1
T7_EW_PS_B1_C6_P172070_S16_0821171052.csv,8095,1566375237412,199.5683,-0.005586343,0.1186471,0.07834025,-0.09107096,0.08840538,0.9919126,354.9281,354.7542,1.238388,-0.04469114,-0.04523727,0.008760184,0.9979377,-1.06066,1.060661,10,0.8816,1
T7_EW_PS_B1_C6_P172070_S16_0821171052.csv,8096,1566375237444,199.6003,-0.005663958,0.1184755,0.07893237,-0.09332766,0.08842507,0.9917011,354.927,354.6238,1.267657,-0.04472279,-0.0463611,0.008963745,0.9978828,-1.06066,1.060661,10,0.762332,1
T7_EW_PS_B1_C6_P172070_S16_0821171052.csv,8097,1566375237478,199.6353,-0.005664842,0.1184168,0.07947548,-0.09535397,0.08640371,0.9916865,355.0432,354.5077,1.297453,-0.04373182,-0.04737405,0.009226946,0.9978768,-1.06066,1.060661,10,0.7236168,1
T7_EW_PS_B1_C6_P172070_S16_0821171052.csv,8098,1566375237510,199.667,-0.005630576,0.1182822,0.08002671,-0.09663501,0.08359099,0.9918035,355.205,354.435,1.295416,-0.04232841,-0.04802651,0.009250596,0.9979059,-1.06066,1.060661,10,0.7845948,1
T7_EW_PS_B1_C6_P172070_S16_0821171052.csv,8099,1566375237545,199.7018,-0.005549835,0.1181372,0.08045892,-0.09725808,0.08198824,0.9918764,355.2971,354.3998,1.320149,-0.04153927,-0.04833517,0.009492589,0.9979219,-1.06066,1.060661,10,0.8386015,1
T7_EW_PS_B1_C6_P172070_S16_0821171052.csv,8100,1566375237576,199.7335,-0.005453915,0.1182237,0.0809,-0.0975773,0.0836583,0.9917056,355.2011,354.3806,1.299071,-0.04236805,-0.04849905,0.009260633,0.9978813,-1.06066,1.060661,10,0.7491269,1
T7_EW_PS_B1_C6_P172070_S16_0821171052.csv,8101,1566375237612,199.7682,-0.005340072,0.1183265,0.08127137,-0.09709574,0.08454379,0.9916778,355.1502,354.408,1.295153,-0.04280754,-0.04825597,0.009214783,0.9978747,-1.06066,1.060661,10,0.7271236,1
T7_EW_PS_B1_C6_P172070_S16_0821171052.csv,8102,1566375237643,199.8,-0.005270322,0.1184024,0.08160416,-0.09777249,0.0848307,0.9915867,355.1337,354.3687,1.341284,-0.04297391,-0.04857844,0.009594692,0.9978484,-1.06066,1.060661,10,0.6895542,1
T7_EW_PS_B1_C6_P172070_S16_0821171052.csv,8103,1566375237678,199.8347,-0.005167452,0.1185148,0.08197871,-0.09810657,0.08620984,0.9914348,355.0544,354.3488,1.370871,-0.04367873,-0.04873159,0.009810396,0.9978082,-1.06066,1.060661,10,0.6173896,1
T7_EW_PS_B1_C6_P172070_S16_0821171052.csv,8104,1566375237712,199.8684,-0.005160147,0.1186569,0.0823794,-0.09926176,0.08760118,0.9911978,354.9744,354.2813,1.345757,-0.04437041,-0.04931888,0.009530857,0.9977515,-1.06066,1.060661,10,0.5124369,1
T7_EW_PS_B1_C6_P172070_S16_0821171052.csv,8105,1566375237744,199.9003,-0.005100498,0.1187341,0.08280948,-0.09975921,0.08808865,0.9911047,354.9464,354.2523,1.340528,-0.04461467,-0.04957006,0.009461713,0.9977288,-1.06066,1.060661,10,0.4727124,1
T7_EW_PS_B1_C6_P172070_S16_0821171052.csv,8106,1566375237778,199.9348,-0.005072512,0.1185919,0.0832168,-0.09887378,0.08661143,0.9913236,355.0313,354.3042,1.352479,-0.04387575,-0.04912362,0.00962317,0.9977821,-1.06066,1.060661,10,0.5709552,1
T7_EW_PS_B1_C6_P172070_S16_0821171052.csv,8107,1566375237810,199.9667,-0.005086078,0.1187352,0.08370569,-0.0992675,0.08767937,0.9911903,354.9699,354.2809,1.40121,-0.04443346,-0.04930007,0.01001156,0.997745,-1.06066,1.060661,10,0.5105241,1
T7_EW_PS_B1_C6_P172070_S16_0821171052.csv,8108,1566375237846,200.0011,-0.005246226,0.1187675,0.08413434,-0.1007712,0.08733366,0.9910691,354.9898,354.1942,1.507442,-0.04431429,-0.05001683,0.01091172,0.9977052,-1.06066,1.060661,10,0.4693892,1
T7_EW_PS_B1_C6_P172070_S16_0821171052.csv,8109,1566375237877,200.0332,-0.005320937,0.1187486,0.08456292,-0.1024313,0.08762415,0.9908733,354.9731,354.098,1.617746,-0.04451782,-0.05080877,0.01182728,0.9976456,-1.06066,1.060661,10,0.4078243,1
T7_EW_PS_B1_C6_P172070_S16_0821171052.csv,8110,1566375237910,200.0675,-0.005342586,0.1188676,0.08503398,-0.1043616,0.08929454,0.9905227,354.877,353.9855,1.636111,-0.0453741,-0.05176735,0.01189897,0.9975569,-1.06066,1.060661,10,0.2790645,1
T7_EW_PS_B1_C6_P172070_S16_0821171052.csv,8111,1566375237943,200.1001,-0.005302944,0.1190282,0.08543265,-0.1052731,0.0905451,0.9903126,354.805,353.9321,1.611974,-0.04599486,-0.05223166,0.01163411,0.9975074,-1.06066,1.060661,10,0.2007689,1
T7_EW_PS_B1_C6_P172070_S16_0821171052.csv,8112,1566375237977,200.1346,-0.005065738,0.1192483,0.08588565,-0.105336,0.0921584,0.9901571,354.7122,353.9275,1.596166,-0.04679606,-0.05226434,0.01145131,0.9974706,-1.06066,1.060661,10,0.1046783,1
T7_EW_PS_B1_C6_P172070_S16_0821171052.csv,8113,1566375238013,200.1684,-0.004767274,0.1195987,0.08642416,-0.1032159,0.09685307,0.9899323,354.442,354.0475,1.567688,-0.04912309,-0.05119346,0.0111286,0.9974179,-1.06066,1.060661,10,0.2074791,1
T7_EW_PS_B1_C6_P172070_S16_0821171052.csv,8114,1566375238043,200.1996,-0.004429122,0.119805,0.08691749,-0.1021106,0.0980718,0.9899269,354.3719,354.1108,1.515409,-0.0497045,-0.05065561,0.01066885,0.9974215,-1.06066,1.060661,10,0.3051875,1
