T2_EU_PS_B0_C1_P445711_S16_0821171052.csv
SaveFileName,FrameCount,UTC,TimeSinceStart,HeadPositionX,HeadPositionY,HeadPositionZ,HeadForwardVectorX,HeadForwardVectorY,HeadForwardVectorZ,HeadAngleX,HeadAngleY,HeadAngleZ,HeadQuaternionX,HeadQuaternionY,HeadQuaternionZ,HeadQuaternionW,TargetPositionX,TargetPositionY,TargetPositionZ,AngleDifference,OverTarget
T2_EU_PS_B0_C1_P445711_S16_0821171052.csv,16113,1566375504470,466.6138,0.01399704,0.1347269,0.05571518,-0.0009828852,-0.02511938,0.999684,1.439386,359.9437,359.7063,0.01256189,-0.0004593628,-0.002556752,0.9999177,1.5,-6.556709E-08,10,8.580025,0
T2_EU_PS_B0_C1_P445711_S16_0821171052.csv,16114,1566375504506,466.6498,0.01348583,0.1346476,0.05543059,-0.00235028,-0.02497399,0.9996853,1.431053,359.8653,359.7757,0.01249024,-0.001150973,-0.00194227,0.9999195,0.3,-1.311342E-08,2.055715,8.612537,0
T2_EU_PS_B0_C1_P445711_S16_0821171052.csv,16115,1566375504540,466.6834,0.01303251,0.1347548,0.05513254,-0.003526031,-0.02522956,0.9996755,1.445701,359.7979,359.8468,0.01261811,-0.001746575,-0.001314253,0.999918,0.3,-1.311342E-08,2.055431,8.686137,0
T2_EU_PS_B0_C1_P445711_S16_0821171052.csv,16116,1566375504569,466.7131,0.01263248,0.1347413,0.05479387,-0.003488072,-0.02504124,0.9996803,1.434907,359.8001,359.8673,0.01252359,-0.001729954,-0.001135609,0.9999195,0.3,-1.311342E-08,2.055133,8.697504,0
T2_EU_PS_B0_C1_P445711_S16_0821171052.csv,16117,1566375504605,466.7496,0.01232414,0.1347622,0.05455489,-0.003496336,-0.02267151,0.9997368,1.299093,359.7996,359.9066,0.01133789,-0.001739264,-0.0007954398,0.9999339,0.3,-1.311342E-08,2.054794,8.745318,0
T2_EU_PS_B0_C1_P445711_S16_0821171052.csv,16118,1566375504638,466.7814,0.01198463,0.1348644,0.05431183,-0.002471591,-0.0215389,0.999765,1.234184,359.8584,359.8823,0.01077133,-0.001224946,-0.00101399,0.9999408,0.3,-1.311342E-08,2.054555,8.718234,0
T2_EU_PS_B0_C1_P445711_S16_0821171052.csv,16119,1566375504673,466.8163,0.01162631,0.1350457,0.05408079,-0.002399238,-0.0211162,0.9997742,1.209959,359.8625,359.9464,0.01055924,-0.001194881,-0.0004551228,0.9999434,0.3,-1.311342E-08,2.054312,8.732664,0
T2_EU_PS_B0_C1_P445711_S16_0821171052.csv,16120,1566375504704,466.8467,0.01123075,0.1352242,0.05385851,-0.00203327,-0.02014185,0.9997951,1.154121,359.8835,359.9713,0.01007168,-0.00101427,-0.0002399208,0.9999487,0.3,-1.311342E-08,2.054081,8.74177,0
T2_EU_PS_B0_C1_P445711_S16_0821171052.csv,16121,1566375504739,466.8824,0.01085664,0.1353025,0.05372692,-0.001815707,-0.0181337,0.9998339,1.039041,359.896,0.01913727,0.009067065,-0.00090948,0.0001752304,0.9999585,0.3,-1.311342E-08,2.053859,8.777157,0
T2_EU_PS_B0_C1_P445711_S16_0821171052.csv,16122,1566375504769,466.9133,0.01046498,0.1354481,0.05363613,-0.0009802771,-0.01616096,0.9998689,0.9259954,359.9438,0.08405979,0.008080383,-0.0004961141,0.0007374971,0.999967,0.3,-1.311342E-08,2.053727,8.780737,0
T2_EU_PS_B0_C1_P445711_S16_0821171052.csv,16123,1566375504806,466.9497,0.01007287,0.1356976,0.05360501,0.0003190155,-0.01449397,0.9998949,0.8304726,0.01828017,0.1786012,0.007247417,0.0001482248,0.001557392,0.9999725,0.3,-1.311342E-08,2.053636,8.756094,0
T2_EU_PS_B0_C1_P445711_S16_0821171052.csv,16124,1566375504839,466.9822,0.009810967,0.1360053,0.05363809,0.002292291,-0.0114507,0.9999318,0.6560909,0.1313473,0.309028,0.005728508,0.001130758,0.002690166,0.9999794,0.3,-1.311342E-08,2.053605,8.722941,0
T2_EU_PS_B0_C1_P445711_S16_0821171052.csv,16125,1566375504873,467.0161,0.009783158,0.1363935,0.05363656,0.006743473,-0.006597459,0.9999555,0.3780093,0.3863839,0.4021251,0.003310541,0.003360214,0.003498035,0.9999828,0.3,-1.311342E-08,2.053638,8.600351,0
T2_EU_PS_B0_C1_P445711_S16_0821171052.csv,16126,1566375504904,467.0467,0.009961784,0.136565,0.05359579,0.01411435,-0.004479486,0.9998903,0.2566565,0.8087278,0.4280827,0.002266042,0.007048989,0.003719808,0.9999657,0.3,-1.311342E-08,2.053637,8.266075,0
T2_EU_PS_B0_C1_P445711_S16_0821171052.csv,16127,1566375504940,467.0837,0.01060458,0.13656,0.05361101,0.02545463,-0.004647824,0.9996652,0.2663017,1.458616,0.4962794,0.002378833,0.01271827,0.004300899,0.9999071,0.3,-1.311342E-08,2.053596,7.666927,0
T2_EU_PS_B0_C1_P445711_S16_0821171052.csv,16128,1566375504971,467.1143,0.01121645,0.1364136,0.05365283,0.03608746,-0.007044697,0.9993238,0.4036348,2.06816,0.5192604,0.003603538,0.01803086,0.004467052,0.9998209,0.3,-1.311342E-08,2.053611,7.049682,0
T2_EU_PS_B0_C1_P445711_S16_0821171052.csv,16129,1566375505005,467.149,0.01183866,0.136055,0.05368682,0.04809121,-0.01096166,0.9987828,0.6280693,2.756652,0.4740544,0.005578786,0.02403077,0.004003797,0.9996877,0.3,-1.311342E-08,2.053653,6.321333,0
T2_EU_PS_B0_C1_P445711_S16_0821171052.csv,16130,1566375505039,467.1819,0.01250044,0.1356764,0.05390444,0.05853606,-0.01519529,0.9981697,0.8706596,3.356175,0.4824567,0.007717827,0.02925089,0.003985796,0.9995344,0.3,-1.311342E-08,2.053687,5.662474,0
T2_EU_PS_B0_C1_P445711_S16_0821171052.csv,16131,1566375505072,467.2158,0.0133199,0.1352725,0.05410406,0.07091472,-0.02022449,0.9972773,1.158857,4.06736,0.4662762,0.0102507,0.03544373,0.003707377,0.9993122,0.3,-1.311342E-08,2.053905,4.882387,0
T2_EU_PS_B0_C1_P445711_S16_0821171052.csv,16132,1566375505104,467.247,0.01424405,0.1348123,0.05429062,0.08396889,-0.02493597,0.9961563,1.428874,4.818237,0.4917535,0.01263819,0.04197754,0.003763096,0.9990315,0.3,-1.311342E-08,2.054104,4.082167,0
T2_EU_PS_B0_C1_P445711_S16_0821171052.csv,16133,1566375505140,467.2828,0.01499493,0.134452,0.05449491,0.09511864,-0.02908167,0.9950411,1.666492,5.460465,0.4894056,0.01472915,0.04756601,0.00357286,0.9987531,0.3,-1.311342E-08,2.054291,3.405076,0
T2_EU_PS_B0_C1_P445711_S16_0821171052.csv,16134,1566375505170,467.3135,0.01571646,0.1341421,0.05472467,0.1053146,-0.03187687,0.9939279,1.826719,6.048376,0.5221565,0.01615846,0.05267774,0.003708765,0.9984739,0.3,-1.311342E-08,2.054495,2.837867,0
T2_EU_PS_B0_C1_P445711_S16_0821171052.csv,16135,1566375505207,467.3496,0.01640965,0.1338457,0.05500653,0.1151092,-0.03468209,0.9927472,1.987536,6.61392,0.5028967,0.01756772,0.05760008,0.003380156,0.9981794,0.3,-1.311342E-08,2.054725,2.317987,0
T2_EU_PS_B0_C1_P445711_S16_0821171052.csv,16136,1566375505236,467.3796,0.01692962,0.1337376,0.05541708,0.1225417,-0.03571549,0.9918205,2.046782,7.043331,0.3540778,0.01801655,0.06136079,0.001986481,0.9979511,0.3,-1.311342E-08,2.055007,2.015089,0
T2_EU_PS_B0_C1_P445711_S16_0821171052.csv,16137,1566375505272,467.4155,0.01723305,0.1335112,0.05580755,0.1274099,-0.03897545,0.9910841,2.233695,7.32554,0.2003399,0.01956325,0.06383763,0.0004992064,0.9977684,0.3,-1.311342E-08,2.055417,1.708804,0
T2_EU_PS_B0_C1_P445711_S16_0821171052.csv,16138,1566375505303,467.4462,0.01744848,0.132956,0.05611134,0.1314755,-0.0451299,0.9902916,2.586631,7.562612,0.09472803,0.02257606,0.06591291,-0.0006638516,0.9975697,0.3,-1.311342E-08,2.055808,1.273646,0
T2_EU_PS_B0_C1_P445711_S16_0821171052.csv,16139,1566375505341,467.4814,0.01772374,0.1322748,0.05655913,0.135814,-0.04855531,0.9895438,2.783109,7.814968,0.09391414,0.02428419,0.06810563,-0.0008374939,0.9973822,0.3,-1.311342E-08,2.056111,0.9893272,0
T2_EU_PS_B0_C1_P445711_S16_0821171052.csv,16140,1566375505370,467.513,0.01795148,0.1319998,0.05704135,0.1389273,-0.05302471,0.988882,3.039518,7.997099,0.0459635,0.02648508,0.06969607,-0.001449399,0.9972156,0.3,-1.311342E-08,2.056559,0.7010924,1
T2_EU_PS_B0_C1_P445711_S16_0821171052.csv,16141,1566375505404,467.548,0.01806588,0.1314262,0.05747902,0.140933,-0.05855228,0.9882861,3.356718,8.115853,0.004289942,0.02921792,0.07073354,-0.002035288,0.9970652,0.3,-1.311342E-08,2.057041,0.3779418,1
T2_EU_PS_B0_C1_P445711_S16_0821171052.csv,16142,1566375505436,467.5796,0.01801906,0.130911,0.05776996,0.1414676,-0.06529011,0.9877875,3.743511,8.150288,359.9716,0.03256231,0.07103489,-0.002568,0.9969389,0.3,-1.311342E-08,2.057479,0.1266688,1
T2_EU_PS_B0_C1_P445711_S16_0821171052.csv,16143,1566375505476,467.619,0.01792774,0.1305206,0.05812562,0.1408981,-0.069251,0.9875991,3.970968,8.119442,359.9406,0.03452271,0.07077161,-0.002969194,0.9968905,0.3,-1.311342E-08,2.05777,0.2873554,1
T2_EU_PS_B0_C1_P445711_S16_0821171052.csv,16144,1566375505504,467.6464,0.01773097,0.1303704,0.05851326,0.1396546,-0.06946776,0.9877605,3.983418,8.047431,359.8434,0.03457337,0.07017427,-0.003800642,0.9969282,0.3,-1.311342E-08,2.058125,0.2900664,1
T2_EU_PS_B0_C1_P445711_S16_0821171052.csv,16145,1566375505538,467.6818,0.01729686,0.1305836,0.05890695,0.1359139,-0.06765592,0.9884079,3.879362,7.829524,359.8503,0.03367923,0.06827726,-0.003613156,0.9970912,0.3,-1.311342E-08,2.058513,0.2818553,1
T2_EU_PS_B0_C1_P445711_S16_0821171052.csv,16146,1566375505569,467.7126,0.01672089,0.1307237,0.05921061,0.1313081,-0.06540707,0.9891815,3.750226,7.561474,359.8525,0.03256498,0.06594511,-0.003441405,0.9972858,0.3,-1.311342E-08,2.058907,0.5024107,1
T2_EU_PS_B0_C1_P445711_S16_0821171052.csv,16147,1566375505602,467.7484,0.01621867,0.1308465,0.05945154,0.1284063,-0.06377793,0.9896687,3.656688,7.392645,359.9124,0.03178958,0.06445976,-0.002819229,0.9974099,0.3,-1.311342E-08,2.059211,0.6847132,1
T2_EU_PS_B0_C1_P445711_S16_0821171052.csv,16148,1566375505635,467.7791,0.01589825,0.1310004,0.05966118,0.1267213,-0.06219007,0.9899869,3.56553,7.294368,0.02123461,0.03105887,0.06357584,-0.001794145,0.997492,0.3,-1.311342E-08,2.059452,0.8033255,1
T2_EU_PS_B0_C1_P445711_S16_0821171052.csv,16149,1566375505672,467.8146,0.01571682,0.1310105,0.05973428,0.1274378,-0.06154628,0.9899352,3.528572,7.335539,0.07285945,0.03076532,0.06392106,-0.001335304,0.9974797,0.3,-1.311342E-08,2.059661,0.7750598,1
T2_EU_PS_B0_C1_P445711_S16_0821171052.csv,16150,1566375505705,467.8475,0.01569278,0.1309838,0.05989844,0.1297339,-0.06088387,0.9896778,3.490548,7.468146,0.0664233,0.03042913,0.06507791,-0.00140532,0.9974152,0.3,-1.311342E-08,2.059734,0.6596788,1
T2_EU_PS_B0_C1_P445711_S16_0821171052.csv,16151,1566375505739,467.8821,0.01565804,0.1311145,0.06013168,0.1308515,-0.05878258,0.9896578,3.369936,7.531899,0.05635522,0.02937279,0.06563807,-0.001440763,0.9974101,0.3,-1.311342E-08,2.059898,0.6570037,1
T2_EU_PS_B0_C1_P445711_S16_0821171052.csv,16152,1566375505769,467.913,0.01555281,0.1310833,0.0602051,0.1325784,-0.05990972,0.9893603,3.434631,7.632407,0.03222958,0.02992058,0.06651777,-0.001714067,0.9973351,0.3,-1.311342E-08,2.060132,0.5388666,1
T2_EU_PS_B0_C1_P445711_S16_0821171052.csv,16153,1566375505805,467.9482,0.01545797,0.1310688,0.06038134,0.1332304,-0.05962018,0.9892902,3.418011,7.67003,0.05847584,0.02979068,0.06683873,-0.001485766,0.9973179,0.3,-1.311342E-08,2.060205,0.5185105,1
T2_EU_PS_B0_C1_P445711_S16_0821171052.csv,16154,1566375505836,467.9797,0.01534298,0.1312216,0.06066487,0.1338494,-0.05826731,0.9892873,3.340363,7.705259,0.03101843,0.02909835,0.067154,-0.001688374,0.9973168,0.3,-1.311342E-08,2.060381,0.5464389,1
T2_EU_PS_B0_C1_P445711_S16_0821171052.csv,16155,1566375505875,468.0181,0.01534421,0.1311326,0.0608804,0.1354691,-0.05960902,0.9889868,3.417371,7.799702,-0.003116827,0.02974687,0.06798326,-0.002055111,0.9972408,0.3,-1.311342E-08,2.060665,0.4224361,1
T2_EU_PS_B0_C1_P445711_S16_0821171052.csv,16156,1566375505903,468.0461,0.01531389,0.1311156,0.06108646,0.1376186,-0.06019469,0.9886545,3.450988,7.924528,-0.0001373331,0.03003895,0.06906816,-0.002081849,0.9971575,0.3,-1.311342E-08,2.06088,0.3171355,1
T2_EU_PS_B0_C1_P445711_S16_0821171052.csv,16157,1566375505938,468.0815,0.0152109,0.1310902,0.06144828,0.1392849,-0.05938051,0.9884704,3.404255,8.020715,0.01340306,0.02963881,0.06990247,-0.001960732,0.9971115,0.3,-1.311342E-08,2.061086,0.3208161,1
T2_EU_PS_B0_C1_P445711_S16_0821171052.csv,16158,1566375505971,468.1147,0.0150228,0.1310847,0.06174615,0.1396517,-0.05982032,0.9883921,3.429499,8.042187,0.03397631,0.02987068,0.07008346,-0.001802714,0.9970922,0.3,-1.311342E-08,2.061448,0.2914124,1
T2_EU_PS_B0_C1_P445711_S16_0821171052.csv,16159,1566375506005,468.1479,0.01478798,0.1309082,0.06211125,0.1394017,-0.06045499,0.9883888,3.465929,8.028006,0.07171037,0.03021092,0.06994937,-0.00149293,0.9970919,0.3,-1.311342E-08,2.061746,0.2586879,1
T2_EU_PS_B0_C1_P445711_S16_0821171052.csv,16160,1566375506037,468.18,0.0145103,0.1309418,0.06245916,0.1389464,-0.06089944,0.9884256,3.491441,8.001835,0.1274828,0.03046718,0.06970622,-0.001016266,0.9971017,0.3,-1.311342E-08,2.062111,0.25101,1
T2_EU_PS_B0_C1_P445711_S16_0821171052.csv,16161,1566375506074,468.218,0.01435547,0.1308998,0.06289528,0.1382451,-0.06068217,0.9885373,3.47897,7.961074,0.1285263,0.03035965,0.06935161,-0.000988793,0.9971297,0.3,-1.311342E-08,2.062459,0.2832403,1
T2_EU_PS_B0_C1_P445711_S16_0821171052.csv,16162,1566375506103,468.246,0.01418673,0.1309089,0.06329614,0.1380481,-0.06106007,0.9885415,3.500662,7.949841,0.1039125,0.03053363,0.06925982,-0.001213119,0.9971306,0.3,-1.311342E-08,2.062895,0.2776587,1
T2_EU_PS_B0_C1_P445711_S16_0821171052.csv,16163,1566375506143,468.2851,0.01421755,0.1307425,0.0636276,0.1383908,-0.06347072,0.9883417,3.63905,7.970914,0.1549059,0.03176846,0.06942535,-0.0008589622,0.9970809,0.3,-1.311342E-08,2.063296,0.1758294,1
T2_EU_PS_B0_C1_P445711_S16_0821171052.csv,16164,1566375506171,468.3139,0.01417796,0.1306635,0.063981,0.1382917,-0.06408061,0.9883163,3.674066,7.965485,0.1789798,0.03208775,0.06937028,-0.0006692133,0.9970746,0.3,-1.311342E-08,2.063628,0.1701742,1
T2_EU_PS_B0_C1_P445711_S16_0821171052.csv,16165,1566375506206,468.3495,0.01424872,0.1307052,0.06426439,0.1382352,-0.06375646,0.9883451,3.655455,7.962039,0.2070603,0.03194283,0.06933308,-0.0004126372,0.997082,0.3,-1.311342E-08,2.063981,0.1769387,1
T2_EU_PS_B0_C1_P445711_S16_0821171052.csv,16166,1566375506236,468.3793,0.01431562,0.1306945,0.06443162,0.1377852,-0.06513648,0.988318,3.73469,7.93667,0.1886982,0.03262128,0.06911477,-0.0006132029,0.997075,0.3,-1.311342E-08,2.064264,0.1958353,1
T2_EU_PS_B0_C1_P445711_S16_0821171052.csv,16167,1566375506277,468.4187,0.01440123,0.1307937,0.06458241,0.1372723,-0.06439307,0.9884381,3.692006,7.906551,0.09727848,0.03219509,0.06887985,-0.00137442,0.9971044,0.3,-1.311342E-08,2.064432,0.220287,1
T2_EU_PS_B0_C1_P445711_S16_0821171052.csv,16168,1566375506305,468.4471,0.01451803,0.1308669,0.06472,0.1378333,-0.06374052,0.9884023,3.654541,7.938736,0.05124058,0.03184092,0.06917372,-0.001761423,0.9970948,0.3,-1.311342E-08,2.064582,0.1928145,1
T2_EU_PS_B0_C1_P445711_S16_0821171052.csv,16169,1566375506339,468.4827,0.0147474,0.1310034,0.06493944,0.1379945,-0.06214249,0.9884816,3.562798,7.947272,359.9841,0.0310019,0.06926828,-0.002292849,0.9971136,0.3,-1.311342E-08,2.06472,0.2255535,1
T2_EU_PS_B0_C1_P445711_S16_0821171052.csv,16170,1566375506368,468.5126,0.01487187,0.1310099,0.06513801,0.138367,-0.06221061,0.9884252,3.566708,7.968898,0.002025178,0.03104638,0.0694515,-0.0021448,0.9970998,0.3,-1.311342E-08,2.064939,0.2036718,1
T2_EU_PS_B0_C1_P445711_S16_0821171052.csv,16171,1566375506405,468.5485,0.0148884,0.131148,0.06532446,0.1381051,-0.06227073,0.988458,3.57016,7.953747,0.03075278,0.03109408,0.06931182,-0.001892812,0.9971086,0.3,-1.311342E-08,2.065138,0.2148914,1
T2_EU_PS_B0_C1_P445711_S16_0821171052.csv,16172,1566375506435,468.579,0.01507485,0.1310603,0.06545301,0.1387971,-0.0632253,0.9883005,3.624961,7.994341,0.007483036,0.03155608,0.06967028,-0.002139622,0.9970686,0.3,-1.311342E-08,2.065325,0.1440177,1
T2_EU_PS_B0_C1_P445711_S16_0821171052.csv,16173,1566375506469,468.6131,0.01516487,0.1311375,0.06569048,0.139642,-0.06219745,0.9882467,3.565953,8.042808,359.985,0.03102798,0.07009925,-0.002312946,0.9970547,0.3,-1.311342E-08,2.065453,0.1619255,1
T2_EU_PS_B0_C1_P445711_S16_0821171052.csv,16174,1566375506503,468.6456,0.01525867,0.1311839,0.0659023,0.1401424,-0.06149975,0.9882196,3.525901,8.071468,359.922,0.03064025,0.07036619,-0.002844054,0.9970465,0.3,-1.311342E-08,2.065691,0.1928145,1
T2_EU_PS_B0_C1_P445711_S16_0821171052.csv,16175,1566375506540,468.6822,0.01529325,0.1311009,0.06603278,0.1410211,-0.06353497,0.9879658,3.642739,8.12346,359.8939,0.03163815,0.07082473,-0.003174317,0.9969819,0.3,-1.311342E-08,2.065902,0.07401875,1
T2_EU_PS_B0_C1_P445711_S16_0821171052.csv,16176,1566375506568,468.7118,0.01528683,0.1310823,0.06621894,0.1418179,-0.06318624,0.9878741,3.622718,8.169488,359.9243,0.03148159,0.07121707,-0.002909977,0.9969597,0.3,-1.311342E-08,2.066033,0.1101434,1
T2_EU_PS_B0_C1_P445711_S16_0821171052.csv,16177,1566375506604,468.7476,0.01521461,0.1311774,0.06645441,0.1417127,-0.06169894,0.9879832,3.537336,8.162622,359.9605,0.03076139,0.07114879,-0.002540265,0.9969881,0.3,-1.311342E-08,2.066219,0.1876719,1
T2_EU_PS_B0_C1_P445711_S16_0821171052.csv,16178,1566375506634,468.7784,0.01506266,0.1311123,0.06664295,0.1411612,-0.06292606,0.9879847,3.607781,8.131271,359.9551,0.03137163,0.07087636,-0.002622626,0.9969882,0.3,-1.311342E-08,2.066454,0.1065312,1
T2_EU_PS_B0_C1_P445711_S16_0821171052.csv,16179,1566375506676,468.8185,0.01485383,0.1310126,0.06683452,0.1401183,-0.06448042,0.9880329,3.697021,8.071603,359.9631,0.03215437,0.07035351,-0.002591045,0.9970004,0.3,-1.311342E-08,2.066643,0.04423466,1
T2_EU_PS_B0_C1_P445711_S16_0821171052.csv,16180,1566375506702,468.8452,0.01466984,0.1310362,0.06714113,0.1390383,-0.06344195,0.9882528,3.637399,8.008436,359.9411,0.03162359,0.06981102,-0.002728918,0.9970552,0.3,-1.311342E-08,2.066834,0.132704,1
T2_EU_PS_B0_C1_P445711_S16_0821171052.csv,16181,1566375506738,468.8813,0.01449532,0.1310412,0.06738977,0.1381014,-0.06383126,0.988359,3.65975,7.954325,359.9539,0.03182711,0.06933629,-0.002615988,0.9970821,0.3,-1.311342E-08,2.067141,0.1791368,1
T2_EU_PS_B0_C1_P445711_S16_0821171052.csv,16182,1566375506769,468.9133,0.01438886,0.1309058,0.06768002,0.1377627,-0.06335876,0.9884367,3.632623,7.93445,359.9545,0.0315919,0.06916361,-0.002588711,0.9971017,0.3,-1.311342E-08,2.06739,0.2065338,1
T2_EU_PS_B0_C1_P445711_S16_0821171052.csv,16183,1566375506808,468.9476,0.01435027,0.1309101,0.06786945,0.1383376,-0.06395393,0.9883181,3.666793,7.968078,359.9858,0.03190744,0.06944696,-0.002346124,0.9970725,0.3,-1.311342E-08,2.06768,0.165511,1
T2_EU_PS_B0_C1_P445711_S16_0821171052.csv,16184,1566375506838,468.9802,0.0143239,0.1310128,0.06804253,0.1391126,-0.06323355,0.9882556,3.625435,8.012641,0.0009050771,0.03155586,0.0698313,-0.002202185,0.9970572,0.3,-1.311342E-08,2.067869,0.1467098,1
T2_EU_PS_B0_C1_P445711_S16_0821171052.csv,16185,1566375506869,469.0133,0.01432144,0.1311197,0.06825708,0.1397341,-0.06177454,0.9882602,3.541676,8.047932,0.001221468,0.0308266,0.07013989,-0.002157883,0.9970585,0.3,-1.311342E-08,2.068043,0.1907741,1
T2_EU_PS_B0_C1_P445711_S16_0821171052.csv,16186,1566375506904,469.0464,0.01435116,0.1311151,0.06839556,0.1401674,-0.06306521,0.9881173,3.61577,8.073713,0.06639998,0.0315108,0.07034487,-0.001643219,0.9970236,0.3,-1.311342E-08,2.068257,0.1101434,1
T2_EU_PS_B0_C1_P445711_S16_0821171052.csv,16187,1566375506937,469.081,0.01419728,0.130965,0.06857903,0.1393039,-0.06443372,0.9881512,3.69434,8.024351,0.04011118,0.03217909,0.06992085,-0.001906339,0.9970316,0.3,-1.311342E-08,2.068396,0.1101434,1
T2_EU_PS_B0_C1_P445711_S16_0821171052.csv,16188,1566375506969,469.1126,0.0141147,0.1310517,0.06882571,0.1381357,-0.063101,0.9884011,3.617825,7.955938,0.01532314,0.03149945,0.06933411,-0.00205651,0.997094,0.3,-1.311342E-08,2.068579,0.2036718,1
T2_EU_PS_B0_C1_P445711_S16_0821171052.csv,16189,1566375507005,469.1478,0.01404984,0.1310736,0.06893899,0.137451,-0.06395628,0.9884416,3.666928,7.916682,359.9659,0.03189769,0.06900529,-0.002505062,0.9971031,0.3,-1.311342E-08,2.068826,0.2246844,1
T2_EU_PS_B0_C1_P445711_S16_0821171052.csv,16190,1566375507036,469.179,0.01413111,0.1310044,0.06899735,0.1382432,-0.06450932,0.9882952,3.69868,7.962891,0.05537106,0.03222711,0.06938169,-0.001758932,0.997068,0.3,-1.311342E-08,2.068939,0.1701742,1
T2_EU_PS_B0_C1_P445711_S16_0821171052.csv,16191,1566375507070,469.2135,0.01423238,0.1310092,0.0690932,0.1382175,-0.06313824,0.9883873,3.619962,7.960699,0.07290445,0.03155283,0.06935965,-0.001558083,0.9970914,0.3,-1.311342E-08,2.068997,0.1938267,1
T2_EU_PS_B0_C1_P445711_S16_0821171052.csv,16192,1566375507103,469.2452,0.01431984,0.1310341,0.0691678,0.1378978,-0.06267614,0.9884614,3.593433,7.941933,0.04291417,0.03130413,0.06920521,-0.001797845,0.9971096,0.3,-1.311342E-08,2.069093,0.2220564,1
T2_EU_PS_B0_C1_P445711_S16_0821171052.csv,16193,1566375507136,469.2805,0.0144889,0.1310215,0.06918439,0.1379769,-0.06369745,0.988385,3.652068,7.94704,0.02316451,0.03180231,0.06925381,-0.002006532,0.99709,0.3,-1.311342E-08,2.069168,0.1876719,1
T2_EU_PS_B0_C1_P445711_S16_0821171052.csv,16194,1566375507168,469.312,0.01469209,0.1310697,0.06919444,0.138577,-0.0641618,0.9882711,3.678728,7.982068,359.9577,0.03199393,0.06957631,-0.002601973,0.9970601,0.3,-1.311342E-08,2.069184,0.1398823,1
T2_EU_PS_B0_C1_P445711_S16_0821171052.csv,16195,1566375507204,469.3472,0.01487467,0.1311247,0.06919555,0.1388621,-0.06395176,0.9882447,3.666668,7.998489,359.9329,0.03187351,0.0697263,-0.002815448,0.9970528,0.3,-1.311342E-08,2.069194,0.1251145,1
T2_EU_PS_B0_C1_P445711_S16_0821171052.csv,16196,1566375507234,469.3783,0.01494401,0.1311988,0.06930833,0.1386823,-0.06217115,0.9883835,3.564444,7.987157,359.8084,0.03090868,0.06966276,-0.003833056,0.9970843,0.3,-1.311342E-08,2.069196,0.1948336,1
T2_EU_PS_B0_C1_P445711_S16_0821171052.csv,16197,1566375507270,469.4138,0.01510277,0.1312232,0.06939395,0.1391075,-0.06198618,0.9883354,3.553825,8.011709,359.8684,0.03085203,0.06986029,-0.003311354,0.9970741,0.3,-1.311342E-08,2.069308,0.1887116,1
T2_EU_PS_B0_C1_P445711_S16_0821171052.csv,16198,1566375507301,469.4448,0.01510425,0.1313072,0.06951801,0.1403099,-0.06171304,0.9881825,3.538145,8.081287,359.838,0.0306949,0.07047398,-0.003584811,0.9970348,0.3,-1.311342E-08,2.069394,0.1823843,1
T2_EU_PS_B0_C1_P445711_S16_0821171052.csv,16199,1566375507344,469.4843,0.01517785,0.1312895,0.06969289,0.140948,-0.06184524,0.9880834,3.545734,8.118351,359.8682,0.03077842,0.07078829,-0.003336685,0.9970108,0.3,-1.311342E-08,2.069518,0.1735894,1
T2_EU_PS_B0_C1_P445711_S16_0821171052.csv,16200,1566375507367,469.5114,0.01515287,0.1311365,0.06992985,0.1415011,-0.06311277,0.9879242,3.6185,8.151079,359.8522,0.03140065,0.07107674,-0.003529598,0.9969702,0.3,-1.311342E-08,2.069693,0.1027921,1
T2_EU_PS_B0_C1_P445711_S16_0821171052.csv,16201,1566375507404,469.5472,0.01505906,0.1310119,0.07015187,0.1414259,-0.06490493,0.9878188,3.721395,8.147658,359.8491,0.03229399,0.07104699,-0.003619855,0.9969435,0.3,-1.311342E-08,2.06993,0.03956468,1
T2_EU_PS_B0_C1_P445711_S16_0821171052.csv,16202,1566375507436,469.5796,0.01494364,0.1309399,0.07029022,0.1411688,-0.06648934,0.9877502,3.812371,8.133603,359.8508,0.03308698,0.0709234,-0.003657369,0.9969262,0.3,-1.311342E-08,2.070152,0.1065312,1
T2_EU_PS_B0_C1_P445711_S16_0821171052.csv,16203,1566375507476,469.6187,0.01476317,0.1309061,0.07038194,0.1411268,-0.06613374,0.9877801,3.791952,8.130974,359.8752,0.03292453,0.0708937,-0.003431482,0.9969345,0.3,-1.311342E-08,2.07029,0.08846933,1
T2_EU_PS_B0_C1_P445711_S16_0821171052.csv,16204,1566375507501,469.6441,0.01455862,0.1307804,0.07038149,0.1403056,-0.06670717,0.9878585,3.824879,8.083657,359.9174,0.0332384,0.07046943,-0.003070591,0.9969553,0.3,-1.311342E-08,2.070382,0.1282043,1
T2_EU_PS_B0_C1_P445711_S16_0821171052.csv,16205,1566375507537,469.6801,0.0142999,0.1306146,0.07032236,0.1395593,-0.06733948,0.9879214,3.86119,8.040714,359.9578,0.03358016,0.07008348,-0.002729036,0.9969721,0.3,-1.311342E-08,2.070381,0.1845175,1
T2_EU_PS_B0_C1_P445711_S16_0821171052.csv,16206,1566375507567,469.7115,0.01414045,0.1306902,0.07027951,0.1392999,-0.0655534,0.9880781,3.758628,8.024712,359.9469,0.03268152,0.06994912,-0.002756991,0.9970113,0.3,-1.311342E-08,2.070322,0.1219466,1
T2_EU_PS_B0_C1_P445711_S16_0821171052.csv,16207,1566375507603,469.7459,0.01408526,0.1307092,0.0701778,0.1396883,-0.06505749,0.988056,3.730154,8.046972,359.9161,0.03241443,0.07015195,-0.003013403,0.997005,0.3,-1.311342E-08,2.07028,0.09065409,1
T2_EU_PS_B0_C1_P445711_S16_0821171052.csv,16208,1566375507634,469.7778,0.0140728,0.1306086,0.06998243,0.1411955,-0.0662751,0.9877608,3.800069,8.135037,359.8936,0.0330064,0.07092367,-0.003277855,0.9969302,0.3,-1.311342E-08,2.070178,0.1008706,1
T2_EU_PS_B0_C1_P445711_S16_0821171052.csv,16209,1566375507670,469.8137,0.01398061,0.1305622,0.06979193,0.1417519,-0.06742337,0.9876034,3.866007,8.167948,359.8724,0.03356594,0.07121535,-0.003512401,0.9968899,0.3,-1.311342E-08,2.069983,0.1701742,1
T2_EU_PS_B0_C1_P445711_S16_0821171052.csv,16210,1566375507702,469.8446,0.01380374,0.1306294,0.06961523,0.1415851,-0.06694499,0.9876599,3.838536,8.158003,359.8668,0.0333238,0.07113076,-0.003540843,0.996904,0.3,-1.311342E-08,2.069792,0.1412742,1
T2_EU_PS_B0_C1_P445711_S16_0821171052.csv,16211,1566375507737,469.8806,0.01358098,0.1306455,0.0694444,0.1420965,-0.06553194,0.9876812,3.757396,8.1869,359.8682,0.03261785,0.07138263,-0.003487233,0.9969095,0.3,-1.311342E-08,2.069615,0.0656106,1
T2_EU_PS_B0_C1_P445711_S16_0821171052.csv,16212,1566375507768,469.9117,0.01331548,0.1305488,0.06919955,0.1429166,-0.06567127,0.9875536,3.765397,8.234554,359.9142,0.03271485,0.07178396,-0.003105069,0.9968787,0.3,-1.311342E-08,2.069444,0.1027921,1
T2_EU_PS_B0_C1_P445711_S16_0821171052.csv,16213,1566375507805,469.9474,0.01303598,0.1305153,0.06900911,0.1428017,-0.06525932,0.9875975,3.741743,8.227662,359.9487,0.03253082,0.07171456,-0.002788673,0.9968907,0.3,-1.311342E-08,2.0692,0.07912937,1
T2_EU_PS_B0_C1_P445711_S16_0821171052.csv,16214,1566375507834,469.9776,0.01266223,0.1305444,0.0687847,0.1418015,-0.06543256,0.9877302,3.75169,8.169733,0.03973253,0.03267535,0.07118448,-0.001986095,0.9969258,0.3,-1.311342E-08,2.069009,0.05595291,1
T2_EU_PS_B0_C1_P445711_S16_0821171052.csv,16215,1566375507870,470.013,0.01228198,0.1304476,0.06866939,0.1408469,-0.06558614,0.9878566,3.760508,8.114444,359.9585,0.0327029,0.07072647,-0.002682483,0.9969559,0.3,-1.311342E-08,2.068785,0.09691329,1
T2_EU_PS_B0_C1_P445711_S16_0821171052.csv,16216,1566375507902,470.0446,0.01207041,0.1304976,0.06857719,0.1406428,-0.06500998,0.9879237,3.727426,8.102297,359.9821,0.03242991,0.07061467,-0.002453207,0.9969733,0.3,-1.311342E-08,2.068669,0.09487279,1
T2_EU_PS_B0_C1_P445711_S16_0821171052.csv,16217,1566375507937,470.0809,0.01181191,0.1303363,0.06828359,0.1421532,-0.06765549,0.9875299,3.879338,8.191358,359.9489,0.0337289,0.07139633,-0.002861485,0.9968735,0.3,-1.311342E-08,2.068577,0.1876719,1
T2_EU_PS_B0_C1_P445711_S16_0821171052.csv,16218,1566375507967,470.1108,0.01165807,0.1303008,0.06811744,0.1429364,-0.06661689,0.9874874,3.819695,8.236221,0.1024971,0.0333051,0.07174308,-0.001501649,0.9968658,0.3,-1.311342E-08,2.068284,0.1370561,1
T2_EU_PS_B0_C1_P445711_S16_0821171052.csv,16219,1566375508000,470.1459,0.01123451,0.1303105,0.06789767,0.1417473,-0.06531743,0.9877456,3.74508,8.166524,0.1021738,0.03265666,0.07113894,-0.001437843,0.9969307,0.3,-1.311342E-08,2.068117,0.07661668,1
T2_EU_PS_B0_C1_P445711_S16_0821171052.csv,16220,1566375508034,470.1776,0.01088943,0.1301863,0.06756984,0.1401802,-0.06546345,0.9879596,3.753464,8.075712,0.1290569,0.03274724,0.07034096,-0.001183223,0.9969847,0.3,-1.311342E-08,2.067898,0.1631294,1
T2_EU_PS_B0_C1_P445711_S16_0821171052.csv,16221,1566375508070,470.2127,0.01060256,0.1302225,0.06725374,0.1401569,-0.06541573,0.987966,3.750724,8.074334,0.1062255,0.0327094,0.07033557,-0.001379787,0.996986,0.3,-1.311342E-08,2.06757,0.1701742,1
T2_EU_PS_B0_C1_P445711_S16_0821171052.csv,16222,1566375508102,470.2442,0.01050714,0.1302947,0.0668586,0.1407314,-0.0655078,0.9878783,3.75601,8.107702,0.1105203,0.03275764,0.0706245,-0.001355207,0.996964,0.3,-1.311342E-08,2.067254,0.1440177,1
T2_EU_PS_B0_C1_P445711_S16_0821171052.csv,16223,1566375508134,470.2799,0.01046811,0.1304926,0.06649437,0.1416139,-0.06280197,0.9879279,3.600658,8.157456,0.1316795,0.0314186,0.07105596,-0.001088919,0.9969769,0.3,-1.311342E-08,2.066859,0.1219466,1
T2_EU_PS_B0_C1_P445711_S16_0821171052.csv,16224,1566375508169,470.3121,0.01028091,0.1305687,0.06613731,0.1424401,-0.06119,0.9879102,3.50812,8.204547,0.006618235,0.03053505,0.07150174,-0.002132121,0.9969707,0.3,-1.311342E-08,2.066494,0.1907741,1
T2_EU_PS_B0_C1_P445711_S16_0821171052.csv,16225,1566375508203,470.3458,0.01022257,0.1306473,0.06591053,0.1429591,-0.06070005,0.9878654,3.479996,8.234402,0.1213169,0.03036162,0.07173167,-0.001124571,0.9969611,0.3,-1.311342E-08,2.066137,0.2185032,1
T2_EU_PS_B0_C1_P445711_S16_0821171052.csv,16226,1566375508233,470.3765,0.01004984,0.1307497,0.06580514,0.1429331,-0.05994949,0.987915,3.436914,8.232518,0.1407597,0.02999899,0.07171141,-0.0009279284,0.9969738,0.3,-1.311342E-08,2.065911,0.2654082,1
T2_EU_PS_B0_C1_P445711_S16_0821171052.csv,16227,1566375508273,470.4142,0.009863825,0.1306353,0.06584252,0.1403295,-0.06188259,0.9881691,3.547878,8.082506,0.1623248,0.03097891,0.07039712,-0.0007692706,0.9970376,0.3,-1.311342E-08,2.065805,0.2272819,1
T2_EU_PS_B0_C1_P445711_S16_0821171052.csv,16228,1566375508301,470.4441,0.009771952,0.1305678,0.06597845,0.1381811,-0.06202274,0.988463,3.555924,7.958031,0.1240703,0.0310266,0.06932416,-0.001073361,0.997111,0.3,-1.311342E-08,2.065843,0.3304307,1
T2_EU_PS_B0_C1_P445711_S16_0821171052.csv,16229,1566375508337,470.4802,0.009839031,0.1304309,0.06599647,0.1376222,-0.06324559,0.9884635,3.626126,7.926246,0.07680765,0.03160927,0.06905863,-0.001518349,0.9971106,0.3,-1.311342E-08,2.065979,0.3351346,1
T2_EU_PS_B0_C1_P445711_S16_0821171052.csv,16230,1566375508369,470.511,0.01003832,0.1303134,0.06591526,0.1388988,-0.06428956,0.9882176,3.686063,8.00079,0.03535623,0.03210457,0.06971736,-0.001936057,0.9970482,0.3,-1.311342E-08,2.065996,0.2470816,1
T2_EU_PS_B0_C1_P445711_S16_0821171052.csv,16231,1566375508405,470.5461,0.01031163,0.1303831,0.06576702,0.1402385,-0.06435657,0.988024,3.68991,8.078506,0.03839269,0.03213859,0.0703926,-0.001933776,0.9969996,0.3,-1.311342E-08,2.065915,0.1631294,1
T2_EU_PS_B0_C1_P445711_S16_0821171052.csv,16232,1566375508434,470.5772,0.01054869,0.1305073,0.06557386,0.1403621,-0.06255723,0.988122,3.586607,8.084743,0.04547281,0.03124404,0.07044726,-0.001810396,0.9970244,0.3,-1.311342E-08,2.065767,0.1855749,1
T2_EU_PS_B0_C1_P445711_S16_0821171052.csv,16233,1566375508469,470.6126,0.01068456,0.130468,0.06532915,0.1400219,-0.06162791,0.9882287,3.533258,8.064544,0.03894026,0.03077618,0.07027446,-0.001829001,0.9970512,0.3,-1.311342E-08,2.065574,0.2298502,1
T2_EU_PS_B0_C1_P445711_S16_0821171052.csv,16234,1566375508501,470.6444,0.01089009,0.1305044,0.06510538,0.1393972,-0.06033279,0.9883969,3.458915,8.027689,0.003143745,0.03010804,0.0699648,-0.00208518,0.9970928,0.3,-1.311342E-08,2.065329,0.3071049,1
T2_EU_PS_B0_C1_P445711_S16_0821171052.csv,16235,1566375508539,470.683,0.01115198,0.1305691,0.06486435,0.1387272,-0.06003972,0.988509,3.442093,7.988705,359.9623,0.02993757,0.06963657,-0.002419736,0.9971202,0.3,-1.311342E-08,2.065105,0.3409232,1
T2_EU_PS_B0_C1_P445711_S16_0821171052.csv,16236,1566375508568,470.7112,0.01134462,0.1305887,0.06463441,0.1375404,-0.05985171,0.9886862,3.431301,7.919833,359.9147,0.02981642,0.06904982,-0.00280959,0.9971636,0.3,-1.311342E-08,2.064864,0.3941611,1
T2_EU_PS_B0_C1_P445711_S16_0821171052.csv,16237,1566375508602,470.7457,0.01153918,0.1306837,0.06445631,0.1368201,-0.05865251,0.988858,3.362471,7.877529,359.8712,0.02919239,0.06869356,-0.003136178,0.9972057,0.3,-1.311342E-08,2.064634,0.4706381,1
T2_EU_PS_B0_C1_P445711_S16_0821171052.csv,16238,1566375508634,470.7776,0.01179023,0.1307078,0.06423356,0.1371501,-0.05801031,0.9888502,3.325613,7.896348,359.8965,0.02888629,0.06885125,-0.002899181,0.9972045,0.3,-1.311342E-08,2.064456,0.4821389,1
T2_EU_PS_B0_C1_P445711_S16_0821171052.csv,16239,1566375508669,470.8132,0.0120963,0.1306359,0.06399773,0.1374042,-0.05859627,0.9887803,3.359243,7.911347,359.9033,0.02918271,0.0689797,-0.002863324,0.997187,0.3,-1.311342E-08,2.064234,0.4396856,1
T2_EU_PS_B0_C1_P445711_S16_0821171052.csv,16240,1566375508700,470.8439,0.01241333,0.13068,0.06390306,0.1379647,-0.05749523,0.9887669,3.296052,7.943316,359.8765,0.02861581,0.06926523,-0.003066625,0.9971831,0.3,-1.311342E-08,2.063998,0.4693892,1
T2_EU_PS_B0_C1_P445711_S16_0821171052.csv,16241,1566375508735,470.8789,0.01271604,0.1306508,0.06382817,0.1385231,-0.05747543,0.98869,3.294915,7.975662,359.8442,0.02858545,0.06955478,-0.003355039,0.9971629,0.3,-1.311342E-08,2.063903,0.4502396,1
T2_EU_PS_B0_C1_P445711_S16_0821171052.csv,16242,1566375508767,470.9104,0.01309135,0.1305665,0.06364167,0.1382658,-0.0590632,0.9886324,3.386043,7.961497,359.8596,0.02938815,0.06942705,-0.003273178,0.9971487,0.3,-1.311342E-08,2.063828,0.3700944,1
T2_EU_PS_B0_C1_P445711_S16_0821171052.csv,16243,1566375508807,470.9497,0.01332725,0.1305766,0.06368497,0.1384656,-0.05851876,0.9886369,3.354795,7.972817,359.7197,0.02903102,0.06956127,-0.004474254,0.9971452,0.3,-1.311342E-08,2.063642,0.3896677,1
T2_EU_PS_B0_C1_P445711_S16_0821171052.csv,16244,1566375508832,470.9762,0.01369119,0.1307015,0.06369738,0.1388603,-0.05772384,0.9886282,3.309172,7.99532,359.6967,0.02861914,0.06976267,-0.004652448,0.9971422,0.3,-1.311342E-08,2.063685,0.4205793,1
T2_EU_PS_B0_C1_P445711_S16_0821171052.csv,16245,1566375508869,471.0122,0.01387646,0.1304662,0.06354565,0.1410956,-0.06115841,0.9881051,3.506307,8.126563,359.6533,0.03030217,0.07091706,-0.005184739,0.9970084,0.3,-1.311342E-08,2.063697,0.1887116,1
T2_EU_PS_B0_C1_P445711_S16_0821171052.csv,16246,1566375508900,471.0434,0.01409623,0.1304837,0.06356674,0.1417624,-0.0603849,0.9880573,3.461906,8.164842,359.7579,0.02997916,0.07122243,-0.004257087,0.9970008,0.3,-1.311342E-08,2.063546,0.2349025,1
T2_EU_PS_B0_C1_P445711_S16_0821171052.csv,16247,1566375508941,471.084,0.01413909,0.1303008,0.06347562,0.1414954,-0.06116461,0.9880475,3.506663,8.149749,359.7385,0.0303571,0.07109624,-0.004449693,0.9969975,0.3,-1.311342E-08,2.063567,0.1845175,1
T2_EU_PS_B0_C1_P445711_S16_0821171052.csv,16248,1566375508967,471.1102,0.01418743,0.1302089,0.06335445,0.140448,-0.061889,0.9881518,3.548246,8.089382,359.7408,0.0307227,0.07057042,-0.00443859,0.9970237,0.3,-1.311342E-08,2.063476,0.1467098,1
T2_EU_PS_B0_C1_P445711_S16_0821171052.csv,16249,1566375509002,471.1451,0.01421104,0.1301439,0.0632686,0.1395431,-0.06238936,0.9882486,3.57697,8.03717,359.7513,0.03098108,0.07011331,-0.00435066,0.9970484,0.3,-1.311342E-08,2.063354,0.1440177,1
T2_EU_PS_B0_C1_P445711_S16_0821171052.csv,16250,1566375509034,471.177,0.01431176,0.1301383,0.06313533,0.1388304,-0.06299657,0.9883105,3.611829,7.996157,359.7625,0.03129271,0.06975342,-0.004264238,0.9970642,0.3,-1.311342E-08,2.063269,0.1506579,1
T2_EU_PS_B0_C1_P445711_S16_0821171052.csv,16251,1566375509069,471.2123,0.01435164,0.1302413,0.06312136,0.1374897,-0.06131772,0.9886034,3.515452,7.917607,359.6714,0.03040209,0.06909417,-0.004977063,0.9971344,0.3,-1.311342E-08,2.063135,0.272681,1
T2_EU_PS_B0_C1_P445711_S16_0821171052.csv,16252,1566375509100,471.2437,0.01439863,0.1301531,0.06310177,0.1370583,-0.06089146,0.9886897,3.490983,7.892395,359.5261,0.03010292,0.06891284,-0.006219833,0.9971491,0.3,-1.311342E-08,2.063121,0.3045456,1
T2_EU_PS_B0_C1_P445711_S16_0821171052.csv,16253,1566375509135,471.279,0.01440694,0.1301003,0.06309707,0.1372139,-0.06208323,0.9885939,3.559396,7.902,359.6501,0.03077236,0.06896437,-0.005184402,0.997131,0.3,-1.311342E-08,2.063102,0.2564087,1
T2_EU_PS_B0_C1_P445711_S16_0821171052.csv,16254,1566375509166,471.3097,0.01426513,0.1299316,0.06311334,0.1373253,-0.06321255,0.9885069,3.624229,7.90902,359.7295,0.03138399,0.06900423,-0.004534768,0.9971123,0.3,-1.311342E-08,2.063097,0.2272819,1
T2_EU_PS_B0_C1_P445711_S16_0821171052.csv,16255,1566375509207,471.3495,0.01410836,0.1298551,0.0631385,0.1357403,-0.06344776,0.9887108,3.637732,7.817281,359.7727,0.03153086,0.06819408,-0.0041412,0.9971651,0.3,-1.311342E-08,2.063113,0.3202056,1
T2_EU_PS_B0_C1_P445711_S16_0821171052.csv,16256,1566375509234,471.3768,0.01395132,0.1297898,0.06318852,0.1347064,-0.06358398,0.9888434,3.645553,7.757436,359.7511,0.03158828,0.06767926,-0.00431792,0.9971976,0.3,-1.311342E-08,2.063138,0.3820612,1
T2_EU_PS_B0_C1_P445711_S16_0821171052.csv,16257,1566375509268,471.4119,0.01392319,0.1295069,0.06309804,0.1348516,-0.06532786,0.9887099,3.745678,7.766729,359.8408,0.03251225,0.06773469,-0.003599202,0.997167,0.3,-1.311342E-08,2.063189,0.3805216,1
T2_EU_PS_B0_C1_P445711_S16_0821171052.csv,16258,1566375509300,471.4433,0.01388388,0.1295896,0.06303035,0.1345813,-0.06524722,0.9887521,3.741048,7.751023,359.8365,0.03246996,0.06759925,-0.00362875,0.9971775,0.3,-1.311342E-08,2.063098,0.3951527,1
T2_EU_PS_B0_C1_P445711_S16_0821171052.csv,16259,1566375509333,471.4787,0.01386218,0.1296391,0.06294957,0.1335004,-0.06433897,0.9889581,3.6889,7.687942,359.7805,0.03198535,0.06706627,-0.004067899,0.9972274,0.3,-1.311342E-08,2.06303,0.4528397,1
T2_EU_PS_B0_C1_P445711_S16_0821171052.csv,16260,1566375509368,471.5115,0.01397195,0.1296171,0.06288954,0.1333114,-0.0640008,0.9890056,3.669484,7.676822,359.7873,0.03182077,0.06696765,-0.003994016,0.9972396,0.3,-1.311342E-08,2.06295,0.4605518,1
T2_EU_PS_B0_C1_P445711_S16_0821171052.csv,16261,1566375509402,471.5454,0.0141043,0.1295211,0.06282301,0.1334313,-0.06487809,0.9889322,3.719853,7.684203,359.7446,0.03223385,0.06704379,-0.004397496,0.9972196,0.3,-1.311342E-08,2.06289,0.4532716,1
T2_EU_PS_B0_C1_P445711_S16_0821171052.csv,16262,1566375509433,471.5761,0.01424464,0.1293821,0.06268485,0.1342877,-0.06630319,0.9887217,3.801682,7.734557,359.7266,0.0329334,0.06748716,-0.004616184,0.9971658,0.3,-1.311342E-08,2.062823,0.4191812,1
T2_EU_PS_B0_C1_P445711_S16_0821171052.csv,16263,1566375509471,471.6125,0.01437012,0.1294,0.06250278,0.1344836,-0.06655657,0.9886781,3.816232,7.746038,359.7179,0.0330544,0.0675896,-0.004704127,0.9971544,0.3,-1.311342E-08,2.062685,0.4092611,1
T2_EU_PS_B0_C1_P445711_S16_0821171052.csv,16264,1566375509500,471.6432,0.01450382,0.1293675,0.06228266,0.1344745,-0.06637236,0.9886917,3.805654,7.745419,359.6829,0.03294174,0.06759425,-0.005002097,0.9971564,0.3,-1.311342E-08,2.062503,0.4025119,1
T2_EU_PS_B0_C1_P445711_S16_0821171052.csv,16265,1566375509537,471.6805,0.01474751,0.1294204,0.06204348,0.1346968,-0.06571256,0.9887055,3.767768,7.757958,359.6594,0.03259762,0.06770988,-0.005187845,0.9971589,0.3,-1.311342E-08,2.062283,0.3727285,1
T2_EU_PS_B0_C1_P445711_S16_0821171052.csv,16266,1566375509567,471.7109,0.01487776,0.129442,0.06175757,0.1355245,-0.06546655,0.9886087,3.753642,7.805798,359.6622,0.03247421,0.06812529,-0.005168566,0.9971347,0.3,-1.311342E-08,2.062043,0.3183671,1
T2_EU_PS_B0_C1_P445711_S16_0821171052.csv,16267,1566375509602,471.7452,0.0151733,0.1293915,0.06143651,0.1365768,-0.06496438,0.988497,3.724808,7.866529,359.6753,0.0322284,0.06864988,-0.005054774,0.9971073,0.3,-1.311342E-08,2.061758,0.2446942,1
T2_EU_PS_B0_C1_P445711_S16_0821171052.csv,16268,1566375509633,471.7764,0.01533386,0.1295368,0.06112776,0.1372862,-0.06410433,0.9884549,3.675428,7.907207,359.6002,0.0317517,0.0690244,-0.005690116,0.9970933,0.3,-1.311342E-08,2.061436,0.191797,1
T2_EU_PS_B0_C1_P445711_S16_0821171052.csv,16269,1566375509667,471.8108,0.01559418,0.1293978,0.06076419,0.1382616,-0.06437606,0.9883013,3.691029,7.963889,359.6297,0.03190253,0.06950955,-0.005458605,0.9970561,0.3,-1.311342E-08,2.061128,0.1297215,1
T2_EU_PS_B0_C1_P445711_S16_0821171052.csv,16270,1566375509702,471.8446,0.01574285,0.1295122,0.06043826,0.1402483,-0.06301019,0.9881094,3.612611,8.078376,359.5151,0.03114427,0.07053616,-0.006439134,0.9970021,0.3,-1.311342E-08,2.060764,0.05934703,1
T2_EU_PS_B0_C1_P445711_S16_0821171052.csv,16271,1566375509734,471.8791,0.01583361,0.1298102,0.06026746,0.1409991,-0.06043496,0.9881634,3.464779,8.120608,359.5143,0.02985519,0.07090118,-0.006366204,0.9970161,0.3,-1.311342E-08,2.060438,0.2148914,1
T2_EU_PS_B0_C1_P445711_S16_0821171052.csv,16272,1566375509766,471.9104,0.0157358,0.129704,0.05995186,0.1410577,-0.06275211,0.9880106,3.597795,8.125177,359.4569,0.03097669,0.07095885,-0.006949107,0.9969739,0.3,-1.311342E-08,2.060267,0.08392937,1
T2_EU_PS_B0_C1_P445711_S16_0821171052.csv,16273,1566375509801,471.9443,0.01549235,0.1298202,0.05980249,0.140283,-0.06038716,0.9882682,3.462036,8.079063,359.5824,0.02987549,0.07052194,-0.005761864,0.9970461,0.3,-1.311342E-08,2.059952,0.2158,1
T2_EU_PS_B0_C1_P445711_S16_0821171052.csv,16274,1566375509833,471.9763,0.01523214,0.1298937,0.05961047,0.1387046,-0.0593357,0.9885547,3.401683,7.987055,359.6101,0.02937185,0.06971344,-0.005459572,0.9971197,0.3,-1.311342E-08,2.059803,0.3006659,1
T2_EU_PS_B0_C1_P445711_S16_0821171052.csv,16275,1566375509873,472.012,0.01504403,0.1297268,0.0593827,0.1374896,-0.06043456,0.9886578,3.464756,7.917172,359.636,0.02993963,0.0690993,-0.005254388,0.9971466,0.3,-1.311342E-08,2.05961,0.2825486,1
T2_EU_PS_B0_C1_P445711_S16_0821171052.csv,16276,1566375509901,472.0432,0.01493052,0.1296815,0.05912558,0.1378411,-0.06131829,0.9885545,3.515485,7.937973,359.656,0.03039221,0.06927546,-0.005116148,0.9971214,0.3,-1.311342E-08,2.059383,0.234068,1
T2_EU_PS_B0_C1_P445711_S16_0821171052.csv,16277,1566375509935,472.0783,0.01490619,0.129832,0.05894918,0.1378947,-0.05976427,0.9886422,3.426282,7.940322,359.6479,0.029611,0.0692973,-0.00513322,0.9971433,0.3,-1.311342E-08,2.059126,0.3039024,1
T2_EU_PS_B0_C1_P445711_S16_0821171052.csv,16278,1566375509966,472.1093,0.01488754,0.1300098,0.05877979,0.1378092,-0.0577573,0.9887733,3.311092,7.934423,359.6419,0.02860524,0.06924643,-0.005114797,0.9971763,0.3,-1.311342E-08,2.058949,0.4116447,1
T2_EU_PS_B0_C1_P445711_S16_0821171052.csv,16279,1566375510004,472.1469,0.01479124,0.1298968,0.05859387,0.1378527,-0.05731923,0.9887928,3.285951,7.936742,359.4897,0.0282943,0.06930403,-0.006425101,0.9971736,0.3,-1.311342E-08,2.05878,0.4306931,1
T2_EU_PS_B0_C1_P445711_S16_0821171052.csv,16280,1566375510033,472.1763,0.01480667,0.1300429,0.05862492,0.1384014,-0.05611189,0.9887854,3.216664,7.967985,359.6073,0.02776102,0.06954594,-0.005367232,0.997178,0.3,-1.311342E-08,2.058594,0.4893896,1
T2_EU_PS_B0_C1_P445711_S16_0821171052.csv,16281,1566375510068,472.2115,0.01471861,0.1300662,0.05866943,0.1391256,-0.05674038,0.9886479,3.252732,8.010242,359.5818,0.02805731,0.06992035,-0.005621621,0.9971421,0.3,-1.311342E-08,2.058625,0.4441136,1
T2_EU_PS_B0_C1_P445711_S16_0821171052.csv,16282,1566375510100,472.2426,0.01454633,0.1298548,0.05866294,0.1387987,-0.05923593,0.9885474,3.395957,7.99246,359.6384,0.02933894,0.06975318,-0.005211853,0.9971192,0.3,-1.311342E-08,2.058669,0.3102743,1
T2_EU_PS_B0_C1_P445711_S16_0821171052.csv,16283,1566375510134,472.2774,0.01435167,0.1300071,0.05881112,0.1383384,-0.05742673,0.9887187,3.29212,7.964938,359.6362,0.02843532,0.0695132,-0.005160628,0.9971623,0.3,-1.311342E-08,2.058663,0.4228991,1
T2_EU_PS_B0_C1_P445711_S16_0821171052.csv,16284,1566375510166,472.3093,0.01409692,0.1300426,0.05899327,0.1373026,-0.05670341,0.9889048,3.25061,7.904587,359.6369,0.0280772,0.06898742,-0.005114887,0.9972093,0.3,-1.311342E-08,2.058811,0.4905876,1
T2_EU_PS_B0_C1_P445711_S16_0821171052.csv,16285,1566375510202,472.3447,0.01385766,0.1299631,0.05909022,0.1372686,-0.05825279,0.9888195,3.33953,7.903331,359.6481,0.0288578,0.06897459,-0.00507051,0.9971881,0.3,-1.311342E-08,2.058993,0.4159008,1
T2_EU_PS_B0_C1_P445711_S16_0821171052.csv,16286,1566375510234,472.3772,0.01376323,0.1301051,0.0593379,0.1374154,-0.0566246,0.9888937,3.246087,7.911087,359.6928,0.02807125,0.06903024,-0.004626994,0.9972088,0.3,-1.311342E-08,2.05909,0.4973219,1
T2_EU_PS_B0_C1_P445711_S16_0821171052.csv,16287,1566375510269,472.4113,0.01361318,0.1300587,0.05962564,0.1382621,-0.056717,0.9887704,3.25139,7.960188,359.7534,0.02815214,0.0694427,-0.004114881,0.9971802,0.3,-1.311342E-08,2.059338,0.4714689,1
T2_EU_PS_B0_C1_P445711_S16_0821171052.csv,16288,1566375510300,472.4426,0.01352837,0.1299044,0.05992027,0.1375966,-0.05834514,0.9887685,3.34483,7.922376,359.7465,0.02896243,0.06911553,-0.004222452,0.9971793,0.3,-1.311342E-08,2.059626,0.4059006,1
T2_EU_PS_B0_C1_P445711_S16_0821171052.csv,16289,1566375510333,472.4773,0.01346267,0.1299629,0.0602697,0.1372984,-0.05872708,0.9887873,3.366751,7.905277,359.7372,0.02914826,0.06896912,-0.004311668,0.9971836,0.3,-1.311342E-08,2.05992,0.4010509,1
T2_EU_PS_B0_C1_P445711_S16_0821171052.csv,16290,1566375510366,472.5093,0.01350484,0.1299978,0.06071282,0.1386318,-0.057688,0.9886624,3.307115,7.982062,359.6894,0.02859733,0.06964912,-0.004711619,0.9971505,0.3,-1.311342E-08,2.06027,0.4125943,1
T2_EU_PS_B0_C1_P445711_S16_0821171052.csv,16291,1566375510403,472.5469,0.01362135,0.1299923,0.06117509,0.139789,-0.05860164,0.9884457,3.359552,8.049561,359.7206,0.02906997,0.07022884,-0.004488742,0.9970971,0.3,-1.311342E-08,2.060713,0.3374619,1
T2_EU_PS_B0_C1_P445711_S16_0821171052.csv,16292,1566375510431,472.5752,0.0136218,0.1298615,0.06163082,0.140626,-0.06015879,0.9882334,3.448927,8.098841,359.7236,0.02984756,0.07065711,-0.004529859,0.9970437,0.3,-1.311342E-08,2.061175,0.2349025,1
T2_EU_PS_B0_C1_P445711_S16_0821171052.csv,16293,1566375510467,472.6106,0.01356589,0.1298497,0.06222859,0.1403081,-0.06029851,0.98827,3.456947,8.080475,359.7086,0.02990883,0.07050125,-0.004660712,0.9970523,0.3,-1.311342E-08,2.061631,0.23239,1
T2_EU_PS_B0_C1_P445711_S16_0821171052.csv,16294,1566375510499,472.6424,0.01353496,0.1298542,0.062906,0.1406197,-0.06035603,0.9882222,3.460249,8.09857,359.701,0.02993214,0.07066069,-0.004733596,0.99704,0.3,-1.311342E-08,2.062229,0.2246844,1
T2_EU_PS_B0_C1_P445711_S16_0821171052.csv,16295,1566375510538,472.6815,0.01355744,0.1296991,0.06352263,0.1412692,-0.06262625,0.9879884,3.590569,8.137375,359.8079,0.03113059,0.0709698,-0.003894602,0.996985,0.3,-1.311342E-08,2.062906,0.08622923,1
T2_EU_PS_B0_C1_P445711_S16_0821171052.csv,16296,1566375510566,472.7091,0.01347359,0.1295539,0.06412588,0.1409896,-0.06445619,0.9879106,3.69563,8.122114,359.7711,0.03202248,0.07084676,-0.004274538,0.9969639,0.3,-1.311342E-08,2.063523,0.04423466,1
T2_EU_PS_B0_C1_P445711_S16_0821171052.csv,16297,1566375510602,472.7449,0.01344129,0.1298179,0.06485585,0.1404358,-0.06207268,0.9881421,3.558791,8.088769,359.7599,0.03082622,0.07055996,-0.004278929,0.997022,0.3,-1.311342E-08,2.064126,0.1356209,1
T2_EU_PS_B0_C1_P445711_S16_0821171052.csv,16298,1566375510632,472.7754,0.01343163,0.1297944,0.06540759,0.1412698,-0.06413445,0.9878915,3.677157,8.138198,359.7081,0.03182208,0.07100426,-0.004816391,0.9969567,0.3,-1.311342E-08,2.064856,0.01978234,1
T2_EU_PS_B0_C1_P445711_S16_0821171052.csv,16299,1566375510664,472.8113,0.01344702,0.1296681,0.06596228,0.1427601,-0.06534617,0.9875978,3.74673,8.225293,359.8132,0.03248951,0.07173232,-0.003969331,0.9968867,0.3,-1.311342E-08,2.065408,0.09891172,1
T2_EU_PS_B0_C1_P445711_S16_0821171052.csv,16300,1566375510700,472.8431,0.01332848,0.1294543,0.06638625,0.1428708,-0.06664195,0.9874952,3.821134,8.232427,359.8458,0.03315695,0.07178447,-0.003734394,0.9968619,0.3,-1.311342E-08,2.065962,0.1713202,1
T2_EU_PS_B0_C1_P445711_S16_0821171052.csv,16301,1566375510735,472.8785,0.0130713,0.1295337,0.06676424,0.1411417,-0.06680809,0.9877326,3.830675,8.132206,359.8141,0.03322355,0.07092172,-0.003987646,0.9969205,0.3,-1.311342E-08,2.066386,0.165511,1
T2_EU_PS_B0_C1_P445711_S16_0821171052.csv,16302,1566375510766,472.9097,0.01289572,0.1296603,0.06695639,0.1398875,-0.0664788,0.9879332,3.811766,8.059281,359.8468,0.03308166,0.07027795,-0.003669922,0.996972,0.3,-1.311342E-08,2.066764,0.1780411,1
T2_EU_PS_B0_C1_P445711_S16_0821171052.csv,16303,1566375510800,472.9437,0.01278115,0.129681,0.06703398,0.1397023,-0.06622756,0.9879763,3.797339,8.048409,359.8329,0.03294797,0.07018747,-0.003778853,0.9969824,0.3,-1.311342E-08,2.066956,0.174713,1
T2_EU_PS_B0_C1_P445711_S16_0821171052.csv,16304,1566375510834,472.9769,0.01279993,0.1299729,0.06707519,0.1400041,-0.06266417,0.988166,3.592746,8.064034,359.871,0.03119078,0.0703145,-0.003326433,0.9970316,0.3,-1.311342E-08,2.067034,0.1384764,1
T2_EU_PS_B0_C1_P445711_S16_0821171052.csv,16305,1566375510867,473.0107,0.012717,0.1300505,0.06699274,0.1400493,-0.0621314,0.9881933,3.562162,8.066384,359.7723,0.030864,0.07036185,-0.004167097,0.9970353,0.3,-1.311342E-08,2.067075,0.1607126,1
T2_EU_PS_B0_C1_P445711_S16_0821171052.csv,16306,1566375510899,473.0422,0.01271014,0.1301222,0.0668422,0.1398071,-0.06206236,0.9882319,3.558198,8.052312,359.809,0.03085249,0.07022954,-0.00384199,0.9970462,0.3,-1.311342E-08,2.066993,0.174713,1
T2_EU_PS_B0_C1_P445711_S16_0821171052.csv,16307,1566375510933,473.0767,0.0127461,0.1303236,0.06664173,0.1408022,-0.06044283,0.9881909,3.465231,8.109194,359.7663,0.03001536,0.07073606,-0.00417124,0.9970347,0.3,-1.311342E-08,2.066842,0.2332305,1
T2_EU_PS_B0_C1_P445711_S16_0821171052.csv,16308,1566375510966,473.11,0.01275089,0.1304765,0.06642111,0.141449,-0.05882598,0.9881962,3.372428,8.145905,359.7548,0.02919943,0.07105847,-0.004223596,0.9970357,0.3,-1.311342E-08,2.066642,0.3232465,1
SUMMARY:
dwellCount,eachTime,totalTime
1
0,5.628693
5.628693