UDPTimeStamp,PupilTimeStamp,ImuTimeStamp,QuatI,QuatJ,QuatK,QuatReal,QuatRadianAccuracy,pIntersectX,pIntersectZ,angleX,angleY,angleZ
-1565660938182.0,2256988.0,0.0,0.04462,0.00739,-0.85223,0.52124,0.01849,-194.73126,-7.4291363,-1.950673570783299,-4.804547433378088,27.0183452966903
-1565660938176.0,2256988.0,6.0,0.04462,0.00739,-0.85223,0.52124,0.01849,-194.73126,-7.4291363,-1.950673570783299,-4.804547433378088,27.0183452966903
-1565660938172.0,2256999.0,10.0,0.04462,0.00739,-0.85223,0.52124,0.01849,-194.73126,-7.4291363,-1.950673570783299,-4.804547433378088,27.0183452966903
-1565660938165.0,2256999.0,17.0,0.04456,0.00739,-0.85217,0.52124,0.01849,-194.80925,-7.4191303,-1.9471092814577258,-4.798359845642785,27.00947855877432
-1565660938159.0,2257008.0,23.0,0.04456,0.00739,-0.85217,0.5213,0.01849,-194.83167,-7.4203024,-1.9474165535050043,-4.79841083424404,27.006808317318743
-1565660938156.0,2257015.0,26.0,0.04456,0.00739,-0.85217,0.5213,0.01849,-194.83167,-7.4203024,-1.9474165535050043,-4.79841083424404,27.006808317318743
-1565660938144.0,2257024.0,38.0,0.04449,0.00739,-0.85217,0.5213,0.01849,-194.83679,-7.404513,-1.9431983922711764,-4.7915512226513,27.006781304157613
-1565660938140.0,2257024.0,42.0,0.04449,0.00739,-0.85217,0.5213,0.01843,-194.83679,-7.404513,-1.9431983922711764,-4.7915512226513,27.006781304157613
-1565660938138.0,2257033.0,44.0,0.04449,0.00739,-0.85217,0.52136,0.01843,-194.85919,-7.4056816,-1.9435051792022167,-4.791602210744295,27.004111555883597
-1565660938132.0,2257033.0,50.0,0.04449,0.00739,-0.85211,0.52136,0.01843,-194.93279,-7.409194,-1.9435561379556454,-4.7912952473028145,26.99526728079516
-1565660938128.0,2257040.0,54.0,0.04443,0.00739,-0.85211,0.52142,0.01843,-194.95953,-7.396819,-1.9402466238742526,-4.7854670388267415,26.992575477131524
-1565660938121.0,2257048.0,61.0,0.04443,0.00739,-0.85211,0.52142,0.01843,-194.95953,-7.396819,-1.9402466238742526,-4.7854670388267415,26.992575477131524
-1565660938116.0,2257048.0,66.0,0.04443,0.00739,-0.85205,0.52148,0.01843,-195.05571,-7.4015026,-1.9406039532404669,-4.785211479727755,26.981062334065953
-1565660938110.0,2257057.0,72.0,0.04443,0.00739,-0.85205,0.52148,0.01843,-195.05571,-7.4015026,-1.9406039532404669,-4.785211479727755,26.981062334065953
-1565660938105.0,2257063.0,77.0,0.04437,0.00739,-0.85205,0.52155,0.01843,-195.08629,-7.3893137,-1.9373442739972935,-4.779392234891193,26.977927655724727
-1565660938100.0,2257072.0,82.0,0.04437,0.00739,-0.85205,0.52155,0.01843,-195.08629,-7.3893137,-1.9373442739972935,-4.779392234891193,26.977927655724727
-1565660938094.0,2257072.0,88.0,0.04437,0.00745,-0.85205,0.52155,0.01843,-195.08745,-7.3668866,-1.9314723603447155,-4.782990670114934,26.9781577692235
-1565660938089.0,2257083.0,93.0,0.04431,0.00745,-0.85205,0.52155,0.01843,-195.0918,-7.3533306,-1.9278553695988838,-4.777111959290059,26.978134451892984
-1565660938081.0,2257083.0,101.0,0.04431,0.00745,-0.85199,0.52161,0.01843,-195.18805,-7.357994,-1.9282122834493653,-4.7768576452105656,26.966622346804044
-1565660938076.0,2257093.0,106.0,0.04425,0.00751,-0.85199,0.52161,0.01843,-195.19359,-7.321994,-1.9187234983345622,-4.774578205971331,26.966829482380717
-1565660938070.0,2257100.0,112.0,0.04425,0.00751,-0.85199,0.52161,0.01843,-195.19359,-7.321994,-1.9187234983345622,-4.774578205971331,26.966829482380717
-1565660938064.0,2257100.0,118.0,0.04419,0.00751,-0.85199,0.52167,0.01843,-195.22037,-7.3095927,-1.91541101520001,-4.76875179553968,26.964140511922963
-1565660938060.0,2257110.0,122.0,0.04419,0.00751,-0.85199,0.52167,0.01843,-195.22037,-7.3095927,-1.91541101520001,-4.76875179553968,26.964140511922963
-1565660938054.0,2257117.0,128.0,0.04413,0.00757,-0.85199,0.52167,0.01843,-195.22586,-7.2735877,-1.9059220558082783,-4.766472797180353,26.964347796062853
-1565660938045.0,2257125.0,137.0,0.04413,0.00757,-0.85199,0.52167,0.01843,-195.22586,-7.2735877,-1.9059220558082783,-4.766472797180353,26.964347796062853
-1565660938044.0,2257125.0,138.0,0.04407,0.00757,-0.85199,0.52167,0.01843,-195.2302,-7.2600183,-1.9023046537407096,-4.760594641785387,26.964324115062055
-1565660938038.0,2257133.0,144.0,0.04407,0.00763,-0.85199,0.52167,0.01843,-195.23137,-7.2375803,-1.8964332140885856,-4.764193806379635,26.96455544397945
-1565660938032.0,2257133.0,150.0,0.04395,0.00763,-0.85193,0.52173,0.01843,-195.33632,-7.215031,-1.889554407336628,-4.752187005367748,26.95299642782335
-1565660938027.0,2257141.0,155.0,0.04395,0.00769,-0.85193,0.52173,0.01843,-195.33748,-7.1925836,-1.8836834126889033,-4.755786539955485,26.953228089130505
-1565660938021.0,2257148.0,161.0,0.04388,0.00769,-0.85193,0.52173,0.01843,-195.3425,-7.1767387,-1.8794630175447344,-4.748929286274913,26.953200032285082
-1565660938016.0,2257156.0,166.0,0.04382,0.00769,-0.85193,0.52179,0.01843,-195.36931,-7.1643143,-1.8761477894329537,-4.743104748760306,26.950512017010723
-1565660938010.0,2257156.0,172.0,0.04376,0.00775,-0.85193,0.52179,0.01843,-195.37477,-7.128281,-1.8666591489173354,-4.740827077089485,26.95071974732501
-1565660938004.0,2257167.0,178.0,0.04376,0.00775,-0.85193,0.52179,0.01843,-195.37477,-7.128281,-1.8666591489173354,-4.740827077089485,26.95071974732501
-1565660937998.0,2257167.0,184.0,0.0437,0.00781,-0.85187,0.52185,0.01843,-195.4767,-7.096791,-1.8575258091211975,-4.738301805193311,26.93941737914355
-1565660937993.0,2257176.0,189.0,0.0437,0.00781,-0.85187,0.52185,0.01843,-195.4767,-7.096791,-1.8575258091211975,-4.738301805193311,26.93941737914355
-1565660937989.0,2257176.0,193.0,0.04364,0.00787,-0.85187,0.52185,0.01843,-195.48215,-7.060738,-1.8480374013782486,-4.736024977238418,26.939625815024442
-1565660937981.0,2257184.0,201.0,0.04358,0.00793,-0.85181,0.52191,0.01843,-195.58414,-7.0291996,-1.8389042950666132,-4.733502206529739,26.928323897005185
-1565660937975.0,2257194.0,207.0,0.04352,0.008,-0.85181,0.52197,0.01843,-195.61224,-6.99053,-1.8287378561327328,-4.7318815242026835,26.925910652203058
-1565660937970.0,2257202.0,212.0,0.04352,0.008,-0.85181,0.52203,0.01843,-195.63472,-6.991679,-1.8290379479942571,-4.731936716267699,26.923249692935357
-1565660937964.0,2257202.0,218.0,0.04346,0.00806,-0.85175,0.52203,0.01843,-195.71425,-6.9589376,-1.819604637606203,-4.729361735160522,26.91461033410522
-1565660937958.0,2257202.0,224.0,0.04346,0.00812,-0.85175,0.52209,0.01843,-195.73787,-6.937608,-1.8140345859270781,-4.733019240522608,26.91218567849897
-1565660937954.0,2257216.0,228.0,0.04346,0.00818,-0.85175,0.52209,0.01843,-195.73901,-6.9151306,-1.8081648207823635,-4.736621158829242,26.912421662062414
-1565660937948.0,2257223.0,234.0,0.0434,0.00824,-0.85168,0.52216,0.01843,-195.85735,-6.8842363,-1.7990914786999148,-4.7340638218070294,26.89920535879274
-1565660937942.0,2257229.0,240.0,0.0434,0.0083,-0.85168,0.52222,0.01843,-195.88098,-6.862896,-1.7935214333985834,-4.737723490734323,26.896784333828236
-1565660937938.0,2257234.0,244.0,0.0434,0.00848,-0.85162,0.52228,0.01837,-195.98114,-6.799857,-1.7762710319244392,-4.748291147093951,26.885992035853107
-1565660937930.0,2257234.0,252.0,0.04333,0.00854,-0.85156,0.52234,0.01837,-196.0843,-6.765865,-1.76653628957998,-4.744799715106417,26.874692497104064
-1565660937925.0,2257244.0,257.0,0.04333,0.00861,-0.85156,0.5224,0.01837,-196.10817,-6.740754,-1.7599883593416437,-4.749063440805654,26.872317543538614
-1565660937920.0,2257244.0,262.0,0.04333,0.00867,-0.85156,0.5224,0.01837,-196.10931,-6.718249,-1.7541196966889916,-4.752667581553597,26.872559008549175
-1565660937915.0,2257254.0,267.0,0.04327,0.00879,-0.8515,0.52246,0.01837,-196.21288,-6.66396,-1.739120614470072,-4.753762901874756,26.861508923156094
-1565660937909.0,2257254.0,273.0,0.04327,0.00885,-0.8515,0.52246,0.01837,-196.214,-6.6414466,-1.7332522912291966,-4.757367481159056,26.861752393115296
-1565660937904.0,2257264.0,278.0,0.04321,0.00891,-0.8515,0.52252,0.01837,-196.24193,-6.6064124,-1.724060988260725,-4.7551588237773155,26.859314485007104
-1565660937898.0,2257269.0,284.0,0.04315,0.00897,-0.8515,0.52252,0.01837,-196.24731,-6.570232,-1.7145714028436907,-4.752889115398479,26.85953125676008
-1565660937893.0,2257275.0,289.0,0.04309,0.00916,-0.85144,0.52258,0.01837,-196.35222,-6.489568,-1.6927274022226293,-4.758196129086566,26.84877488932733
-1565660937886.0,2257284.0,296.0,0.04303,0.00922,-0.85144,0.52258,0.01837,-196.35759,-6.453367,-1.6832380277953596,-4.7559272386080025,26.84899357276744
-1565660937881.0,2257284.0,301.0,0.04303,0.00928,-0.85144,0.52258,0.01837,-196.35873,-6.4308424,-1.6773699846514143,-4.75953265713658,26.849241539730144
-1565660937876.0,2257295.0,306.0,0.04297,0.00934,-0.85144,0.52264,0.01837,-196.3866,-6.395774,-1.6681770505513596,-4.757328201358656,26.846808164037085
-1565660937869.0,2257303.0,313.0,0.04297,0.0094,-0.85144,0.52264,0.01837,-196.38773,-6.373249,-1.6623089663350374,-4.76093404118355,26.847057392297472
-1565660937863.0,2257303.0,319.0,0.04291,0.00946,-0.85138,0.52271,0.01837,-196.49408,-6.3414726,-1.6532298726566879,-4.758445652761481,26.835329629505722
-1565660937857.0,2257309.0,325.0,0.04285,0.00952,-0.85138,0.52271,0.01837,-196.4994,-6.305246,-1.643740335246681,-4.7561780723182405,26.835550468693228
-1565660937853.0,2257316.0,329.0,0.04285,0.00958,-0.85138,0.52277,0.01837,-196.52306,-6.2838445,-1.63816813113536,-4.759850484238449,26.833150068308157
-1565660937847.0,2257322.0,335.0,0.04279,0.00964,-0.85132,0.52283,0.01837,-196.62567,-6.2518187,-1.629039865438959,-4.757354602535727,26.821866491359202
-1565660937842.0,2257322.0,340.0,0.04279,0.0097,-0.85132,0.52283,0.01837,-196.6268,-6.2292747,-1.6231725221728286,-4.760961753365682,26.82211876924785
-1565660937836.0,2257335.0,346.0,0.04279,0.0097,-0.85132,0.52283,0.01837,-196.6268,-6.2292747,-1.6231725221728286,-4.760961753365682,26.82211876924785
-1565660937831.0,2257335.0,351.0,0.04272,0.00977,-0.85126,0.52289,0.01843,-196.73048,-6.191168,-1.6124631628222121,-4.758090351773518,26.810872988232504
-1565660937826.0,2257344.0,356.0,0.04272,0.00977,-0.85126,0.52289,0.01843,-196.73048,-6.191168,-1.6124631628222121,-4.758090351773518,26.810872988232504
-1565660937820.0,2257351.0,362.0,0.04272,0.00977,-0.85126,0.52289,0.01843,-196.73048,-6.191168,-1.6124631628222121,-4.758090351773518,26.810872988232504
-1565660937814.0,2257351.0,368.0,0.04266,0.00983,-0.85126,0.52295,0.01843,-196.75836,-6.1560326,-1.603267751830875,-4.755892661876986,26.808447134198218
-1565660937809.0,2257359.0,373.0,0.04266,0.00983,-0.85126,0.52295,0.01843,-196.75836,-6.1560326,-1.603267751830875,-4.755892661876986,26.808447134198218
-1565660937803.0,2257368.0,379.0,0.04266,0.00989,-0.85126,0.52295,0.01843,-196.75949,-6.1334786,-1.5974007740243275,-4.759500632959528,26.808701293393156
-1565660937796.0,2257368.0,386.0,0.04266,0.00989,-0.8512,0.52295,0.01843,-196.83444,-6.1365094,-1.5974689814132452,-4.7592063095694215,26.799844424256946
-1565660937791.0,2257377.0,391.0,0.04266,0.00989,-0.8512,0.52301,0.01843,-196.85701,-6.13764,-1.59776319038169,-4.759274543461826,26.797196578673194
-1565660937787.0,2257377.0,395.0,0.0426,0.00989,-0.8512,0.52301,0.01843,-196.86115,-6.1239133,-1.5941398293399567,-4.753401899945155,26.797165816491415
-1565660937778.0,2257392.0,404.0,0.0426,0.00995,-0.8512,0.52301,0.01843,-196.86227,-6.101351,-1.5882732608357533,-4.757010271932569,26.79742050356782
-1565660937775.0,2257392.0,407.0,0.0426,0.00995,-0.8512,0.52301,0.01843,-196.86227,-6.101351,-1.5882732608357533,-4.757010271932569,26.79742050356782
-1565660937769.0,2257400.0,413.0,0.0426,0.01001,-0.8512,0.52301,0.01843,-196.8634,-6.078788,-1.5824066538409638,-4.760618662830929,26.797675931433133
-1565660937761.0,2257400.0,421.0,0.0426,0.01001,-0.8512,0.52295,0.01843,-196.84084,-6.077658,-1.5821128559061228,-4.760549600889901,26.80032383658977
-1565660937760.0,2257400.0,422.0,0.0426,0.01001,-0.85126,0.52295,0.01843,-196.76587,-6.074651,-1.5820438202760245,-4.760843510896755,26.809180687008975
-1565660937754.0,2257412.0,428.0,0.0426,0.01007,-0.85126,0.52295,0.01843,-196.76701,-6.052097,-1.576176757929261,-4.764451507940431,26.80943688115252
-1565660937748.0,2257420.0,434.0,0.04254,0.01013,-0.85126,0.52289,0.01843,-196.74979,-6.014696,-1.5663935335605952,-4.762116501439615,26.81231134776634
-1565660937743.0,2257428.0,439.0,0.04254,0.01013,-0.85132,0.52289,0.01843,-196.67488,-6.0117145,-1.5663236696545209,-4.762409998157186,26.821166887429243
-1565660937738.0,2257428.0,444.0,0.04254,0.01019,-0.85132,0.52283,0.01843,-196.65346,-5.9880424,-1.5601627545258507,-4.76594728509385,26.824074574142927
-1565660937730.0,2257435.0,452.0,0.04254,0.01019,-0.85132,0.52283,0.01843,-196.65346,-5.9880424,-1.5601627545258507,-4.76594728509385,26.824074574142927
-1565660937726.0,2257435.0,456.0,0.04254,0.01019,-0.85132,0.52277,0.01837,-196.6309,-5.986915,-1.559869365009996,-4.765876980734995,26.826725232205717
-1565660937718.0,2257453.0,464.0,0.04254,0.01025,-0.85138,0.52277,0.01843,-196.55728,-5.961411,-1.5539311029071334,-4.769777262175915,26.835838387079804
-1565660937713.0,2257453.0,469.0,0.04254,0.01025,-0.85138,0.52271,0.01843,-196.53476,-5.960286,-1.5536377109342736,-4.769706543461902,26.83849016561591
-1565660937710.0,2257453.0,472.0,0.04254,0.01025,-0.85138,0.52271,0.01843,-196.53476,-5.960286,-1.5536377109342736,-4.769706543461902,26.83849016561591
-1565660937704.0,2257468.0,478.0,0.04254,0.01025,-0.85144,0.52264,0.01843,-196.43375,-5.956015,-1.5532247274549762,-4.769917538228724,26.850438765682796
-1565660937696.0,2257468.0,486.0,0.0426,0.01025,-0.85144,0.52264,0.01843,-196.4296,-5.969709,-1.5568452518375,-4.775791978710401,26.85047070595229
-1565660937693.0,2257478.0,489.0,0.0426,0.01025,-0.85144,0.52258,0.01843,-196.40706,-5.968583,-1.5565514438517505,-4.775721259376547,26.85312414408027
-1565660937686.0,2257485.0,496.0,0.04266,0.01031,-0.8515,0.52246,0.01843,-196.28444,-5.954537,-1.553643568968825,-4.785353368832351,26.867578181759484
-1565660937682.0,2257485.0,500.0,0.04272,0.01031,-0.85156,0.52246,0.01843,-196.20572,-5.9652596,-1.5571918743751734,-4.7915231067559105,26.87646259855417
-1565660937676.0,2257491.0,506.0,0.04272,0.01038,-0.85156,0.5224,0.01843,-196.18452,-5.9378686,-1.5500495791292528,-4.795657064245847,26.87942277036595
-1565660937671.0,2257491.0,511.0,0.04279,0.01038,-0.85156,0.52234,0.01843,-196.1571,-5.9526887,-1.5539766771123227,-4.8024401877321345,26.8821172220956
-1565660937663.0,2257503.0,519.0,0.04279,0.01038,-0.85162,0.52234,0.01843,-196.08257,-5.9497333,-1.5539050843745763,-4.802735426661377,26.890968791273224
-1565660937660.0,2257503.0,522.0,0.04279,0.01044,-0.85162,0.52228,0.01843,-196.0612,-5.926101,-1.5477400386398334,-4.806267402171556,26.89388822807183
-1565660937655.0,2257513.0,527.0,0.04279,0.0105,-0.85168,0.52222,0.01843,-195.96552,-5.899541,-1.5415025267949034,-4.81009381013138,26.905659815308567
-1565660937649.0,2257521.0,533.0,0.04285,0.0105,-0.85168,0.52222,0.01843,-195.9614,-5.9132004,-1.5451203599363692,-4.81597025197801,26.905692598982895
-1565660937643.0,2257528.0,539.0,0.04285,0.01056,-0.85168,0.52216,0.01843,-195.94002,-5.8895755,-1.5389543632952738,-4.8195006401843425,26.90861540783513
-1565660937638.0,2257534.0,544.0,0.04285,0.01062,-0.85175,0.52209,0.01843,-195.82816,-5.8623567,-1.5326536029793076,-4.8233629447146065,26.922307990629548
-1565660937630.0,2257534.0,552.0,0.04285,0.01062,-0.85175,0.52203,0.01843,-195.80566,-5.861225,-1.5323580467801456,-4.823289667477224,26.92496922041275
-1565660937626.0,2257545.0,556.0,0.04285,0.01068,-0.85181,0.52203,0.01843,-195.73264,-5.83584,-1.5264133671898064,-4.827187309892819,26.93408278985443
-1565660937620.0,2257551.0,562.0,0.04285,0.01068,-0.85181,0.52197,0.01843,-195.71016,-5.834709,-1.5261178085133533,-4.827113618244547,26.936745140127584
-1565660937614.0,2257551.0,568.0,0.04285,0.01074,-0.85187,0.52191,0.01843,-195.61462,-5.8082104,-1.5198766962592662,-4.830936762563745,26.948521637265557
-1565660937610.0,2257562.0,572.0,0.04285,0.01074,-0.85187,0.52191,0.01843,-195.61462,-5.8082104,-1.5198766962592662,-4.830936762563745,26.948521637265557
-1565660937603.0,2257568.0,579.0,0.04285,0.0108,-0.85187,0.52185,0.01843,-195.59326,-5.7846146,-1.5137092043304383,-4.834463433595538,26.951452099984905
-1565660937597.0,2257568.0,585.0,0.04285,0.01086,-0.85193,0.52179,0.01843,-195.49783,-5.7581453,-1.507466758154027,-4.838284963359972,26.96323105770756
-1565660937593.0,2257578.0,589.0,0.04285,0.01093,-0.85193,0.52179,0.01843,-195.49913,-5.731946,-1.500615587444144,-4.842485434863184,26.96354380638614
-1565660937588.0,2257578.0,594.0,0.04285,0.01093,-0.85193,0.52179,0.01843,-195.49913,-5.731946,-1.500615587444144,-4.842485434863184,26.96354380638614
-1565660937582.0,2257587.0,600.0,0.04291,0.01099,-0.85193,0.52173,0.01843,-195.47372,-5.721983,-1.4980618007909543,-4.851888505263499,26.966512740870243
-1565660937576.0,2257587.0,606.0,0.04291,0.01099,-0.85199,0.52173,0.01843,-195.39973,-5.7191267,-1.4979859932819812,-4.85218459373884,26.975358625681054
-1565660937569.0,2257597.0,613.0,0.04291,0.01099,-0.85199,0.52167,0.01849,-195.37729,-5.717995,-1.4976900059514988,-4.852108760299667,26.978025390839335
-1565660937566.0,2257604.0,616.0,0.04291,0.01099,-0.85199,0.52167,0.01843,-195.37729,-5.717995,-1.4976900059514988,-4.852108760299667,26.978025390839335
-1565660937559.0,2257613.0,623.0,0.04291,0.01105,-0.85199,0.52161,0.01849,-195.35599,-5.694418,-1.49152104807328,-4.855632160629807,26.980962534629626
-1565660937554.0,2257613.0,628.0,0.04297,0.01105,-0.85205,0.52161,0.01849,-195.27788,-5.7051787,-1.4950583065188043,-4.861807643447125,26.989842310120636
-1565660937548.0,2257619.0,634.0,0.04297,0.01111,-0.85205,0.52161,0.01849,-195.27902,-5.68274,-1.4891848486457504,-4.865406929404,26.990113118814847
-1565660937543.0,2257619.0,639.0,0.04297,0.01111,-0.85205,0.52155,0.01849,-195.25658,-5.6816077,-1.488888440424293,-4.8653302664343645,26.992781532444297
-1565660937537.0,2257635.0,645.0,0.04297,0.01117,-0.85205,0.52155,0.01849,-195.25769,-5.659169,-1.4830149389468517,-4.868929157204142,26.99305311468501
-1565660937531.0,2257635.0,651.0,0.04297,0.01117,-0.85211,0.52148,0.01849,-195.15767,-5.6550164,-1.4825920748715762,-4.86913574352611,27.005011475176133
-1565660937525.0,2257645.0,657.0,0.04297,0.01123,-0.85211,0.52148,0.01843,-195.1588,-5.6325865,-1.4767181147626798,-4.872734171627791,27.005283826060705
-1565660937520.0,2257645.0,662.0,0.04297,0.01123,-0.85211,0.52148,0.01843,-195.1588,-5.6325865,-1.4767181147626798,-4.872734171627791,27.005283826060705
-1565660937514.0,2257653.0,668.0,0.04297,0.01129,-0.85217,0.52142,0.01843,-195.06375,-5.606215,-1.4704698169755797,-4.876551225915794,27.01707031939854
-1565660937510.0,2257661.0,672.0,0.04297,0.01135,-0.85217,0.52136,0.01843,-195.04247,-5.5826626,-1.4642989388683116,-4.880070958933094,27.020015464799727
-1565660937505.0,2257661.0,677.0,0.04297,0.01135,-0.85217,0.52136,0.01843,-195.04247,-5.5826626,-1.4642989388683116,-4.880070958933094,27.020015464799727
-1565660937499.0,2257672.0,683.0,0.04297,0.01141,-0.85223,0.5213,0.01843,-194.94743,-5.556318,-1.4580493044469034,-4.883886398806718,27.0318044105546
-1565660937492.0,2257679.0,690.0,0.04297,0.01141,-0.85223,0.52124,0.01843,-194.92502,-5.555187,-1.4577528839178093,-4.883807663564321,27.03447731202948
-1565660937487.0,2257679.0,695.0,0.04297,0.01147,-0.85229,0.52118,0.01843,-194.83011,-5.5288644,-1.4515023712359252,-4.887621882594574,27.046267946352202
-1565660937480.0,2257688.0,702.0,0.04303,0.01147,-0.85229,0.52112,0.01843,-194.80363,-5.54131,-1.454815889651549,-4.893424058414253,27.04897845384035
-1565660937475.0,2257696.0,707.0,0.04303,0.01147,-0.85236,0.52112,0.01843,-194.71783,-5.5380626,-1.454723577252926,-4.893770482421795,27.059292171453166
-1565660937469.0,2257696.0,713.0,0.04303,0.01154,-0.85236,0.52106,0.01843,-194.69676,-5.5108056,-1.4475714650207252,-4.89788627236159,27.062290447084862
-1565660937464.0,2257703.0,718.0,0.04303,0.01154,-0.85242,0.521,0.01843,-194.60097,-5.506907,-1.4471950143951926,-4.898103575181232,27.073806128899562
-1565660937460.0,2257712.0,722.0,0.04303,0.01154,-0.85242,0.52094,0.01843,-194.57857,-5.5057774,-1.446898172261679,-4.898023941176887,27.07648344769089
-1565660937453.0,2257712.0,729.0,0.04303,0.01154,-0.85248,0.52087,0.01843,-194.47899,-5.5016904,-1.4464722476997582,-4.898227971703824,27.088446444411886
-1565660937445.0,2257720.0,737.0,0.04309,0.01154,-0.85254,0.52075,0.01843,-194.3568,-5.5102057,-1.449406374559064,-4.904248786478289,27.102679296193102
-1565660937441.0,2257729.0,741.0,0.04309,0.01154,-0.85254,0.52069,0.01843,-194.33444,-5.509076,-1.4491091160117833,-4.9041691517415416,27.10535985495393
-1565660937436.0,2257735.0,746.0,0.04315,0.01154,-0.8526,0.52063,0.01843,-194.23474,-5.5187087,-1.4523389200259287,-4.910270483639161,27.11691462627651
-1565660937429.0,2257735.0,753.0,0.04315,0.01154,-0.85266,0.52057,0.01843,-194.13919,-5.5148077,-1.4519616353358418,-4.910488618587602,27.128432887955597
-1565660937426.0,2257745.0,756.0,0.04315,0.01154,-0.85272,0.52051,0.01843,-194.04375,-5.5109105,-1.4515843505198136,-4.910706753607395,27.13995092677925
-1565660937419.0,2257745.0,763.0,0.04321,0.01154,-0.85272,0.52045,0.01843,-194.01729,-5.52329,-1.4548921826196612,-4.916511614249463,27.14267157066071
-1565660937414.0,2257745.0,768.0,0.04321,0.01154,-0.85278,0.52032,0.01843,-193.89592,-5.5180707,-1.454166707833803,-4.916637256363018,27.157324077003864
-1565660937408.0,2257759.0,774.0,0.04321,0.01154,-0.85284,0.52026,0.01843,-193.80061,-5.5141735,-1.4537890059087548,-4.916855807448576,27.168844031945866
-1565660937403.0,2257765.0,779.0,0.04327,0.01154,-0.85297,0.52002,0.01843,-193.54948,-5.517144,-1.4560267573056285,-4.923069614486682,27.19877143212328
-1565660937396.0,2257772.0,786.0,0.04327,0.01154,-0.85303,0.51996,0.01843,-193.45438,-5.5132494,-1.4556486381443994,-4.923288581741602,27.210292672691764
-1565660937392.0,2257772.0,790.0,0.04327,0.01154,-0.85309,0.51984,0.01843,-193.33725,-5.508231,-1.4549720108012016,-4.923427912030528,27.22450667021691
-1565660937385.0,2257782.0,797.0,0.04333,0.01154,-0.85315,0.51978,0.01843,-193.23828,-5.517794,-1.4581949172529285,-4.929534458101692,27.236064983646656
-1565660937380.0,2257788.0,802.0,0.04333,0.01154,-0.85321,0.51965,0.01843,-193.11757,-5.512586,-1.4574676357797496,-4.929660930797589,27.250731612500587
-1565660937375.0,2257796.0,807.0,0.04333,0.01154,-0.85327,0.51953,0.01843,-193.0006,-5.50757,-1.456790174613788,-4.9298006764835725,27.264951612796906
-1565660937370.0,2257796.0,812.0,0.0434,0.01147,-0.85333,0.51941,0.01843,-192.87761,-5.544179,-1.4671744231351114,-4.932628882449794,27.27889181236573
-1565660937362.0,2257802.0,820.0,0.0434,0.01147,-0.85339,0.51935,0.01843,-192.78314,-5.540283,-1.46679588646805,-4.932849233065437,27.290416193767044
-1565660937358.0,2257813.0,824.0,0.04346,0.01147,-0.85345,0.51923,0.01843,-192.66238,-5.5486617,-1.4697153726654189,-4.938880160517397,27.30467817370142
-1565660937352.0,2257813.0,830.0,0.04352,0.01129,-0.85358,0.51904,0.01843,-192.42834,-5.619135,-1.489844584916319,-4.9344241359545,27.331557181519344
-1565660937346.0,2257820.0,836.0,0.04358,0.01123,-0.85364,0.51892,0.01843,-192.3067,-5.6496644,-1.4986467828484022,-4.9368785751610655,27.345548157943497
-1565660937342.0,2257828.0,840.0,0.04364,0.01105,-0.8537,0.51886,0.01843,-192.20525,-5.725705,-1.5195200211757627,-4.932251199502362,27.35628533137249
-1565660937337.0,2257828.0,845.0,0.04376,0.01093,-0.85376,0.51874,0.01843,-192.07854,-5.791701,-1.537802467271477,-4.93702384324443,27.370042844655572
-1565660937330.0,2257839.0,852.0,0.04382,0.01074,-0.85376,0.51868,0.01843,-192.04865,-5.874189,-1.5597329909064466,-4.93150535768711,27.371925490990293
-1565660937325.0,2257839.0,857.0,0.04395,0.01056,-0.85382,0.51855,0.01843,-191.91653,-5.964285,-1.5844485483045938,-4.933678107669554,27.385879180653944
-1565660937319.0,2257848.0,863.0,0.04401,0.01031,-0.85388,0.51849,0.01843,-191.81395,-6.065948,-1.6121925487407769,-4.924892388538606,27.39632647741108
-1565660937313.0,2257858.0,869.0,0.04413,0.01007,-0.85394,0.51837,0.01843,-191.68512,-6.1759944,-1.642246952892966,-4.922530811346573,27.409573122687718
-1565660937308.0,2257858.0,874.0,0.04425,0.00983,-0.854,0.51825,0.01843,-191.55652,-6.285939,-1.672301622727161,-4.92017752364467,27.42283051498643
-1565660937302.0,2257864.0,880.0,0.04443,0.00928,-0.85413,0.51807,0.01843,-191.31241,-6.518674,-1.7359847619729922,-4.9055463486722335,27.447801649279455
-1565660937296.0,2257871.0,886.0,0.04449,0.00897,-0.85419,0.51794,0.01843,-191.18317,-6.6406493,-1.7692688634239788,-4.8931422591031835,27.46122377342705
-1565660937291.0,2257871.0,891.0,0.04462,0.00867,-0.85425,0.51782,0.01843,-191.0529,-6.774482,-1.8058141122323166,-4.888231262116907,27.474286108523884
-1565660937285.0,2257881.0,897.0,0.04474,0.00842,-0.85431,0.51776,0.01843,-190.94658,-6.8887157,-1.8371632842634529,-4.885382956716865,27.484843545742308
-1565660937280.0,2257890.0,902.0,0.0448,0.00806,-0.85443,0.51758,0.01843,-190.72707,-7.0244913,-1.8750463652377651,-4.870292768410125,27.50919437438577
-1565660937273.0,2257899.0,909.0,0.04492,0.00775,-0.85449,0.51746,0.01843,-190.59772,-7.1593823,-1.9119801555316598,-4.8638348227458605,27.52226230889123
-1565660937270.0,2257899.0,912.0,0.04504,0.00745,-0.85455,0.51733,0.01843,-190.46481,-7.2902665,-1.9478816662275324,-4.857973548599815,27.53584122808695
-1565660937262.0,2257905.0,920.0,0.0451,0.00708,-0.85468,0.51721,0.01843,-190.25618,-7.429742,-1.9870622820294317,-4.842433637939788,27.55896327945925
-1565660937258.0,2257913.0,924.0,0.04535,0.00641,-0.85486,0.51685,0.01843,-189.88185,-7.713161,-2.0657815040683962,-4.8278279261724295,27.599311188721757
-1565660937253.0,2257913.0,929.0,0.04547,0.0061,-0.85498,0.51666,0.01843,-189.65698,-7.842309,-2.102316983505617,-4.821693543550451,27.62446559111899
-1565660937246.0,2257923.0,936.0,0.04559,0.00574,-0.85504,0.51654,0.01843,-189.52718,-7.9945865,-2.1441731466718355,-4.8123380867965695,27.637466751833017
-1565660937241.0,2257923.0,941.0,0.04572,0.00543,-0.85516,0.5163,0.01843,-189.28374,-8.124514,-2.181049897610914,-4.807187508141276,27.664947294006893
-1565660937236.0,2257932.0,946.0,0.04584,0.00507,-0.85529,0.51611,0.01843,-189.0471,-8.270686,-2.2225006136485588,-4.798188791217815,27.69145497139847
-1565660937230.0,2257941.0,952.0,0.04596,0.00482,-0.85541,0.51593,0.01837,-188.82823,-8.377176,-2.2532080731874498,-4.7956882276559485,27.716441227821434
-1565660937225.0,2257941.0,957.0,0.04608,0.00446,-0.85553,0.51569,0.01837,-188.58553,-8.522499,-2.294408858257069,-4.786646712547894,27.743815171239078
-1565660937219.0,2257948.0,963.0,0.0462,0.00415,-0.85565,0.51544,0.01837,-188.3405,-8.649106,-2.3306465123139715,-4.78058734151817,27.77184315589689
-1565660937213.0,2257955.0,969.0,0.04633,0.00385,-0.85577,0.51526,0.01837,-188.12088,-8.77538,-2.366872300256707,-4.77615662611003,27.796718052584623
-1565660937209.0,2257955.0,973.0,0.04657,0.0033,-0.85608,0.51477,0.01843,-187.55733,-8.997455,-2.432504372045419,-4.768660585784629,27.86289929728261
-1565660937200.0,2257965.0,982.0,0.04669,0.00299,-0.8562,0.51453,0.01843,-187.3175,-9.123315,-2.4688063479135596,-4.7626853038035595,27.890555553663702
-1565660937197.0,2257973.0,985.0,0.04681,0.00275,-0.85638,0.51422,0.01843,-186.98549,-9.21801,-2.4978311721394792,-4.761170917133223,27.930457732157095
-1565660937191.0,2257980.0,991.0,0.04694,0.0025,-0.85651,0.51398,0.01843,-186.73563,-9.323053,-2.5288286402225237,-4.759822864091573,27.959805514294786
-1565660937185.0,2257987.0,997.0,0.04706,0.00226,-0.85669,0.51367,0.01837,-186.40489,-9.417256,-2.5578568988501043,-4.758350580781035,27.999747566035964
-1565660937180.0,2257987.0,1002.0,0.04718,0.00201,-0.85687,0.51337,0.01843,-186.07835,-9.515031,-2.587925427882794,-4.756312389242631,28.03921786274168
-1565660937174.0,2257996.0,1008.0,0.0473,0.00177,-0.85706,0.513,0.01843,-185.7161,-9.606819,-2.6166299995079956,-4.754926526391086,28.08344636442419
-1565660937169.0,2257996.0,1013.0,0.04755,0.00128,-0.85742,0.51239,0.01843,-185.0626,-9.799367,-2.676333120852415,-4.752538497243933,28.162990829458934
-1565660937161.0,2258008.0,1021.0,0.04767,0.0011,-0.85767,0.51196,0.01843,-184.61542,-9.863233,-2.6987959086303754,-4.755080252931992,28.219021750805723
-1565660937156.0,2258008.0,1026.0,0.04779,0.00085,-0.85791,0.5116,0.01843,-184.20457,-9.954173,-2.728540076925288,-4.753481241012367,28.270157108466847
-1565660937150.0,2258016.0,1032.0,0.04791,0.00067,-0.85809,0.51123,0.01843,-183.8592,-10.023775,-2.751339526105305,-4.755693262146125,28.31322404438008
-1565660937145.0,2258023.0,1037.0,0.04803,0.00049,-0.85834,0.51086,0.01843,-183.43732,-10.088084,-2.7741329553481933,-4.758312174832331,28.366522553698545
-1565660937139.0,2258032.0,1043.0,0.04816,0.00024,-0.85858,0.51044,0.01843,-183.00774,-10.179068,-2.8041450902958416,-4.757774813741226,28.42054241899008
-1565660937134.0,2258032.0,1048.0,0.04828,6e-05,-0.85883,0.51001,0.01843,-182.56711,-10.24165,-2.8266082445128076,-4.760441914410603,28.476707583818637
-1565660937128.0,2258042.0,1054.0,0.04852,-0.00024,-0.85931,0.50916,0.01843,-181.71637,-10.346347,-2.8656657103588343,-4.769251195610924,28.585897606393146
-1565660937122.0,2258047.0,1060.0,0.04871,-0.00043,-0.85962,0.50867,0.01843,-181.1882,-10.420618,-2.8929081919092563,-4.7786619364197085,28.653689038362913
-1565660937117.0,2258055.0,1065.0,0.04883,-0.00061,-0.85986,0.50824,0.01843,-180.76405,-10.482957,-2.915362998473742,-4.781372895565396,28.70851487822013
-1565660937110.0,2258055.0,1072.0,0.04901,-0.00073,-0.86011,0.50769,0.01843,-180.28462,-10.532906,-2.9347486571136785,-4.793612724650451,28.77068618068259
-1565660937106.0,2258064.0,1076.0,0.04913,-0.00085,-0.86035,0.50726,0.01843,-179.86432,-10.573497,-2.95126639968523,-4.799873831540551,28.825732950333773
-1565660937101.0,2258071.0,1081.0,0.04926,-0.00098,-0.86066,0.50677,0.01843,-179.34875,-10.613055,-2.969024354766475,-4.806963587821877,28.89381137558577
-1565660937094.0,2258071.0,1088.0,0.04944,-0.0011,-0.86096,0.50623,0.01843,-178.82469,-10.658779,-2.9884403787167364,-4.819559496242877,28.962887596876683
-1565660937090.0,2258080.0,1092.0,0.04956,-0.00116,-0.86127,0.5058,0.01843,-178.33647,-10.672407,-2.9990153116074385,-4.829771847120996,29.028324067896847
-1565660937083.0,2258080.0,1099.0,0.04968,-0.00128,-0.86151,0.50531,0.01843,-177.90103,-10.711079,-3.015168234820366,-4.836120653089307,29.0863711607181
-1565660937078.0,2258092.0,1104.0,0.04993,-0.00146,-0.86206,0.50439,0.01843,-176.98288,-10.764839,-3.0424558471312904,-4.853742067719395,29.209963427102466
-1565660937071.0,2258099.0,1111.0,0.05005,-0.00159,-0.8623,0.50391,0.01843,-176.55489,-10.806745,-3.059637598460192,-4.859567239510792,29.267606759791903
-1565660937068.0,2258099.0,1114.0,0.05011,-0.00171,-0.86255,0.50348,0.01849,-176.13983,-10.833247,-3.0726069721469416,-4.860088396209152,29.324334713514617
-1565660937062.0,2258108.0,1120.0,0.05023,-0.00189,-0.86279,0.50299,0.01849,-175.70988,-10.892116,-3.0946791137463916,-4.863062536958882,29.382410408049864
-1565660937056.0,2258115.0,1126.0,0.05042,-0.00208,-0.86304,0.50256,0.01849,-175.28667,-10.968622,-3.1221730986096,-4.872477119051855,29.439011898528136
-1565660937050.0,2258115.0,1132.0,0.05048,-0.0022,-0.86328,0.5022,0.01849,-174.91006,-10.996856,-3.1355437283032384,-4.872981126664825,29.490959283138224
-1565660937045.0,2258123.0,1137.0,0.0506,-0.00244,-0.86353,0.50177,0.01849,-174.49336,-11.076414,-3.1639112676275714,-4.8726090552908,29.547496838359834
-1565660937040.0,2258131.0,1142.0,0.05072,-0.00269,-0.86371,0.5014,0.01849,-174.16911,-11.165736,-3.1936016496659705,-4.871264162520448,29.590998956440217
-1565660937033.0,2258131.0,1149.0,0.05084,-0.00293,-0.86395,0.50104,0.01849,-173.7889,-11.246941,-3.222379274251427,-4.870869182722835,29.642715084639377
-1565660937028.0,2258139.0,1154.0,0.05096,-0.00323,-0.86414,0.50067,0.01849,-173.45529,-11.352333,-3.2570401657036636,-4.866756491214627,29.687599766884745
-1565660937023.0,2258148.0,1159.0,0.05121,-0.00378,-0.8645,0.5,0.01849,-172.83452,-11.549922,-3.3223918126219707,-4.862344258609304,29.771235016264654
-1565660937016.0,2258156.0,1166.0,0.05127,-0.00409,-0.86469,0.49969,0.01849,-172.52782,-11.647485,-3.3549264168540986,-4.851749948874068,29.81323557599839
-1565660937011.0,2258156.0,1171.0,0.05139,-0.00439,-0.86481,0.49939,0.01849,-172.29051,-11.758799,-3.389982477492178,-4.847303877117507,29.84469678676352
-1565660937006.0,2258164.0,1176.0,0.05145,-0.00476,-0.86499,0.49915,0.01849,-172.01778,-11.878833,-3.4289014809092055,-4.833218207251121,29.88172297934679
-1565660937001.0,2258164.0,1181.0,0.05151,-0.00507,-0.86511,0.49884,0.01843,-171.78185,-11.981329,-3.461421010488603,-4.82228356674762,29.913733199101472
-1565660936995.0,2258176.0,1187.0,0.05164,-0.00537,-0.8653,0.4986,0.01843,-171.49673,-12.089523,-3.4974656227082437,-4.819283569700683,29.952362833814874
-1565660936989.0,2258183.0,1193.0,0.0517,-0.00568,-0.86542,0.49835,0.01843,-171.28227,-12.192876,-3.530351141537896,-4.808356076253014,29.981445188725033
-1565660936981.0,2258183.0,1201.0,0.05182,-0.00635,-0.86566,0.49792,0.01843,-170.87723,-12.41771,-3.601526857420708,-4.78364649280712,30.03611108530363
-1565660936978.0,2258192.0,1204.0,0.05194,-0.00665,-0.86578,0.49768,0.01843,-170.66287,-12.528874,-3.6369672134241897,-4.779314983675318,30.0647628748971
-1565660936973.0,2258199.0,1209.0,0.052,-0.00702,-0.86584,0.4975,0.01843,-170.53069,-12.65862,-3.6762117702598585,-4.7646179543838425,30.08173406001515
-1565660936966.0,2258199.0,1216.0,0.05206,-0.00732,-0.86597,0.49731,0.01843,-170.32863,-12.758128,-3.7084956811652456,-4.75436780331832,30.10939465386717
-1565660936962.0,2258208.0,1220.0,0.05212,-0.00769,-0.86609,0.49713,0.01843,-170.13857,-12.882513,-3.7478016915037253,-4.740062634557013,30.135033048825036
-1565660936956.0,2258215.0,1226.0,0.05219,-0.00806,-0.86615,0.49701,0.01843,-170.0265,-13.015006,-3.787997749921004,-4.726355061521246,30.14907979064887
-1565660936948.0,2258215.0,1234.0,0.05231,-0.00842,-0.86627,0.49683,0.01843,-169.83266,-13.147085,-3.8297907892238907,-4.718629105300564,30.174753968707037
-1565660936943.0,2258226.0,1239.0,0.05237,-0.00879,-0.86633,0.49664,0.01849,-169.69766,-13.275965,-3.868997469692912,-4.704022199788386,30.192361067103093
-1565660936939.0,2258232.0,1243.0,0.05249,-0.00928,-0.86639,0.49646,0.01849,-169.55925,-13.457401,-3.9236768400624205,-4.688549184751959,30.209320319224148
-1565660936929.0,2258241.0,1253.0,0.05267,-0.01007,-0.86658,0.49615,0.01843,-169.24083,-13.738223,-4.011050810295905,-4.662895660100581,30.251134311720165
-1565660936927.0,2258241.0,1255.0,0.05273,-0.0105,-0.86664,0.49597,0.01849,-169.10843,-13.887286,-4.0563066123197915,-4.64492622351628,30.268304963905067
-1565660936923.0,2258248.0,1259.0,0.05286,-0.01099,-0.86676,0.49579,0.01843,-168.91206,-14.064454,-4.111656825919317,-4.63089544696059,30.294016693002888
-1565660936917.0,2258248.0,1265.0,0.05298,-0.01141,-0.86682,0.49561,0.01849,-168.77557,-14.221141,-4.159390337030918,-4.619515197930055,30.31123365310269
-1565660936911.0,2258260.0,1271.0,0.0531,-0.01178,-0.86694,0.49548,0.01849,-168.59991,-14.356087,-4.202532283932339,-4.6113005462711225,30.33460134359511
-1565660936905.0,2258267.0,1277.0,0.05322,-0.01221,-0.867,0.4953,0.01849,-168.46341,-14.515851,-4.251270024112836,-4.599386659810338,30.351872002730715
-1565660936899.0,2258267.0,1283.0,0.05328,-0.01263,-0.86713,0.49512,0.01849,-168.26505,-14.654127,-4.295655100287514,-4.582509759491859,30.379252589478313
-1565660936895.0,2258267.0,1287.0,0.05347,-0.01306,-0.86719,0.49493,0.01849,-168.11995,-14.826495,-4.348377756432938,-4.577628925400929,30.39704371509363
-1565660936889.0,2258278.0,1293.0,0.05353,-0.01349,-0.86731,0.49475,0.01849,-167.93137,-14.968708,-4.393760725297985,-4.560162759232367,30.423053150833738
-1565660936882.0,2258284.0,1300.0,0.05383,-0.01428,-0.86749,0.49432,0.01849,-167.57547,-15.2668085,-4.487422714566734,-4.546962579163044,30.47000030278174
-1565660936878.0,2258292.0,1304.0,0.05396,-0.01465,-0.86755,0.49414,0.01849,-167.43993,-15.407034,-4.530780293253948,-4.539576852580789,30.487478215439822
-1565660936871.0,2258299.0,1311.0,0.05408,-0.01501,-0.86768,0.49396,0.01849,-167.23956,-15.5349045,-4.572687102548658,-4.5322139503914025,30.515005025285035
-1565660936865.0,2258299.0,1317.0,0.0542,-0.01538,-0.86774,0.49377,0.01849,-167.10167,-15.672749,-4.615413136167761,-4.523883568110214,30.533048687434686
-1565660936860.0,2258308.0,1322.0,0.05432,-0.01575,-0.86786,0.49359,0.01849,-166.9108,-15.804605,-4.6583113829158265,-4.515927634074468,30.559190424916906
-1565660936855.0,2258308.0,1327.0,0.0545,-0.01617,-0.86798,0.49335,0.01849,-166.69426,-15.963052,-4.709282245516654,-4.511252444080275,30.58834421312133
-1565660936848.0,2258317.0,1334.0,0.05469,-0.01654,-0.86804,0.49316,0.01849,-166.55121,-16.11337,-4.756045007851722,-4.509965111693614,30.606402041646433
-1565660936843.0,2258325.0,1339.0,0.05499,-0.01733,-0.86829,0.49274,0.01849,-166.13576,-16.401247,-4.849964353651005,-4.497532694607905,30.663284200538357
-1565660936838.0,2258333.0,1344.0,0.05518,-0.01776,-0.86835,0.49249,0.01849,-165.97142,-16.56996,-4.9023418429869885,-4.4930323274373265,30.6844893054313
-1565660936832.0,2258333.0,1350.0,0.05536,-0.01813,-0.86847,0.49231,0.01849,-165.77716,-16.711552,-4.9487233990721915,-4.491191868111959,30.710718279565356
-1565660936825.0,2258347.0,1357.0,0.05554,-0.01849,-0.86859,0.49213,0.01849,-165.58334,-16.84952,-4.994112482648088,-4.489937364813608,30.73696268333525
-1565660936820.0,2258347.0,1362.0,0.05573,-0.01886,-0.86865,0.49188,0.01849,-165.42061,-16.997377,-5.040503856865015,-4.4889031885836514,30.75823268306921
-1565660936815.0,2258352.0,1367.0,0.05597,-0.01929,-0.86877,0.49164,0.01849,-165.2006,-17.168165,-5.095952011797858,-4.489858788886241,30.787554040436802
-1565660936810.0,2258360.0,1372.0,0.05615,-0.01965,-0.8689,0.49139,0.01849,-164.97453,-17.302788,-5.140925819949163,-4.488893280398076,30.818871514266363
-1565660936804.0,2258367.0,1378.0,0.05634,-0.02002,-0.86902,0.49115,0.01849,-164.76036,-17.44366,-5.187517727119993,-4.488300433209728,30.84826928005012
-1565660936797.0,2258367.0,1385.0,0.05652,-0.02039,-0.86914,0.49091,0.01849,-164.54712,-17.58244,-5.23353910338216,-4.486734218703787,30.877703188267887
-1565660936794.0,2258376.0,1388.0,0.05695,-0.02112,-0.86938,0.49042,0.01849,-164.11276,-17.86839,-5.328542114140749,-4.491261030226622,30.937062806923862
-1565660936788.0,2258384.0,1394.0,0.05707,-0.02142,-0.86945,0.49023,0.01849,-163.96901,-17.978783,-5.364339702508021,-4.487268362772404,30.95689350341526
-1565660936780.0,2258384.0,1402.0,0.05725,-0.02179,-0.86957,0.48999,0.01849,-163.75664,-18.116613,-5.41037286119653,-4.485798864069683,30.986420375351756
-1565660936775.0,2258393.0,1407.0,0.05743,-0.02209,-0.86969,0.48975,0.01849,-163.5461,-18.230759,-5.449410027121788,-4.488295306704934,31.01590452218562
-1565660936771.0,2258400.0,1411.0,0.05762,-0.02246,-0.86981,0.4895,0.01849,-163.33017,-18.369705,-5.495956295409988,-4.487900244100846,31.04597819126238
-1565660936765.0,2258407.0,1417.0,0.05774,-0.02277,-0.86993,0.48926,0.01849,-163.12471,-18.475943,-5.532561870580681,-4.483880181035708,31.07559149776948
-1565660936759.0,2258407.0,1423.0,0.05792,-0.02313,-0.87006,0.48901,0.01855,-162.90125,-18.60812,-5.57756824626532,-4.483163612996993,31.10713701144634
-1565660936754.0,2258416.0,1428.0,0.05823,-0.02374,-0.87024,0.48859,0.01855,-162.56027,-18.83718,-5.654038744770757,-4.482229665240332,31.154722814850004
-1565660936747.0,2258416.0,1435.0,0.05841,-0.02399,-0.87036,0.48834,0.01855,-162.34888,-18.933165,-5.688015874522295,-4.487689758694811,31.184773193160368
-1565660936741.0,2258429.0,1441.0,0.05853,-0.02429,-0.87048,0.4881,0.01855,-162.1449,-19.035156,-5.72363494140936,-4.484332759154917,31.214469866071283
-1565660936737.0,2258429.0,1445.0,0.05865,-0.0246,-0.87061,0.48785,0.01855,-161.92873,-19.138906,-5.760220094903459,-4.480530566835573,31.24613831636688
-1565660936730.0,2258435.0,1452.0,0.05878,-0.02484,-0.87073,0.48767,0.01855,-161.7458,-19.223705,-5.790812549051544,-4.481406443230959,31.272658864504592
-1565660936726.0,2258445.0,1456.0,0.05896,-0.02509,-0.87079,0.48743,0.01855,-161.59216,-19.326345,-5.824688970762866,-4.486506836899284,31.293729631347247
-1565660936720.0,2258452.0,1462.0,0.05908,-0.02533,-0.87091,0.48724,0.01855,-161.4071,-19.408861,-5.8546458907525105,-4.486439468357821,31.320806996767047
-1565660936713.0,2258452.0,1469.0,0.0592,-0.02557,-0.87103,0.487,0.01855,-161.20569,-19.490107,-5.884267400592899,-4.4865328486752745,31.350497817072608
-1565660936709.0,2258461.0,1473.0,0.05933,-0.02582,-0.87115,0.48676,0.01862,-161.0034,-19.576284,-5.915463307958555,-4.487084613490506,31.380202325754723
-1565660936704.0,2258467.0,1478.0,0.05957,-0.02625,-0.87134,0.48639,0.01862,-160.68356,-19.730019,-5.970301585048175,-4.489475449748113,31.426741767753327
-1565660936696.0,2258467.0,1486.0,0.05969,-0.02649,-0.87146,0.48615,0.01862,-160.48303,-19.810719,-5.99992918117892,-4.489630348621182,31.456483208723128
-1565660936692.0,2258477.0,1490.0,0.05981,-0.02667,-0.87152,0.48596,0.01862,-160.35338,-19.879847,-6.023700999549732,-4.492587192342248,31.475022376683384
-1565660936686.0,2258484.0,1496.0,0.05988,-0.02686,-0.87164,0.48578,0.01862,-160.17839,-19.936344,-6.045878007596127,-4.490368118749513,31.501645391349868
-1565660936680.0,2258484.0,1502.0,0.06,-0.02704,-0.8717,0.4856,0.01862,-160.05226,-20.005537,-6.069717840471597,-4.4933134135044615,31.519678734745128
-1565660936674.0,2258492.0,1508.0,0.06012,-0.02728,-0.87177,0.48541,0.01862,-159.91272,-20.093039,-6.099537207499594,-4.493020488123063,31.539764482128945
-1565660936669.0,2258500.0,1513.0,0.06024,-0.02753,-0.87189,0.48523,0.01862,-159.7328,-20.177837,-6.130586281630414,-4.4924968113070936,31.566435415986632
-1565660936665.0,2258500.0,1517.0,0.0603,-0.02771,-0.87195,0.48511,0.01862,-159.6318,-20.237675,-6.151423673463905,-4.489268619113567,31.581447278272265
-1565660936658.0,2258512.0,1524.0,0.06042,-0.02795,-0.87201,0.48492,0.01862,-159.50128,-20.326126,-6.181214731494677,-4.4889402580726365,31.60015046517954
-1565660936653.0,2258512.0,1529.0,0.06061,-0.02838,-0.87213,0.48462,0.01862,-159.27226,-20.479414,-6.2334883988851555,-4.485831427609351,31.633378763474866
-1565660936646.0,2258520.0,1536.0,0.06067,-0.02856,-0.87219,0.4845,0.01862,-159.17148,-20.539011,-6.254331010689597,-4.482631816770416,31.648421101642995
-1565660936642.0,2258528.0,1540.0,0.06079,-0.02881,-0.87231,0.48437,0.01862,-159.00885,-20.62432,-6.285742056512578,-4.482008583717714,31.672515407174615
-1565660936637.0,2258535.0,1545.0,0.06085,-0.02899,-0.87231,0.48425,0.01868,-158.96014,-20.69131,-6.306390267160117,-4.4784029206470946,31.679085632119097
-1565660936630.0,2258535.0,1552.0,0.06097,-0.02917,-0.87238,0.48413,0.01868,-158.84578,-20.759876,-6.330681983331944,-4.481308730219323,31.695456493771047
-1565660936625.0,2258544.0,1557.0,0.06104,-0.02936,-0.87244,0.48401,0.01868,-158.74422,-20.824282,-6.353102972537791,-4.478580851654355,31.710527078933865
-1565660936620.0,2258544.0,1562.0,0.06116,-0.02954,-0.8725,0.48389,0.01868,-158.63863,-20.893972,-6.37736312207317,-4.481429753665497,31.72549409269928
-1565660936614.0,2258552.0,1568.0,0.06122,-0.02972,-0.87256,0.48376,0.01868,-158.53493,-20.953003,-6.398144162336803,-4.478301771256575,31.741101315678236
-1565660936609.0,2258561.0,1573.0,0.0614,-0.03003,-0.87262,0.48352,0.01868,-158.38197,-21.072927,-6.438030876707085,-4.4803691756235935,31.762584266268064
-1565660936603.0,2258569.0,1579.0,0.06146,-0.03021,-0.87268,0.48346,0.01868,-158.3014,-21.133446,-6.4593053760544485,-4.477015589010101,31.77451236031574
-1565660936596.0,2258569.0,1586.0,0.06152,-0.03033,-0.87274,0.48334,0.01868,-158.20259,-21.172804,-6.474132976802067,-4.477208278272359,31.789482157212007
-1565660936592.0,2258576.0,1590.0,0.06165,-0.03046,-0.8728,0.48328,0.01868,-158.11732,-21.228848,-6.494363358205901,-4.483662156506184,31.801176367655074
-1565660936585.0,2258583.0,1597.0,0.06171,-0.03058,-0.8728,0.48322,0.01874,-158.08974,-21.277216,-6.509404993726544,-4.4832264294834125,31.80450457430689
-1565660936580.0,2258583.0,1602.0,0.06177,-0.0307,-0.87286,0.48309,0.01874,-157.9877,-21.316235,-6.524162840489383,-4.4834653735619625,31.820011270115472
-1565660936575.0,2258597.0,1607.0,0.06183,-0.03088,-0.87286,0.48303,0.01874,-157.95872,-21.384287,-6.545233141365235,-4.4797030823651065,31.823481773867556
-1565660936569.0,2258597.0,1613.0,0.06189,-0.03094,-0.87292,0.48297,0.01874,-157.88121,-21.405172,-6.554457011412953,-4.483031784600511,31.83515392715192
-1565660936563.0,2258603.0,1619.0,0.06195,-0.03113,-0.87292,0.48291,0.01874,-157.85194,-21.476467,-6.5765330120578565,-4.478718978099845,31.838654864281054
-1565660936557.0,2258611.0,1625.0,0.06207,-0.03137,-0.87299,0.48279,0.01874,-157.7369,-21.56398,-6.6068657081334425,-4.478369702266165,31.855225229783727
-1565660936552.0,2258620.0,1630.0,0.06213,-0.03149,-0.87299,0.48273,0.01874,-157.70929,-21.612253,-6.621907117824058,-4.477948323212024,31.858572781155374
-1565660936546.0,2258620.0,1636.0,0.06219,-0.03162,-0.87305,0.48267,0.01874,-157.63025,-21.65599,-6.638169895019215,-4.4774027032146915,31.87041606820503
-1565660936541.0,2258629.0,1641.0,0.06226,-0.03174,-0.87305,0.4826,0.01874,-157.59843,-21.705708,-6.653707930396298,-4.478025104756452,31.874279431280144
-1565660936533.0,2258637.0,1649.0,0.06232,-0.03186,-0.87305,0.4826,0.01874,-157.5905,-21.755352,-6.669175916684758,-4.477389588293811,31.874454886728884
-1565660936528.0,2258637.0,1654.0,0.06238,-0.03198,-0.87305,0.48254,0.01874,-157.56285,-21.803585,-6.684217070584729,-4.476974623582933,31.877811867008617
-1565660936524.0,2258645.0,1658.0,0.0625,-0.03217,-0.87311,0.48248,0.01874,-157.47726,-21.87715,-6.70992038082892,-4.479131357591367,31.88969556333106
-1565660936517.0,2258651.0,1665.0,0.06256,-0.03229,-0.87311,0.48248,0.01874,-157.46927,-21.92676,-6.7253900935279205,-4.4784979091329244,31.889877391049836
-1565660936512.0,2258651.0,1670.0,0.06262,-0.03235,-0.87311,0.48242,0.01874,-157.44302,-21.955278,-6.734399111824267,-4.481415017976516,31.893091091153124
-1565660936506.0,2258662.0,1676.0,0.06262,-0.03247,-0.87311,0.48242,0.01874,-157.4402,-21.99463,-6.746463695909256,-4.474760953699034,31.893393837297594
-1565660936501.0,2258668.0,1681.0,0.06268,-0.03259,-0.87311,0.48236,0.01874,-157.41254,-22.042824,-6.761504769961776,-4.474353093885384,31.896762094509256
-1565660936495.0,2258668.0,1687.0,0.06274,-0.03271,-0.87311,0.48236,0.01874,-157.40453,-22.09242,-6.776975169497448,-4.473721304724028,31.896950762229878
-1565660936490.0,2258682.0,1692.0,0.06281,-0.03284,-0.87311,0.4823,0.01874,-157.37573,-22.145582,-6.793588966486663,-4.473765132019176,31.900329248179986
-1565660936484.0,2258687.0,1698.0,0.06281,-0.03296,-0.87317,0.4823,0.01874,-157.32181,-22.176943,-6.805880187905517,-4.467545958152205,31.909107543285415
-1565660936478.0,2258687.0,1704.0,0.06293,-0.0332,-0.87317,0.48224,0.0188,-157.28609,-22.274666,-6.8363937949655025,-4.4665138365303845,31.912681644026208
-1565660936472.0,2258696.0,1710.0,0.06299,-0.03339,-0.87317,0.48218,0.0188,-157.2567,-22.34575,-6.858474251592031,-4.462234379414276,31.916251066094205
-1565660936465.0,2258704.0,1717.0,0.06305,-0.03351,-0.87317,0.48218,0.0188,-157.24864,-22.395308,-6.873947009749828,-4.461605497179184,31.916452801757032
-1565660936460.0,2258704.0,1722.0,0.06305,-0.03363,-0.87317,0.48218,0.0188,-157.2458,-22.434639,-6.886014606239671,-4.454954922911142,31.916779071010467
-1565660936454.0,2258712.0,1728.0,0.06311,-0.03381,-0.87317,0.48212,0.0188,-157.21663,-22.502438,-6.907089991840355,-4.451233948852989,31.920334089252293
-1565660936447.0,2258721.0,1735.0,0.06317,-0.03394,-0.87317,0.48212,0.0188,-157.20834,-22.55526,-6.923569339543743,-4.450051764014849,31.92057097396959
-1565660936444.0,2258721.0,1738.0,0.06323,-0.03412,-0.87317,0.48206,0.0188,-157.17915,-22.623047,-6.944644925956732,-4.4463341939031205,31.924134734479424
-1565660936439.0,2258728.0,1743.0,0.06329,-0.03436,-0.87317,0.48206,0.0188,-157.16823,-22.711916,-6.972188248972806,-4.439058204800731,31.92469041213421
-1565660936432.0,2258735.0,1750.0,0.06342,-0.03473,-0.87323,0.48199,0.01886,-157.07419,-22.845415,-7.016513318717333,-4.432321379735072,31.937663954242936
-1565660936428.0,2258735.0,1754.0,0.06348,-0.03491,-0.87323,0.48193,0.01886,-157.04498,-22.913153,-7.037590976118682,-4.428612450079001,31.941250520599638
-1565660936421.0,2258745.0,1761.0,0.06354,-0.03516,-0.87323,0.48187,0.01886,-157.0141,-23.003809,-7.065710276719194,-4.4210291996841455,31.94505158645046
-1565660936416.0,2258751.0,1766.0,0.0636,-0.0354,-0.87323,0.48187,0.01886,-157.00308,-23.092615,-7.093259301948923,-4.413759114209942,31.945646602573134
-1565660936410.0,2258751.0,1772.0,0.06366,-0.03558,-0.87323,0.48181,0.01886,-156.97385,-23.16033,-7.114337750465326,-4.410057380244621,31.949252860763252
-1565660936405.0,2258763.0,1777.0,0.06372,-0.03583,-0.87323,0.48181,0.01886,-156.96257,-23.2524,-7.14289460301771,-4.402235309700124,31.949895174212656
-1565660936398.0,2258774.0,1784.0,0.06384,-0.03607,-0.87323,0.48175,0.01886,-156.92656,-23.34992,-7.1734161865534505,-4.401237413662283,31.9535712149018
-1565660936394.0,2258774.0,1788.0,0.0639,-0.03632,-0.87323,0.48175,0.01886,-156.91522,-23.441969,-7.2019754710319885,-4.39341715974372,31.954232670981938
-1565660936388.0,2258779.0,1794.0,0.06403,-0.03674,-0.87323,0.48169,0.01886,-156.87392,-23.600111,-7.251177973712527,-4.383463121445738,31.958488746313492
-1565660936383.0,2258787.0,1799.0,0.06415,-0.03693,-0.87323,0.48163,0.01886,-156.839,-23.681204,-7.276670998392181,-4.385242469305105,31.96203129813628
-1565660936376.0,2258795.0,1806.0,0.06421,-0.03711,-0.87323,0.48157,0.01886,-156.80966,-23.748861,-7.297751290907398,-4.38155639222981,31.965680655256335
-1565660936371.0,2258795.0,1811.0,0.06427,-0.03729,-0.87323,0.48157,0.01886,-156.79994,-23.817951,-7.3192711935502555,-4.377615678387034,31.966147053173046
-1565660936364.0,2258805.0,1818.0,0.06439,-0.03754,-0.87329,0.48151,0.01886,-156.71277,-23.910105,-7.35105972893988,-4.376525126894633,31.97836561960912
-1565660936360.0,2258805.0,1822.0,0.06445,-0.03766,-0.87329,0.48151,0.01886,-156.70451,-23.959524,-7.366543812962833,-4.375906384925231,31.978637488503097
-1565660936353.0,2258814.0,1829.0,0.06458,-0.0379,-0.87329,0.48145,0.01886,-156.66734,-24.058577,-7.397639755476828,-4.375933886855989,31.982352970584415
-1565660936349.0,2258819.0,1833.0,0.0647,-0.03821,-0.87329,0.48138,0.01886,-156.62611,-24.178598,-7.435140479979559,-4.371132269617439,31.986876245366545
-1565660936342.0,2258829.0,1840.0,0.06482,-0.03839,-0.87329,0.48138,0.01886,-156.61089,-24.257742,-7.460073230125497,-4.373217762894321,31.987230777399205
-1565660936337.0,2258829.0,1845.0,0.06488,-0.03857,-0.87329,0.48132,0.01886,-156.58147,-24.325314,-7.481156227943483,-4.369547397903535,31.990919810135637
-1565660936329.0,2258836.0,1853.0,0.065,-0.0387,-0.87329,0.48132,0.01886,-156.5674,-24.388073,-7.501057464641755,-4.3743999403412195,31.99110263117126
-1565660936325.0,2258836.0,1857.0,0.06506,-0.03882,-0.87329,0.48126,0.01886,-156.5394,-24.43599,-7.516100511997845,-4.374051506722258,31.994582995569232
-1565660936319.0,2258847.0,1863.0,0.06512,-0.039,-0.87329,0.48126,0.01886,-156.52954,-24.504995,-7.537628745182452,-4.370117658963621,31.995092702634807
-1565660936314.0,2258857.0,1868.0,0.06519,-0.03912,-0.87329,0.4812,0.01886,-156.50061,-24.554583,-7.553239698773891,-4.370775758234771,31.998554615066396
-1565660936309.0,2258857.0,1873.0,0.06531,-0.03943,-0.87329,0.48114,0.01886,-156.46248,-24.67474,-7.590818898278582,-4.365947580379649,32.00260028857865
-1565660936304.0,2258863.0,1878.0,0.06537,-0.03955,-0.87329,0.48114,0.01886,-156.45404,-24.724092,-7.606308442908329,-4.36533394980934,32.0029021257633
-1565660936297.0,2258873.0,1885.0,0.06543,-0.03967,-0.87335,0.48108,0.01886,-156.37537,-24.763136,-7.621622444917672,-4.365445036281729,32.014852066568906
-1565660936292.0,2258873.0,1890.0,0.06549,-0.03979,-0.87335,0.48102,0.01886,-156.34734,-24.810999,-7.636665858981798,-4.365107019022055,32.01835004403081
-1565660936286.0,2258880.0,1896.0,0.06555,-0.03992,-0.87335,0.48102,0.01886,-156.33864,-24.863588,-7.653163951670863,-4.3639426465751034,32.018695061979244
-1565660936280.0,2258887.0,1902.0,0.06561,-0.04004,-0.87335,0.48096,0.01886,-156.31058,-24.911436,-7.668207247800172,-4.363607181320097,32.02219744282492
-1565660936275.0,2258897.0,1907.0,0.06567,-0.04016,-0.87335,0.4809,0.01886,-156.28247,-24.959274,-7.6832502769437045,-4.363273371129814,32.02570218284515
-1565660936268.0,2258904.0,1914.0,0.06567,-0.04022,-0.87341,0.4809,0.01892,-156.2305,-24.970003,-7.689567299733491,-4.360410167033386,32.034384555127374
-1565660936263.0,2258904.0,1919.0,0.06573,-0.04034,-0.87341,0.48083,0.01892,-156.1992,-25.017576,-7.704536170210636,-4.360125201030525,32.038425466977046
-1565660936259.0,2258913.0,1923.0,0.0658,-0.04047,-0.87341,0.48083,0.01892,-156.18954,-25.071812,-7.721604159699203,-4.359967846886192,32.03875523432137
-1565660936253.0,2258913.0,1929.0,0.06592,-0.04059,-0.87341,0.48077,0.01892,-156.15588,-25.129663,-7.740054986849905,-4.365661784815441,32.04211957313514
-1565660936248.0,2258920.0,1934.0,0.06592,-0.04065,-0.87347,0.48071,0.01892,-156.0843,-25.13884,-7.74592547757882,-4.36308149297151,32.05399987839478
-1565660936241.0,2258920.0,1941.0,0.06598,-0.04071,-0.87347,0.48071,0.01892,-156.07732,-25.168499,-7.755376220083679,-4.365789765315214,32.054085142833486
-1565660936236.0,2258931.0,1946.0,0.06604,-0.04077,-0.87347,0.48065,0.01892,-156.05067,-25.196667,-7.764376045819043,-4.368779178102247,32.05736722936943
-1565660936231.0,2258941.0,1951.0,0.06604,-0.04083,-0.87347,0.48065,0.01892,-156.04921,-25.216272,-7.770419854901471,-4.365464849347641,32.05760240263298
-1565660936224.0,2258948.0,1958.0,0.0661,-0.04083,-0.87347,0.48059,0.01892,-156.02405,-25.224827,-7.7733753567978106,-4.371769430272093,32.060650057176105
-1565660936220.0,2258948.0,1962.0,0.0661,-0.04083,-0.87347,0.48059,0.01892,-156.02405,-25.224827,-7.7733753567978106,-4.371769430272093,32.060650057176105
-1565660936215.0,2258956.0,1967.0,0.06616,-0.04083,-0.87347,0.48059,0.01892,-156.01851,-25.234867,-7.776782222532531,-4.377792516338158,32.060500597883575
-1565660936209.0,2258956.0,1973.0,0.06616,-0.04077,-0.87354,0.48053,0.01892,-155.94167,-25.203318,-7.770611292353591,-4.381919873352811,32.07332170006707
-1565660936202.0,2258963.0,1980.0,0.06616,-0.04077,-0.87354,0.48053,0.01892,-155.94167,-25.203318,-7.770611292353591,-4.381919873352811,32.07332170006707
-1565660936196.0,2258972.0,1986.0,0.0661,-0.04071,-0.87354,0.48053,0.01892,-155.94868,-25.173689,-7.761160595957916,-4.3792098188036475,32.073236917700115
-1565660936189.0,2258980.0,1993.0,0.0661,-0.04065,-0.87354,0.48053,0.01892,-155.95016,-25.15409,-7.755116380103175,-4.382523380896165,32.0730035508375
-1565660936186.0,2258980.0,1996.0,0.0661,-0.04053,-0.87354,0.48053,0.01892,-155.95314,-25.114897,-7.743028120368276,-4.389150549152072,32.07253890399191
-1565660936180.0,2258988.0,2002.0,0.06604,-0.04047,-0.8736,0.48047,0.01892,-155.89023,-25.074858,-7.73340326401581,-4.387174928881588,32.084103556714325
-1565660936175.0,2258997.0,2007.0,0.06604,-0.04041,-0.8736,0.48047,0.01892,-155.89171,-25.055264,-7.727358896498887,-4.39048811255262,32.08387290878555
-1565660936169.0,2258997.0,2013.0,0.06604,-0.04034,-0.8736,0.48047,0.01892,-155.89343,-25.032406,-7.72030720628003,-4.394353512094712,32.08360469869953
-1565660936163.0,2259003.0,2019.0,0.06598,-0.04016,-0.8736,0.48047,0.01892,-155.9034,-24.963596,-7.698769295351486,-4.398269006684613,32.083066457812734
-1565660936157.0,2259003.0,2025.0,0.06598,-0.0401,-0.8736,0.48047,0.01892,-155.90488,-24.944004,-7.692725253386762,-4.401582239655522,32.08283918519629
-1565660936152.0,2259015.0,2030.0,0.06598,-0.04004,-0.8736,0.48047,0.01892,-155.90634,-24.92441,-7.686681267689437,-4.404895487374155,32.08261260833531
-1565660936146.0,2259025.0,2036.0,0.06598,-0.03998,-0.8736,0.48047,0.01892,-155.90782,-24.904818,-7.680637338135265,-4.408208749851787,32.08238672725972
-1565660936140.0,2259032.0,2042.0,0.06598,-0.03992,-0.8736,0.48047,0.01892,-155.9093,-24.885227,-7.674593464599988,-4.4115220270996955,32.082161541999426
-1565660936135.0,2259032.0,2047.0,0.06592,-0.03986,-0.87366,0.48047,0.01892,-155.86598,-24.846748,-7.665417044303692,-4.409265615212673,32.09053130378908
-1565660936129.0,2259039.0,2053.0,0.06592,-0.03979,-0.87366,0.48047,0.01892,-155.8677,-24.823898,-7.658365560343094,-4.413131112271789,32.09027018195138
-1565660936124.0,2259048.0,2058.0,0.06592,-0.03973,-0.87366,0.48047,0.01898,-155.8692,-24.804312,-7.652321491512493,-4.416444411483922,32.090047116945
-1565660936116.0,2259055.0,2066.0,0.06586,-0.03961,-0.87366,0.48047,0.01898,-155.87764,-24.755096,-7.6368288060108505,-4.4170462919721665,32.08974817470272
-1565660936112.0,2259055.0,2070.0,0.06586,-0.03955,-0.87366,0.48041,0.01898,-155.85953,-24.734034,-7.630334787221476,-4.420632345767805,32.0927277095569
-1565660936107.0,2259064.0,2075.0,0.06586,-0.03949,-0.87366,0.48041,0.01892,-155.861,-24.714445,-7.6242909644697106,-4.423945264736637,32.09250722683933
-1565660936097.0,2259075.0,2085.0,0.06586,-0.03943,-0.87366,0.48041,0.01898,-155.86247,-24.694855,-7.6182471967617005,-4.4272581985256085,32.09228744004281
-1565660936095.0,2259075.0,2087.0,0.06586,-0.03931,-0.87366,0.48041,0.01892,-155.86542,-24.655685,-7.606159825979675,-4.433884110609072,32.09184995433148
-1565660936091.0,2259080.0,2091.0,0.06586,-0.03925,-0.87366,0.48041,0.01898,-155.86691,-24.636097,-7.600116222657008,-4.437197088926118,32.091632255475815
-1565660936084.0,2259087.0,2098.0,0.0658,-0.03918,-0.87366,0.48041,0.01898,-155.8741,-24.603197,-7.589661519523147,-4.4350373402095915,32.091522711001545
-1565660936079.0,2259087.0,2103.0,0.0658,-0.03912,-0.87372,0.48041,0.01898,-155.82535,-24.574867,-7.583885486238064,-4.438804092084669,32.099754679037645
-1565660936073.0,2259099.0,2109.0,0.0658,-0.03906,-0.87372,0.48041,0.01898,-155.82683,-24.555285,-7.577841683372129,-4.442117092481574,32.09953909896876
-1565660936068.0,2259099.0,2114.0,0.0658,-0.039,-0.87372,0.48041,0.01898,-155.82831,-24.535706,-7.571797934668381,-4.445430107760472,32.09932421485787
-1565660936062.0,2259109.0,2120.0,0.0658,-0.039,-0.87372,0.48041,0.01898,-155.82831,-24.535706,-7.571797934668381,-4.445430107760472,32.09932421485787
-1565660936056.0,2259116.0,2126.0,0.0658,-0.039,-0.87372,0.48041,0.01898,-155.82831,-24.535706,-7.571797934668381,-4.445430107760472,32.09932421485787
-1565660936049.0,2259116.0,2133.0,0.0658,-0.03894,-0.87372,0.48041,0.01898,-155.82977,-24.516123,-7.565754240002466,-4.448743137932638,32.09911002673442
-1565660936046.0,2259125.0,2136.0,0.0658,-0.03894,-0.87372,0.48041,0.01898,-155.82977,-24.516123,-7.565754240002466,-4.448743137932638,32.09911002673442
-1565660936039.0,2259131.0,2143.0,0.0658,-0.03894,-0.87372,0.48041,0.01898,-155.82977,-24.516123,-7.565754240002466,-4.448743137932638,32.09911002673442
-1565660936034.0,2259131.0,2148.0,0.0658,-0.03894,-0.87372,0.48041,0.01898,-155.82977,-24.516123,-7.565754240002466,-4.448743137932638,32.09911002673442
-1565660936028.0,2259142.0,2154.0,0.06586,-0.03894,-0.87372,0.48035,0.01898,-155.8047,-24.524687,-7.568707773293487,-4.455037115667818,32.10216927934623
-1565660936022.0,2259147.0,2160.0,0.06586,-0.039,-0.87372,0.48035,0.01898,-155.8032,-24.544266,-7.574751509717504,-4.451724470949009,32.10238323002221
-1565660936015.0,2259147.0,2167.0,0.06592,-0.039,-0.87372,0.48035,0.01898,-155.79776,-24.554308,-7.578155065198374,-4.4577499300558765,32.10224029434215
-1565660936011.0,2259159.0,2171.0,0.06592,-0.03906,-0.87372,0.48035,0.01898,-155.79628,-24.573889,-7.5841988890598,-4.454437273117722,32.10245472196527
-1565660936005.0,2259166.0,2177.0,0.06598,-0.03906,-0.87372,0.48035,0.01898,-155.79079,-24.583925,-7.5876026423206495,-4.46046275445752,32.102311568346565
-1565660935999.0,2259172.0,2183.0,0.06604,-0.03912,-0.87372,0.48035,0.01898,-155.78384,-24.613544,-7.597050504961199,-4.463175588878945,32.10238310134298
-1565660935995.0,2259172.0,2187.0,0.0661,-0.03912,-0.87372,0.48035,0.01898,-155.77834,-24.623577,-7.600454620841732,-4.469201141927088,32.1022397309371
-1565660935989.0,2259172.0,2193.0,0.06616,-0.03918,-0.87372,0.48035,0.01898,-155.77138,-24.653193,-7.609902967624445,-4.471914008665481,32.10231130498941
-1565660935984.0,2259183.0,2198.0,0.06622,-0.03925,-0.87366,0.48035,0.01898,-155.81435,-24.694841,-7.620090667576077,-4.473618075534883,32.09397063824265
-1565660935978.0,2259193.0,2204.0,0.06628,-0.03931,-0.87366,0.48035,0.01898,-155.80734,-24.724463,-7.629539196777705,-4.476330544840803,32.094042954658306
-1565660935972.0,2259199.0,2210.0,0.06635,-0.03937,-0.87366,0.48035,0.01898,-155.79944,-24.75575,-7.639555514986009,-4.480047232388615,32.0940914856846
-1565660935967.0,2259199.0,2215.0,0.06641,-0.03937,-0.87366,0.48035,0.01898,-155.79393,-24.765783,-7.642960623883059,-4.486072510492851,32.09394721921416
-1565660935960.0,2259208.0,2222.0,0.06641,-0.03943,-0.87366,0.48035,0.01898,-155.79243,-24.785364,-7.649004651582654,-4.48275972553223,32.09416428404192
-1565660935956.0,2259216.0,2226.0,0.06647,-0.03943,-0.87366,0.48035,0.01898,-155.78691,-24.795391,-7.652409959751561,-4.488785026008069,32.094019799703844
-1565660935948.0,2259222.0,2234.0,0.06647,-0.03949,-0.87366,0.48035,0.01898,-155.78542,-24.81497,-7.658454075761248,-4.485472228743459,32.09423734150221
-1565660935944.0,2259222.0,2238.0,0.06653,-0.03955,-0.87366,0.48035,0.01898,-155.77841,-24.844576,-7.667903787822455,-4.488184742028495,32.09431065804881
-1565660935937.0,2259231.0,2245.0,0.06659,-0.03961,-0.87366,0.48029,0.01898,-155.7518,-24.872688,-7.676898655259709,-4.491170442455697,32.09758577322316
-1565660935932.0,2259231.0,2250.0,0.06665,-0.03961,-0.87366,0.48029,0.01898,-155.74626,-24.882711,-7.6803041522020035,-4.497195812386809,32.09744060946625
-1565660935927.0,2259242.0,2255.0,0.06665,-0.03967,-0.87366,0.48029,0.01898,-155.74477,-24.902292,-7.6863485424068925,-4.493883390724796,32.097659563544255
-1565660935921.0,2259248.0,2261.0,0.06671,-0.03973,-0.87372,0.48022,0.01898,-155.66472,-24.921284,-7.695538331184953,-4.497376104357261,32.10991765509718
-1565660935914.0,2259257.0,2268.0,0.06677,-0.03973,-0.87372,0.48022,0.01898,-155.65916,-24.931293,-7.69894374990997,-4.503401939425855,32.10977201451547
-1565660935908.0,2259257.0,2274.0,0.06677,-0.03979,-0.87372,0.48022,0.01898,-155.65765,-24.950865,-7.7049887327891495,-4.50008997230757,32.1099917648948
-1565660935905.0,2259257.0,2277.0,0.06683,-0.03979,-0.87372,0.48016,0.01898,-155.63255,-24.95938,-7.707937602778485,-4.50639025404572,32.113048980669106
-1565660935900.0,2259271.0,2282.0,0.06689,-0.03979,-0.87372,0.48016,0.01898,-155.62698,-24.969387,-7.7113429785728504,-4.512416163807717,32.11290309736329
-1565660935893.0,2259277.0,2289.0,0.06696,-0.03986,-0.87378,0.4801,0.01898,-155.54903,-24.993498,-7.722183601828278,-4.516319619781225,32.12463974755279
-1565660935888.0,2259283.0,2294.0,0.06696,-0.03986,-0.87378,0.48004,0.01898,-155.52946,-24.991999,-7.721725972757002,-4.516594530618803,32.12784434258025
-1565660935881.0,2259291.0,2301.0,0.06702,-0.03986,-0.87378,0.48004,0.01898,-155.52391,-25.001995,-7.725130929705656,-4.522620938936232,32.12769814328912
-1565660935877.0,2259291.0,2305.0,0.06702,-0.03986,-0.87378,0.47998,0.01898,-155.50433,-25.000496,-7.7246728895082555,-4.522895852163728,32.13090328320531
-1565660935871.0,2259300.0,2311.0,0.06702,-0.03986,-0.87384,0.47998,0.01898,-155.45428,-24.991615,-7.724945308044393,-4.523358087333886,32.13934902624348
-1565660935862.0,2259310.0,2320.0,0.06708,-0.03986,-0.87384,0.47992,0.01898,-155.42918,-25.000105,-7.727891571398477,-4.529659881545711,32.142408933038226
-1565660935860.0,2259310.0,2322.0,0.06708,-0.03986,-0.87384,0.47992,0.01898,-155.42918,-25.000105,-7.727891571398477,-4.529659881545711,32.142408933038226
-1565660935853.0,2259316.0,2329.0,0.06708,-0.03979,-0.87384,0.47986,0.01898,-155.41138,-24.975788,-7.720379360164259,-4.533796022784584,32.14536016043752
-1565660935847.0,2259316.0,2335.0,0.06714,-0.03979,-0.8739,0.47986,0.01898,-155.35579,-24.976898,-7.7240553286681575,-4.540286061870837,32.15365890800474
-1565660935842.0,2259328.0,2340.0,0.06714,-0.03973,-0.8739,0.4798,0.01898,-155.33772,-24.955845,-7.717549988645519,-4.543869754345101,32.15664878461237
-1565660935837.0,2259335.0,2345.0,0.06714,-0.03973,-0.87396,0.47974,0.01898,-155.26819,-24.945475,-7.717362649486271,-4.544606855448171,32.168300920917886
-1565660935830.0,2259335.0,2352.0,0.06714,-0.03973,-0.87396,0.47974,0.01898,-155.26819,-24.945475,-7.717362649486271,-4.544606855448171,32.168300920917886
-1565660935826.0,2259343.0,2356.0,0.0672,-0.03967,-0.87396,0.47968,0.01898,-155.24461,-24.93441,-7.7142598220797876,-4.55421724134148,32.17114759510271
-1565660935821.0,2259343.0,2361.0,0.0672,-0.03967,-0.87396,0.47968,0.01898,-155.24461,-24.93441,-7.7142598220797876,-4.55421724134148,32.17114759510271
-1565660935815.0,2259352.0,2367.0,0.0672,-0.03961,-0.87402,0.47961,0.01898,-155.17339,-24.904266,-7.707947878648157,-4.55830796674046,32.18311954329074
-1565660935809.0,2259360.0,2373.0,0.0672,-0.03955,-0.87402,0.47961,0.01898,-155.17488,-24.884731,-7.701900703760846,-4.561615993168177,32.18290432043749
-1565660935803.0,2259367.0,2379.0,0.0672,-0.03949,-0.87402,0.47955,0.01898,-155.15686,-24.863691,-7.695394254281167,-4.565196412163968,32.185900892053965
-1565660935797.0,2259375.0,2385.0,0.0672,-0.03949,-0.87402,0.47955,0.01898,-155.15686,-24.863691,-7.695394254281167,-4.565196412163968,32.185900892053965
-1565660935793.0,2259375.0,2389.0,0.0672,-0.03943,-0.87408,0.47955,0.01898,-155.10847,-24.83533,-7.6896166989013235,-4.568967562450912,32.19412896351817
-1565660935782.0,2259383.0,2400.0,0.0672,-0.03937,-0.87408,0.47949,0.01898,-155.09044,-24.814299,-7.68310992655269,-4.572546776603396,32.19712814560063
-1565660935780.0,2259383.0,2402.0,0.0672,-0.03937,-0.87408,0.47949,0.01898,-155.09044,-24.814299,-7.68310992655269,-4.572546776603396,32.19712814560063
-1565660935775.0,2259393.0,2407.0,0.0672,-0.03931,-0.87408,0.47949,0.01898,-155.09195,-24.794771,-7.6770625465359466,-4.575854041003013,32.1969158775492
-1565660935770.0,2259400.0,2412.0,0.0672,-0.03931,-0.87408,0.47949,0.01898,-155.09195,-24.794771,-7.6770625465359466,-4.575854041003013,32.1969158775492
-1565660935763.0,2259400.0,2419.0,0.0672,-0.03925,-0.87408,0.47949,0.01898,-155.09344,-24.775238,-7.671015220521319,-4.579161320681505,32.196704304887746
-1565660935759.0,2259411.0,2423.0,0.0672,-0.03925,-0.87408,0.47949,0.01898,-155.09344,-24.775238,-7.671015220521319,-4.579161320681505,32.196704304887746
-1565660935753.0,2259417.0,2429.0,0.0672,-0.03918,-0.87408,0.47949,0.01898,-155.09518,-24.752455,-7.663960074924499,-4.583019832965536,32.1964583490513
-1565660935746.0,2259417.0,2436.0,0.0672,-0.03918,-0.87408,0.47949,0.01898,-155.09518,-24.752455,-7.663960074924499,-4.583019832965536,32.1964583490513
-1565660935742.0,2259426.0,2440.0,0.0672,-0.03918,-0.87408,0.47949,0.01898,-155.09518,-24.752455,-7.663960074924499,-4.583019832965536,32.1964583490513
-1565660935736.0,2259435.0,2446.0,0.0672,-0.03918,-0.87408,0.47955,0.01898,-155.11473,-24.753954,-7.664419449313449,-4.582749587096013,32.19324612305776
-1565660935730.0,2259435.0,2452.0,0.0672,-0.03912,-0.87408,0.47955,0.01898,-155.11623,-24.734425,-7.658372248551792,-4.586057312521023,32.19303603775947
-1565660935725.0,2259445.0,2457.0,0.06714,-0.03912,-0.87408,0.47955,0.01898,-155.12177,-24.724453,-7.654970561960518,-4.580028303792353,32.19317979159406
-1565660935720.0,2259451.0,2462.0,0.06714,-0.03912,-0.87408,0.47955,0.01898,-155.12177,-24.724453,-7.654970561960518,-4.580028303792353,32.19317979159406
-1565660935713.0,2259451.0,2469.0,0.06714,-0.03912,-0.87408,0.47955,0.01898,-155.12177,-24.724453,-7.654970561960518,-4.580028303792353,32.19317979159406
-1565660935709.0,2259462.0,2473.0,0.06714,-0.03906,-0.87408,0.47955,0.01898,-155.12325,-24.704922,-7.64892344929235,-4.583336016624059,32.19297018212896
-1565660935704.0,2259468.0,2478.0,0.06714,-0.03906,-0.87408,0.47955,0.01898,-155.12325,-24.704922,-7.64892344929235,-4.583336016624059,32.19297018212896
-1565660935698.0,2259468.0,2484.0,0.06714,-0.03906,-0.87408,0.47955,0.01898,-155.12325,-24.704922,-7.64892344929235,-4.583336016624059,32.19297018212896
-1565660935692.0,2259475.0,2490.0,0.06714,-0.03906,-0.87408,0.47955,0.01898,-155.12325,-24.704922,-7.64892344929235,-4.583336016624059,32.19297018212896
-1565660935686.0,2259484.0,2496.0,0.06714,-0.039,-0.87408,0.47955,0.01898,-155.12476,-24.685392,-7.6428763901318915,-4.586643744763881,32.19276126813874
-1565660935680.0,2259484.0,2502.0,0.06714,-0.039,-0.87408,0.47955,0.01898,-155.12476,-24.685392,-7.6428763901318915,-4.586643744763881,32.19276126813874
-1565660935675.0,2259493.0,2507.0,0.06714,-0.039,-0.87408,0.47949,0.01898,-155.10522,-24.68389,-7.6424174000842,-4.58691275054097,32.19597357802223
-1565660935670.0,2259501.0,2512.0,0.06714,-0.039,-0.87408,0.47949,0.01898,-155.10522,-24.68389,-7.6424174000842,-4.58691275054097,32.19597357802223
-1565660935663.0,2259501.0,2519.0,0.06714,-0.03894,-0.87408,0.47949,0.01898,-155.10672,-24.66436,-7.636370385657043,-4.590220081389469,32.195765379027335
-1565660935659.0,2259511.0,2523.0,0.06714,-0.03888,-0.87415,0.47949,0.01898,-155.0501,-24.63462,-7.630633531439161,-4.5940677206368665,32.20540616723291
-1565660935653.0,2259519.0,2529.0,0.06714,-0.03888,-0.87415,0.47949,0.01898,-155.0501,-24.63462,-7.630633531439161,-4.5940677206368665,32.20540616723291
-1565660935646.0,2259519.0,2536.0,0.06714,-0.03888,-0.87415,0.47949,0.01898,-155.0501,-24.63462,-7.630633531439161,-4.5940677206368665,32.20540616723291
-1565660935641.0,2259529.0,2541.0,0.06714,-0.03888,-0.87415,0.47943,0.01898,-155.03056,-24.633121,-7.630174523775219,-4.59433590149373,32.20861961907855
-1565660935635.0,2259536.0,2547.0,0.06714,-0.03882,-0.87415,0.47943,0.01898,-155.03207,-24.613598,-7.624127134375982,-4.597642852898715,32.20841298613102
-1565660935630.0,2259536.0,2552.0,0.06714,-0.03882,-0.87415,0.47943,0.01898,-155.03207,-24.613598,-7.624127134375982,-4.597642852898715,32.20841298613102
-1565660935625.0,2259544.0,2557.0,0.06714,-0.03882,-0.87415,0.47943,0.01898,-155.03207,-24.613598,-7.624127134375982,-4.597642852898715,32.20841298613102
-1565660935620.0,2259551.0,2562.0,0.06714,-0.03882,-0.87415,0.47937,0.01898,-155.01254,-24.612099,-7.623668117083908,-4.59791062123928,32.21162702988846
-1565660935612.0,2259551.0,2570.0,0.06714,-0.03876,-0.87421,0.47937,0.01898,-154.9642,-24.583836,-7.61788576836622,-4.601680288693146,32.2198614942442
-1565660935607.0,2259562.0,2575.0,0.06714,-0.03876,-0.87421,0.47931,0.01898,-154.94469,-24.582336,-7.617426742019072,-4.601947644687941,32.22307658459194
-1565660935601.0,2259567.0,2581.0,0.06714,-0.0387,-0.87421,0.47931,0.01898,-154.94618,-24.562819,-7.61137903598519,-4.605253803707605,32.22287151471714
-1565660935596.0,2259576.0,2586.0,0.06714,-0.0387,-0.87421,0.47931,0.01898,-154.94618,-24.562819,-7.61137903598519,-4.605253803707605,32.22287151471714
-1565660935590.0,2259576.0,2592.0,0.06714,-0.03864,-0.87421,0.47931,0.01898,-154.9477,-24.543303,-7.605331382689811,-4.608559978094457,32.222667140267134
-1565660935585.0,2259586.0,2597.0,0.06714,-0.03864,-0.87421,0.47931,0.01898,-154.9477,-24.543303,-7.605331382689811,-4.608559978094457,32.222667140267134
-1565660935580.0,2259586.0,2602.0,0.06714,-0.03857,-0.87427,0.47925,0.01898,-154.88014,-24.510323,-7.598080512832793,-4.6131463712151595,32.23408499995122
-1565660935574.0,2259594.0,2608.0,0.06714,-0.03851,-0.87427,0.47925,0.01898,-154.88162,-24.490812,-7.592032559463737,-4.616452168459848,32.23388228434091
-1565660935568.0,2259594.0,2614.0,0.06714,-0.03845,-0.87427,0.47925,0.01898,-154.88313,-24.471302,-7.585984658425677,-4.619757981105884,32.233680264111655
-1565660935563.0,2259605.0,2619.0,0.06714,-0.03839,-0.87433,0.47919,0.01898,-154.81541,-24.441614,-7.57974022679572,-4.623791748711445,32.245134274471
-1565660935556.0,2259612.0,2626.0,0.06714,-0.03833,-0.87433,0.47919,0.01898,-154.81691,-24.42211,-7.573692016090536,-4.627097181713129,32.24493379665452
-1565660935552.0,2259619.0,2630.0,0.06714,-0.03833,-0.87433,0.47913,0.01898,-154.79741,-24.420612,-7.573232926113074,-4.627361581150362,32.24815165532861
-1565660935545.0,2259619.0,2637.0,0.06714,-0.03827,-0.87433,0.47913,0.01898,-154.7989,-24.401106,-7.567184758741546,-4.630666616940071,32.2479518928907
-1565660935541.0,2259628.0,2641.0,0.06714,-0.03821,-0.87439,0.47906,0.01898,-154.72797,-24.371197,-7.560862299851872,-4.634742306368876,32.25994564628819
-1565660935536.0,2259635.0,2646.0,0.0672,-0.03815,-0.87439,0.47906,0.01898,-154.72398,-24.361656,-7.558211594219107,-4.644078533461768,32.2596069691529
-1565660935529.0,2259635.0,2653.0,0.0672,-0.03809,-0.87439,0.479,0.01898,-154.706,-24.340658,-7.551703594948851,-4.647645916067497,32.26262927666832
-1565660935524.0,2259646.0,2658.0,0.0672,-0.03802,-0.87445,0.47894,0.01898,-154.6386,-24.307775,-7.5444475625487,-4.652226687614319,32.274057371866476
-1565660935520.0,2259651.0,2662.0,0.0672,-0.0379,-0.87445,0.47894,0.01898,-154.6416,-24.268793,-7.5323500653473285,-4.658834386268933,32.27366681926446
-1565660935513.0,2259651.0,2669.0,0.06714,-0.03784,-0.87451,0.47888,0.01898,-154.57951,-24.22926,-7.5227042425964585,-4.6568302302461655,32.285269292996404
-1565660935508.0,2259659.0,2674.0,0.06714,-0.03784,-0.87451,0.47882,0.01898,-154.56003,-24.227764,-7.522245079027544,-4.657091260673032,32.28849163779982
-1565660935501.0,2259668.0,2681.0,0.06714,-0.03778,-0.87451,0.47882,0.01898,-154.56155,-24.208279,-7.516196070396277,-4.6603942972938395,32.288298050550225
-1565660935495.0,2259668.0,2687.0,0.06714,-0.03772,-0.87457,0.47876,0.01898,-154.49394,-24.178705,-7.509945904354878,-4.664420709030394,32.29976326768322
-1565660935491.0,2259677.0,2691.0,0.06708,-0.03766,-0.87457,0.47876,0.01898,-154.50092,-24.149286,-7.500501314832135,-4.661690282256624,32.29971003876837
-1565660935485.0,2259687.0,2697.0,0.06708,-0.0376,-0.87457,0.4787,0.01898,-154.48294,-24.128311,-7.493993290700857,-4.665252304448033,32.30274251855194
-1565660935480.0,2259687.0,2702.0,0.06708,-0.03754,-0.87463,0.4787,0.01898,-154.43497,-24.100286,-7.488200853897862,-4.669017295182481,32.31098564172024
-1565660935473.0,2259697.0,2709.0,0.06702,-0.03748,-0.87463,0.47864,0.01898,-154.42242,-24.069382,-7.478298323255226,-4.666544573259412,32.31415894564003
-1565660935469.0,2259697.0,2713.0,0.06702,-0.03748,-0.87463,0.47864,0.01898,-154.42242,-24.069382,-7.478298323255226,-4.666544573259412,32.31415894564003
-1565660935464.0,2259704.0,2718.0,0.06696,-0.03741,-0.87469,0.47858,0.01898,-154.36064,-24.0267,-7.467644524651146,-4.6650831799580015,32.325734774723244
-1565660935458.0,2259712.0,2724.0,0.06696,-0.03741,-0.87469,0.47852,0.01898,-154.34117,-24.02521,-7.46718652865063,-4.665341247160158,32.3289615662848
-1565660935452.0,2259719.0,2730.0,0.06696,-0.03741,-0.87476,0.47845,0.01898,-154.26082,-24.013536,-7.4669507246306495,-4.666181225172559,32.342564154763664
-1565660935446.0,2259719.0,2736.0,0.06696,-0.03735,-0.87476,0.47845,0.01898,-154.26231,-23.994072,-7.460900440394704,-4.669481752134186,32.34237555354022
-1565660935441.0,2259729.0,2741.0,0.06696,-0.03735,-0.87476,0.47839,0.01898,-154.24286,-23.992586,-7.460442434426042,-4.669739407050267,32.345604136600954
-1565660935435.0,2259736.0,2747.0,0.06696,-0.03735,-0.87482,0.47839,0.01898,-154.19345,-23.984076,-7.460697908303703,-4.670201323570487,32.35403447346688
-1565660935430.0,2259736.0,2752.0,0.06696,-0.03735,-0.87482,0.47833,0.01898,-154.174,-23.982586,-7.460239901911021,-4.670458978750898,32.35726408166842
-1565660935423.0,2259743.0,2759.0,0.06696,-0.03729,-0.87488,0.47827,0.01898,-154.10672,-23.953152,-7.453986298032891,-4.674477859949778,32.36873589305702
-1565660935418.0,2259752.0,2764.0,0.06696,-0.03723,-0.87488,0.47821,0.01898,-154.08875,-23.932213,-7.447477251829546,-4.6780340143933,32.37178025026901
-1565660935411.0,2259761.0,2771.0,0.06696,-0.03723,-0.87494,0.47815,0.01892,-154.02002,-23.92225,-7.447273890155829,-4.6787527667935125,32.38344042446299
-1565660935407.0,2259761.0,2775.0,0.06696,-0.03717,-0.87494,0.47815,0.01892,-154.02151,-23.90281,-7.441222495684189,-4.682051283411113,32.383254396597096
-1565660935400.0,2259771.0,2782.0,0.06696,-0.03711,-0.87494,0.47815,0.01892,-154.02301,-23.883366,-7.435171150720025,-4.685349815581153,32.38306906349155
-1565660935396.0,2259771.0,2786.0,0.06689,-0.03699,-0.875,0.47809,0.01892,-153.96356,-23.822979,-7.418908849104995,-4.6856217333370465,32.39452018743697
-1565660935390.0,2259781.0,2792.0,0.06689,-0.03693,-0.875,0.47809,0.01892,-153.96504,-23.80354,-7.412857279134699,-4.688919868439275,32.394336829380336
-1565660935384.0,2259788.0,2798.0,0.06683,-0.03687,-0.875,0.47803,0.01892,-153.95251,-23.772705,-7.402959042399635,-4.686436107527961,32.39752448022361
-1565660935379.0,2259788.0,2803.0,0.06677,-0.03668,-0.87506,0.47803,0.01892,-153.91335,-23.692837,-7.38065840459649,-4.691303274967136,32.40551198286127
-1565660935374.0,2259796.0,2808.0,0.06677,-0.03662,-0.87506,0.47797,0.01892,-153.89539,-23.67192,-7.374149931447843,-4.694853651143137,32.408567110113395
-1565660935368.0,2259803.0,2814.0,0.06671,-0.03656,-0.87506,0.47797,0.01892,-153.90228,-23.642578,-7.364710116134661,-4.6921142754610665,32.40852294311128
-1565660935362.0,2259803.0,2820.0,0.06671,-0.0365,-0.87512,0.47791,0.01892,-153.83517,-23.6133,-7.358451887233635,-4.696123622983749,32.42000556240933
-1565660935357.0,2259812.0,2825.0,0.06665,-0.03644,-0.87512,0.47791,0.01892,-153.84201,-23.583961,-7.349012435731008,-4.693383414480876,32.419962303480375
-1565660935352.0,2259819.0,2830.0,0.06665,-0.03638,-0.87518,0.47784,0.01892,-153.77164,-23.554459,-7.342677502091461,-4.69743294252604,32.43198563230847
-1565660935346.0,2259819.0,2836.0,0.06665,-0.03638,-0.87518,0.47778,0.01892,-153.75223,-23.55298,-7.342221476293067,-4.697683916031809,32.435223675484224
-1565660935338.0,2259828.0,2844.0,0.06659,-0.03632,-0.87524,0.47772,0.01892,-153.69054,-23.513847,-7.332575743451396,-4.695652330178169,32.44684346770789
-1565660935336.0,2259836.0,2846.0,0.06659,-0.03632,-0.87524,0.47772,0.01892,-153.69054,-23.513847,-7.332575743451396,-4.695652330178169,32.44684346770789
-1565660935328.0,2259836.0,2854.0,0.06659,-0.03625,-0.87524,0.47766,0.01892,-153.67285,-23.48972,-7.325058832859252,-4.699747310758993,32.44987783242347
-1565660935324.0,2259844.0,2858.0,0.06653,-0.03625,-0.87531,0.4776,0.01892,-153.60156,-23.468649,-7.321507588808402,-4.6944948644534366,32.463078336008294
-1565660935317.0,2259844.0,2865.0,0.06653,-0.03625,-0.87537,0.47754,0.01892,-153.53311,-23.458866,-7.321300401169594,-4.695203906694568,32.47474028551923
-1565660935310.0,2259855.0,2872.0,0.06653,-0.03625,-0.87537,0.47748,0.01892,-153.51372,-23.457392,-7.320845176133771,-4.695453982574205,32.47798272073443
-1565660935307.0,2259855.0,2875.0,0.06647,-0.03625,-0.87537,0.47748,0.01892,-153.51906,-23.447502,-7.317461176025141,-4.689415140784556,32.47811700584846
-1565660935300.0,2259866.0,2882.0,0.06647,-0.03625,-0.87537,0.47742,0.01892,-153.49965,-23.446028,-7.317006361048173,-4.689665214590325,32.48136004159056
-1565660935296.0,2259872.0,2886.0,0.06647,-0.03625,-0.87543,0.47742,0.01892,-153.4507,-23.437738,-7.317254398517041,-4.690123763950375,32.489779457184056
-1565660935290.0,2259880.0,2892.0,0.06641,-0.03632,-0.87543,0.47736,0.01892,-153.4349,-23.44901,-7.32047927788806,-4.680492703915497,32.49336337120562
-1565660935286.0,2259880.0,2896.0,0.06641,-0.03632,-0.87543,0.47736,0.01892,-153.4349,-23.44901,-7.32047927788806,-4.680492703915497,32.49336337120562
-1565660935278.0,2259889.0,2904.0,0.06641,-0.03632,-0.87543,0.47736,0.01892,-153.4349,-23.44901,-7.32047927788806,-4.680492703915497,32.49336337120562
-1565660935275.0,2259889.0,2907.0,0.06635,-0.03632,-0.87549,0.47729,0.01886,-153.36862,-23.429115,-7.316815247121689,-4.675203599126288,32.50570169510209
-1565660935269.0,2259903.0,2913.0,0.06635,-0.03638,-0.87549,0.47723,0.01886,-153.34778,-23.447039,-7.322415453486462,-4.672162011740497,32.509124428127805
-1565660935263.0,2259903.0,2919.0,0.06635,-0.03638,-0.87549,0.47723,0.01886,-153.34778,-23.447039,-7.322415453486462,-4.672162011740497,32.509124428127805
-1565660935258.0,2259913.0,2924.0,0.06635,-0.03638,-0.87549,0.47723,0.01886,-153.34778,-23.447039,-7.322415453486462,-4.672162011740497,32.509124428127805
-1565660935251.0,2259920.0,2931.0,0.06635,-0.03638,-0.87555,0.47723,0.01886,-153.29895,-23.438765,-7.322664371159436,-4.672619721819787,32.51754095411992
-1565660935245.0,2259920.0,2937.0,0.06635,-0.03638,-0.87555,0.47717,0.01886,-153.27957,-23.437296,-7.322210393831305,-4.6728706864181495,32.52078773295422
-1565660935241.0,2259928.0,2941.0,0.06635,-0.03638,-0.87555,0.47717,0.01886,-153.27957,-23.437296,-7.322210393831305,-4.6728706864181495,32.52078773295422
-1565660935235.0,2259928.0,2947.0,0.06635,-0.03638,-0.87555,0.47717,0.01886,-153.27957,-23.437296,-7.322210393831305,-4.6728706864181495,32.52078773295422
-1565660935229.0,2259941.0,2953.0,0.06635,-0.03638,-0.87555,0.47711,0.01886,-153.26016,-23.435825,-7.321756415578757,-4.673121651106363,32.52403508902664
-1565660935224.0,2259941.0,2958.0,0.06635,-0.03644,-0.87555,0.47711,0.01892,-153.25868,-23.455212,-7.327811077815069,-4.669830350865199,32.52421257060276
-1565660935218.0,2259949.0,2964.0,0.06635,-0.03644,-0.87561,0.47711,0.01892,-153.20981,-23.446918,-7.328060402184609,-4.670288059422524,32.53262783685214
-1565660935212.0,2259956.0,2970.0,0.06635,-0.03644,-0.87561,0.47711,0.01892,-153.20981,-23.446918,-7.328060402184609,-4.670288059422524,32.53262783685214
-1565660935207.0,2259965.0,2975.0,0.06635,-0.03644,-0.87561,0.47705,0.01892,-153.19044,-23.44545,-7.327606431835616,-4.6705394370903495,32.535876193874316
-1565660935200.0,2259965.0,2982.0,0.06635,-0.03644,-0.87561,0.47705,0.01892,-153.19044,-23.44545,-7.327606431835616,-4.6705394370903495,32.535876193874316
-1565660935196.0,2259973.0,2986.0,0.06641,-0.03644,-0.87561,0.47705,0.01892,-153.18518,-23.455322,-7.330987273793989,-4.676579771543251,32.53574099645469
-1565660935190.0,2259981.0,2992.0,0.06641,-0.0365,-0.87561,0.47705,0.01892,-153.1837,-23.474703,-7.337042434025108,-4.673288868969391,32.53591880364152
-1565660935184.0,2259981.0,2998.0,0.06647,-0.0365,-0.87561,0.47699,0.01892,-153.15901,-23.483097,-7.339968690090235,-4.679581021946192,32.53903225044277
-1565660935178.0,2259991.0,3004.0,0.06653,-0.03656,-0.87567,0.47693,0.01892,-153.08405,-23.502567,-7.349199721432694,-4.683042071665319,32.55073853874009
-1565660935173.0,2259991.0,3009.0,0.06659,-0.03656,-0.87567,0.47693,0.01892,-153.07872,-23.512424,-7.352580303472269,-4.689082927932508,32.550602843419085
-1565660935168.0,2260000.0,3014.0,0.06659,-0.03662,-0.87567,0.47687,0.01892,-153.05788,-23.530321,-7.358180498477682,-4.686045419353543,32.55403157789456
-1565660935162.0,2260008.0,3020.0,0.06665,-0.03662,-0.87567,0.47681,0.01892,-153.0332,-23.538706,-7.361104865904913,-4.692338928835299,32.55714656471547
-1565660935156.0,2260015.0,3026.0,0.06665,-0.03668,-0.87573,0.47681,0.01892,-152.98303,-23.54977,-7.367411704296954,-4.689509398477936,32.565738243632836
-1565660935151.0,2260015.0,3031.0,0.06671,-0.03674,-0.87573,0.47675,0.01892,-152.95686,-23.577507,-7.376391843513651,-4.692514843550073,32.56903306638701
-1565660935146.0,2260015.0,3036.0,0.06671,-0.03674,-0.87573,0.47668,0.01892,-152.9343,-23.575785,-7.375859378330202,-4.6928105413385,32.572827658877
-1565660935139.0,2260027.0,3043.0,0.06677,-0.03687,-0.87579,0.47662,0.01892,-152.85768,-23.617765,-7.392156728008408,-4.692441902175377,32.58474602829432
-1565660935135.0,2260034.0,3047.0,0.06677,-0.03693,-0.87579,0.47656,0.01892,-152.83685,-23.635647,-7.3977569434515855,-4.689408656113266,32.58818100667956
-1565660935129.0,2260034.0,3053.0,0.06677,-0.03693,-0.87585,0.47656,0.01892,-152.78821,-23.627316,-7.398009587672989,-4.68986927488217,32.59659114683416
-1565660935123.0,2260043.0,3059.0,0.06683,-0.03699,-0.87585,0.4765,0.01886,-152.76207,-23.65502,-7.406988824714269,-4.692878998648227,32.599890186616946
-1565660935117.0,2260049.0,3065.0,0.06683,-0.03705,-0.87585,0.47644,0.01886,-152.74124,-23.672894,-7.412589201253764,-4.689847406349056,32.60332769204598
-1565660935111.0,2260055.0,3071.0,0.06683,-0.03705,-0.87592,0.47638,0.01892,-152.66528,-23.6617,-7.412427720749456,-4.690640871213652,32.616394377995306
-1565660935106.0,2260065.0,3076.0,0.06689,-0.03711,-0.87592,0.47638,0.01892,-152.65846,-23.690857,-7.421863781548628,-4.693397142746196,32.61643880304341
-1565660935101.0,2260065.0,3081.0,0.06689,-0.03717,-0.87592,0.47632,0.01892,-152.63765,-23.708721,-7.427464387394057,-4.690367203860104,32.61987888713884
-1565660935095.0,2260071.0,3087.0,0.06689,-0.03717,-0.87598,0.47626,0.01892,-152.56975,-23.69889,-7.4272610812751045,-4.691085072119947,32.631544102433665
-1565660935090.0,2260081.0,3092.0,0.06696,-0.03723,-0.87598,0.47626,0.01892,-152.56206,-23.729673,-7.437260026790816,-4.694849764909138,32.631565937766325
-1565660935083.0,2260081.0,3099.0,0.06696,-0.03723,-0.87598,0.4762,0.01892,-152.54274,-23.728199,-7.436801979700898,-4.695106601331696,32.63482468871911
-1565660935077.0,2260094.0,3105.0,0.06696,-0.03729,-0.87598,0.4762,0.01892,-152.54126,-23.747532,-7.442860732220531,-4.691821475383895,32.63500850581734
-1565660935071.0,2260100.0,3111.0,0.06696,-0.03729,-0.87598,0.4762,0.01892,-152.54126,-23.747532,-7.442860732220531,-4.691821475383895,32.63500850581734
-1565660935067.0,2260100.0,3115.0,0.06702,-0.03729,-0.87604,0.47614,0.01892,-152.46819,-23.747505,-7.44603456177176,-4.6985841468285106,32.646535071509646
-1565660935061.0,2260108.0,3121.0,0.06702,-0.03735,-0.87604,0.47614,0.01892,-152.4667,-23.766836,-7.4520938138799675,-4.695299418423396,32.64671920987567
-1565660935055.0,2260108.0,3127.0,0.06702,-0.03735,-0.87604,0.47614,0.01892,-152.4667,-23.766836,-7.4520938138799675,-4.695299418423396,32.64671920987567
-1565660935050.0,2260117.0,3132.0,0.06702,-0.03735,-0.87604,0.47614,0.01892,-152.4667,-23.766836,-7.4520938138799675,-4.695299418423396,32.64671920987567
-1565660935044.0,2260124.0,3138.0,0.06708,-0.03735,-0.87604,0.47607,0.01892,-152.43881,-23.774912,-7.454935473150756,-4.701643544395917,32.65038391113863
-1565660935039.0,2260124.0,3143.0,0.06708,-0.03741,-0.87604,0.47607,0.01892,-152.43733,-23.794239,-7.460994820719066,-4.698359284482813,32.65056849464666
-1565660935034.0,2260133.0,3148.0,0.06714,-0.03741,-0.87604,0.47607,0.01892,-152.432,-23.804039,-7.464371530648673,-4.704402825877724,32.65042925508547
-1565660935028.0,2260139.0,3154.0,0.06714,-0.03741,-0.87604,0.47607,0.01892,-152.432,-23.804039,-7.464371530648673,-4.704402825877724,32.65042925508547
-1565660935021.0,2260147.0,3161.0,0.06714,-0.03741,-0.87604,0.47607,0.01892,-152.432,-23.804039,-7.464371530648673,-4.704402825877724,32.65042925508547
-1565660935017.0,2260155.0,3165.0,0.06714,-0.03741,-0.87604,0.47607,0.01892,-152.432,-23.804039,-7.464371530648673,-4.704402825877724,32.65042925508547
-1565660935009.0,2260162.0,3173.0,0.06714,-0.03741,-0.87604,0.47607,0.01892,-152.432,-23.804039,-7.464371530648673,-4.704402825877724,32.65042925508547
-1565660935005.0,2260162.0,3177.0,0.0672,-0.03735,-0.87604,0.47607,0.01892,-152.42815,-23.794512,-7.46168898668872,-4.713730736681899,32.6501058778627
-1565660935000.0,2260162.0,3182.0,0.06714,-0.03735,-0.87604,0.47607,0.01892,-152.43349,-23.78471,-7.458312147181396,-4.707687114290555,32.65024489397426
-1565660934995.0,2260173.0,3187.0,0.06714,-0.03735,-0.87604,0.47607,0.01898,-152.43349,-23.78471,-7.458312147181396,-4.707687114290555,32.65024489397426
-1565660934989.0,2260180.0,3193.0,0.06714,-0.03729,-0.87604,0.47607,0.01898,-152.43495,-23.765383,-7.4522528133228185,-4.710971418206745,32.65006122561577
-1565660934981.0,2260180.0,3201.0,0.06714,-0.03729,-0.87604,0.47607,0.01898,-152.43495,-23.765383,-7.4522528133228185,-4.710971418206745,32.65006122561577
-1565660934977.0,2260192.0,3205.0,0.06714,-0.03723,-0.87604,0.47607,0.01892,-152.43645,-23.746058,-7.446193528948757,-4.714255737637304,32.64987825003857
-1565660934969.0,2260192.0,3213.0,0.06714,-0.03723,-0.8761,0.47601,0.01892,-152.36868,-23.736216,-7.445988924830045,-4.714975769159134,32.661544256237605
-1565660934965.0,2260205.0,3217.0,0.06714,-0.03717,-0.8761,0.47601,0.01892,-152.37016,-23.716894,-7.439929275563828,-4.718259693587878,32.661362122616666
-1565660934961.0,2260211.0,3221.0,0.06714,-0.03717,-0.8761,0.47601,0.01892,-152.37016,-23.716894,-7.439929275563828,-4.718259693587878,32.661362122616666
-1565660934955.0,2260216.0,3227.0,0.06714,-0.03711,-0.8761,0.47595,0.01892,-152.35231,-23.69609,-7.433410375881505,-4.721799651960634,32.6644426982631
-1565660934949.0,2260216.0,3233.0,0.06714,-0.03711,-0.8761,0.47595,0.01892,-152.35231,-23.69609,-7.433410375881505,-4.721799651960634,32.6644426982631
-1565660934944.0,2260223.0,3238.0,0.06714,-0.03711,-0.87616,0.47589,0.01892,-152.28464,-23.686274,-7.433204942622261,-4.722518863437675,32.67610945628002
-1565660934939.0,2260231.0,3243.0,0.06714,-0.03711,-0.87616,0.47589,0.01892,-152.28464,-23.686274,-7.433204942622261,-4.722518863437675,32.67610945628002
-1565660934932.0,2260240.0,3250.0,0.06714,-0.03711,-0.87616,0.47589,0.01892,-152.28464,-23.686274,-7.433204942622261,-4.722518863437675,32.67610945628002
-1565660934926.0,2260240.0,3256.0,0.06714,-0.03711,-0.87616,0.47583,0.01892,-152.26534,-23.684795,-7.432745641593195,-4.722774882206759,32.67937307261762
-1565660934922.0,2260247.0,3260.0,0.06714,-0.03717,-0.87616,0.47583,0.01892,-152.26385,-23.70411,-7.438805672980094,-4.719492178215018,32.67955432081203
-1565660934915.0,2260255.0,3267.0,0.06714,-0.03717,-0.87616,0.47583,0.01892,-152.26385,-23.70411,-7.438805672980094,-4.719492178215018,32.67955432081203
-1565660934909.0,2260255.0,3273.0,0.0672,-0.03717,-0.87622,0.47577,0.01898,-152.19093,-23.704082,-7.441975331221776,-4.726256774447294,32.691082882738655
-1565660934904.0,2260264.0,3278.0,0.0672,-0.03717,-0.87622,0.47577,0.01898,-152.19093,-23.704082,-7.441975331221776,-4.726256774447294,32.691082882738655
-1565660934897.0,2260264.0,3285.0,0.0672,-0.03717,-0.87622,0.47577,0.01898,-152.19093,-23.704082,-7.441975331221776,-4.726256774447294,32.691082882738655
-1565660934893.0,2260276.0,3289.0,0.0672,-0.03717,-0.87622,0.47571,0.01898,-152.17162,-23.702604,-7.441515626461747,-4.7265132085340245,32.69434805236165
-1565660934886.0,2260285.0,3296.0,0.0672,-0.03717,-0.87628,0.47571,0.01898,-152.12334,-23.694267,-7.4417699007762215,-4.726976818423212,32.702749341859686
-1565660934880.0,2260285.0,3302.0,0.06726,-0.03717,-0.87628,0.47565,0.01898,-152.09868,-23.702559,-7.444684217367321,-4.733278701184724,32.705876974405726
-1565660934877.0,2260293.0,3305.0,0.06726,-0.03717,-0.87628,0.47565,0.01898,-152.09868,-23.702559,-7.444684217367321,-4.733278701184724,32.705876974405726
-1565660934870.0,2260299.0,3312.0,0.06726,-0.03723,-0.87628,0.47565,0.01898,-152.09721,-23.721863,-7.45074520728225,-4.729997189254296,32.70605814954956
-1565660934865.0,2260299.0,3317.0,0.06726,-0.03723,-0.87628,0.47559,0.01898,-152.07791,-23.720383,-7.450285098810315,-4.730254038665173,32.709324872346045
-1565660934860.0,2260308.0,3322.0,0.06726,-0.03723,-0.87628,0.47559,0.01898,-152.07791,-23.720383,-7.450285098810315,-4.730254038665173,32.709324872346045
-1565660934855.0,2260316.0,3327.0,0.06726,-0.03723,-0.87634,0.47552,0.01898,-152.00722,-23.710327,-7.4500029860311505,-4.731017722965203,32.72153729830312
-1565660934848.0,2260324.0,3334.0,0.06726,-0.03723,-0.87634,0.47552,0.01898,-152.00722,-23.710327,-7.4500029860311505,-4.731017722965203,32.72153729830312
-1565660934842.0,2260324.0,3340.0,0.06732,-0.03729,-0.87634,0.47552,0.01898,-152.00043,-23.73939,-7.459437819227529,-4.7337829853654565,32.72157992685791
-1565660934837.0,2260331.0,3345.0,0.06732,-0.03729,-0.87634,0.47546,0.01898,-151.98112,-23.737907,-7.458977306901226,-4.734040250122937,32.72484829943083
-1565660934830.0,2260342.0,3352.0,0.06732,-0.03729,-0.87634,0.47546,0.01898,-151.98112,-23.737907,-7.458977306901226,-4.734040250122937,32.72484829943083
-1565660934825.0,2260342.0,3357.0,0.06732,-0.03729,-0.87634,0.47546,0.01898,-151.98112,-23.737907,-7.458977306901226,-4.734040250122937,32.72484829943083
-1565660934820.0,2260349.0,3362.0,0.06738,-0.03735,-0.87634,0.47546,0.01898,-151.97429,-23.766964,-7.4684120253713555,-4.736805938546777,32.72489112891475
-1565660934813.0,2260349.0,3369.0,0.06738,-0.03735,-0.8764,0.4754,0.01898,-151.90683,-23.757132,-7.468206604083222,-4.737528477159643,32.73655912657725
-1565660934808.0,2260361.0,3374.0,0.06738,-0.03741,-0.8764,0.4754,0.01898,-151.90536,-23.776423,-7.474268661598697,-4.73424866983168,32.73674158601007
-1565660934803.0,2260368.0,3379.0,0.06738,-0.03741,-0.8764,0.4754,0.01898,-151.90536,-23.776423,-7.474268661598697,-4.73424866983168,32.73674158601007
-1565660934795.0,2260368.0,3387.0,0.06738,-0.03741,-0.8764,0.4754,0.01898,-151.90536,-23.776423,-7.474268661598697,-4.73424866983168,32.73674158601007
-1565660934792.0,2260380.0,3390.0,0.06744,-0.03741,-0.87634,0.4754,0.01898,-151.94821,-23.79454,-7.477385713901117,-4.739829732834434,32.72820306540899
-1565660934786.0,2260386.0,3396.0,0.06744,-0.03741,-0.87634,0.4754,0.01898,-151.94821,-23.79454,-7.477385713901117,-4.739829732834434,32.72820306540899
-1565660934781.0,2260386.0,3401.0,0.06744,-0.03741,-0.87634,0.4754,0.01898,-151.94821,-23.79454,-7.477385713901117,-4.739829732834434,32.72820306540899
-1565660934776.0,2260396.0,3406.0,0.06744,-0.03741,-0.87634,0.4754,0.01898,-151.94821,-23.79454,-7.477385713901117,-4.739829732834434,32.72820306540899
-1565660934770.0,2260401.0,3412.0,0.06744,-0.03748,-0.8764,0.4754,0.01898,-151.8983,-23.808685,-7.484714119418679,-4.736468551746923,32.736815503870375
-1565660934764.0,2260408.0,3418.0,0.0675,-0.03748,-0.8764,0.4754,0.01898,-151.89297,-23.81844,-7.48808728032451,-4.742514908760823,32.73667567873551
-1565660934757.0,2260408.0,3425.0,0.0675,-0.03748,-0.8764,0.4754,0.01898,-151.89297,-23.81844,-7.48808728032451,-4.742514908760823,32.73667567873551
-1565660934753.0,2260415.0,3429.0,0.0675,-0.03741,-0.8764,0.4754,0.01898,-151.8947,-23.795938,-7.481014732661331,-4.746341397934179,32.73646245477859
-1565660934746.0,2260425.0,3436.0,0.0675,-0.03741,-0.8764,0.4754,0.01898,-151.8947,-23.795938,-7.481014732661331,-4.746341397934179,32.73646245477859
-1565660934741.0,2260431.0,3441.0,0.0675,-0.03741,-0.8764,0.4754,0.01898,-151.8947,-23.795938,-7.481014732661331,-4.746341397934179,32.73646245477859
-1565660934736.0,2260431.0,3446.0,0.0675,-0.03741,-0.8764,0.4754,0.01898,-151.8947,-23.795938,-7.481014732661331,-4.746341397934179,32.73646245477859
-1565660934729.0,2260431.0,3453.0,0.0675,-0.03741,-0.8764,0.47534,0.01898,-151.87543,-23.794455,-7.480553003559364,-4.746599495266099,32.73973230873665
-1565660934724.0,2260444.0,3458.0,0.0675,-0.03741,-0.8764,0.47534,0.01898,-151.87543,-23.794455,-7.480553003559364,-4.746599495266099,32.73973230873665
-1565660934719.0,2260451.0,3463.0,0.0675,-0.03741,-0.8764,0.47534,0.01898,-151.87543,-23.794455,-7.480553003559364,-4.746599495266099,32.73973230873665
-1565660934712.0,2260451.0,3470.0,0.0675,-0.03741,-0.8764,0.47528,0.01898,-151.85612,-23.792967,-7.480091273480223,-4.746857592694558,32.74300274326073
-1565660934706.0,2260460.0,3476.0,0.06757,-0.03735,-0.87646,0.47528,0.01898,-151.80325,-23.776703,-7.4782191360002574,-4.757657043269682,32.7510560617133
-1565660934702.0,2260467.0,3480.0,0.06757,-0.03735,-0.87646,0.47528,0.01898,-151.80325,-23.776703,-7.4782191360002574,-4.757657043269682,32.7510560617133
-1565660934696.0,2260475.0,3486.0,0.06757,-0.03735,-0.87646,0.47522,0.01898,-151.78398,-23.775215,-7.477756917496767,-4.757914730882992,32.75432750863541
-1565660934691.0,2260475.0,3491.0,0.06757,-0.03735,-0.87646,0.47522,0.01898,-151.78398,-23.775215,-7.477756917496767,-4.757914730882992,32.75432750863541
-1565660934685.0,2260484.0,3497.0,0.06757,-0.03735,-0.87653,0.47516,0.01898,-151.70866,-23.764,-7.477592777362004,-4.758716299810131,32.7673955549769
-1565660934680.0,2260492.0,3502.0,0.06757,-0.03735,-0.87653,0.47516,0.01898,-151.70866,-23.764,-7.477592777362004,-4.758716299810131,32.7673955549769
-1565660934674.0,2260492.0,3508.0,0.0675,-0.03729,-0.87653,0.4751,0.01898,-151.69711,-23.731878,-7.467134478180939,-4.755196516628584,32.77065047257719
-1565660934668.0,2260499.0,3514.0,0.0675,-0.03729,-0.87653,0.4751,0.01898,-151.69711,-23.731878,-7.467134478180939,-4.755196516628584,32.77065047257719
-1565660934663.0,2260508.0,3519.0,0.0675,-0.03729,-0.87659,0.4751,0.01898,-151.64908,-23.723549,-7.467389569025412,-4.755662215540783,32.77904543660328
-1565660934656.0,2260515.0,3526.0,0.0675,-0.03729,-0.87659,0.47504,0.01898,-151.6298,-23.722067,-7.466927819490895,-4.755919488452645,32.782319625898054
-1565660934652.0,2260515.0,3530.0,0.0675,-0.03729,-0.87659,0.47504,0.01898,-151.6298,-23.722067,-7.466927819490895,-4.755919488452645,32.782319625898054
-1565660934645.0,2260515.0,3537.0,0.0675,-0.03729,-0.87659,0.47504,0.01898,-151.6298,-23.722067,-7.466927819490895,-4.755919488452645,32.782319625898054
-1565660934640.0,2260528.0,3542.0,0.06744,-0.03729,-0.87659,0.47504,0.01898,-151.63513,-23.71233,-7.463557238071416,-4.749871703145427,32.782458922279005
-1565660934635.0,2260537.0,3547.0,0.06744,-0.03729,-0.87659,0.47504,0.01898,-151.63513,-23.71233,-7.463557238071416,-4.749871703145427,32.782458922279005
-1565660934630.0,2260537.0,3552.0,0.06744,-0.03729,-0.87659,0.47504,0.01898,-151.63513,-23.71233,-7.463557238071416,-4.749871703145427,32.782458922279005
-1565660934624.0,2260545.0,3558.0,0.06744,-0.03729,-0.87659,0.47498,0.01898,-151.61588,-23.710846,-7.463095898454739,-4.750128973895467,32.7857337174555
-1565660934618.0,2260552.0,3564.0,0.06744,-0.03729,-0.87659,0.47498,0.01898,-151.61588,-23.710846,-7.463095898454739,-4.750128973895467,32.7857337174555
-1565660934613.0,2260552.0,3569.0,0.0675,-0.03729,-0.87659,0.47498,0.01898,-151.61055,-23.720585,-7.466466068980918,-4.75617676146062,32.78559439634928
-1565660934608.0,2260561.0,3574.0,0.0675,-0.03729,-0.87659,0.47498,0.01898,-151.61055,-23.720585,-7.466466068980918,-4.75617676146062,32.78559439634928
-1565660934601.0,2260569.0,3581.0,0.06757,-0.03729,-0.87659,0.47498,0.01898,-151.60432,-23.73194,-7.470398144575111,-4.7632325807549485,32.785431856388215
-1565660934595.0,2260569.0,3587.0,0.06757,-0.03729,-0.87665,0.47498,0.01898,-151.55638,-23.723621,-7.470653236491531,-4.763698768058271,32.793825654141074
-1565660934590.0,2260578.0,3592.0,0.06763,-0.03723,-0.87665,0.47491,0.01898,-151.53008,-23.712358,-7.4674201478192925,-4.7733238437749765,32.797328641031754
-1565660934581.0,2260586.0,3601.0,0.06769,-0.03717,-0.87665,0.47491,0.01898,-151.52625,-23.702831,-7.46472647017748,-4.7826488909758895,32.797010990797006
-1565660934578.0,2260586.0,3604.0,0.06769,-0.03717,-0.87665,0.47491,0.01898,-151.52625,-23.702831,-7.46472647017748,-4.7826488909758895,32.797010990797006
-1565660934573.0,2260599.0,3609.0,0.06769,-0.03711,-0.87665,0.47485,0.01898,-151.50848,-23.682083,-7.458199580834712,-4.786181590577417,32.80010962105851
-1565660934567.0,2260599.0,3615.0,0.06775,-0.03711,-0.87665,0.47485,0.01898,-151.50316,-23.691813,-7.461569444308736,-4.792230109757471,32.79997091162252
-1565660934561.0,2260599.0,3621.0,0.06775,-0.03705,-0.87671,0.47485,0.01898,-151.45673,-23.664242,-7.4557591083486985,-4.795973850150267,32.808187218372154
-1565660934556.0,2260612.0,3626.0,0.06775,-0.03699,-0.87671,0.47479,0.01898,-151.43895,-23.643501,-7.449231436501877,-4.799505376670206,32.81128864385106
-1565660934549.0,2260619.0,3633.0,0.06775,-0.03699,-0.87671,0.47479,0.01898,-151.43895,-23.643501,-7.449231436501877,-4.799505376670206,32.81128864385106
-1565660934544.0,2260619.0,3638.0,0.06775,-0.03693,-0.87671,0.47473,0.01898,-151.42119,-23.62276,-7.442703794819374,-4.803036093500075,32.81439138819029
-1565660934540.0,2260629.0,3642.0,0.06775,-0.03687,-0.87677,0.47467,0.01898,-151.35553,-23.59374,-7.436428437942922,-4.80703345941734,32.82588830432191
-1565660934533.0,2260635.0,3649.0,0.06775,-0.0368,-0.87677,0.47467,0.01898,-151.35727,-23.571285,-7.429353250296753,-4.810854432337267,32.82568560498645
-1565660934527.0,2260643.0,3655.0,0.06769,-0.0368,-0.87677,0.47461,0.01898,-151.3433,-23.56008,-7.425521682631703,-4.8050588306314985,32.829103025275245
-1565660934522.0,2260643.0,3660.0,0.06769,-0.03674,-0.87683,0.47461,0.01898,-151.29701,-23.532583,-7.419708691884518,-4.808800571487179,32.83732137043725
-1565660934513.0,2260651.0,3669.0,0.06769,-0.03674,-0.87683,0.47455,0.01898,-151.27777,-23.5311,-7.419245556000465,-4.809054069481199,32.84060218481346
-1565660934511.0,2260651.0,3671.0,0.06769,-0.03668,-0.87689,0.47455,0.01898,-151.23146,-23.503613,-7.413431793153758,-4.812795418298046,32.8488198997773
-1565660934505.0,2260662.0,3677.0,0.06769,-0.03668,-0.87689,0.47449,0.01898,-151.21222,-23.502127,-7.412968648190204,-4.81304850379022,32.85210175472538
-1565660934500.0,2260668.0,3682.0,0.06763,-0.03668,-0.87689,0.47443,0.01898,-151.19826,-23.490932,-7.40913894495179,-4.807251227469115,32.85552150788111
-1565660934495.0,2260676.0,3687.0,0.06763,-0.03662,-0.87695,0.47437,0.01898,-151.13275,-23.461985,-7.4028616944720875,-4.811243995248127,32.86702233694946
-1565660934489.0,2260683.0,3693.0,0.06763,-0.03662,-0.87701,0.4743,0.01898,-151.06267,-23.452044,-7.402572390637591,-4.812005412217692,32.87924177562263
-1565660934481.0,2260683.0,3701.0,0.06763,-0.03662,-0.87701,0.4743,0.01898,-151.06267,-23.452044,-7.402572390637591,-4.812005412217692,32.87924177562263
-1565660934475.0,2260683.0,3707.0,0.06763,-0.03662,-0.87701,0.4743,0.01898,-151.06267,-23.452044,-7.402572390637591,-4.812005412217692,32.87924177562263
-1565660934464.0,2260706.0,3718.0,0.06757,-0.03662,-0.87701,0.4743,0.01898,-151.06795,-23.442345,-7.399206926256642,-4.805954233856834,32.87937893912479
-1565660934461.0,2260706.0,3721.0,0.06757,-0.03662,-0.87701,0.4743,0.01898,-151.06795,-23.442345,-7.399206926256642,-4.805954233856834,32.87937893912479
-1565660934459.0,2260706.0,3723.0,0.06757,-0.03662,-0.87701,0.47424,0.01898,-151.04872,-23.44086,-7.398744591814863,-4.806206902821165,32.88266416246249
-1565660934456.0,2260715.0,3726.0,0.06757,-0.03662,-0.87701,0.47424,0.01898,-151.04872,-23.44086,-7.398744591814863,-4.806206902821165,32.88266416246249
-1565660934449.0,2260715.0,3733.0,0.06757,-0.03662,-0.87701,0.47424,0.01898,-151.04872,-23.44086,-7.398744591814863,-4.806206902821165,32.88266416246249
-1565660934444.0,2260724.0,3738.0,0.06757,-0.03656,-0.87701,0.47424,0.01892,-151.0502,-23.421637,-7.392678766491007,-4.80947905027115,32.88249324020951
-1565660934437.0,2260733.0,3745.0,0.06757,-0.03656,-0.87701,0.47424,0.01892,-151.0502,-23.421637,-7.392678766491007,-4.80947905027115,32.88249324020951
-1565660934431.0,2260741.0,3751.0,0.06757,-0.03656,-0.87701,0.47424,0.01898,-151.0502,-23.421637,-7.392678766491007,-4.80947905027115,32.88249324020951
-1565660934426.0,2260741.0,3756.0,0.06757,-0.03656,-0.87701,0.4743,0.01898,-151.06943,-23.423119,-7.393141109531388,-4.809226794080258,32.87920799386475
-1565660934421.0,2260750.0,3761.0,0.06757,-0.03656,-0.87701,0.4743,0.01898,-151.06943,-23.423119,-7.393141109531388,-4.809226794080258,32.87920799386475
-1565660934415.0,2260750.0,3767.0,0.06757,-0.03656,-0.87701,0.4743,0.01898,-151.06943,-23.423119,-7.393141109531388,-4.809226794080258,32.87920799386475
-1565660934410.0,2260762.0,3772.0,0.06757,-0.03656,-0.87701,0.47437,0.01898,-151.09186,-23.424847,-7.393680508521477,-4.808932495308982,32.87537594293849
-1565660934404.0,2260767.0,3778.0,0.06757,-0.0365,-0.87695,0.47437,0.01898,-151.141,-23.413815,-7.387364996800989,-4.81173933247003,32.866817960141134
-1565660934398.0,2260767.0,3784.0,0.0675,-0.0365,-0.87695,0.47437,0.01898,-151.14717,-23.402489,-7.383438358148552,-4.804680115347702,32.86697742015784
-1565660934393.0,2260767.0,3789.0,0.0675,-0.03644,-0.87695,0.47437,0.01898,-151.14865,-23.383259,-7.377373095587354,-4.807953152435295,32.866807444855766
-1565660934387.0,2260780.0,3795.0,0.0675,-0.03644,-0.87695,0.47443,0.01898,-151.16788,-23.38474,-7.377834974615922,-4.807701724781909,32.863523821231894
-1565660934381.0,2260788.0,3801.0,0.0675,-0.03644,-0.87695,0.47443,0.01898,-151.16788,-23.38474,-7.377834974615922,-4.807701724781909,32.863523821231894
-1565660934374.0,2260788.0,3808.0,0.0675,-0.03644,-0.87695,0.47443,0.01898,-151.16788,-23.38474,-7.377834974615922,-4.807701724781909,32.863523821231894
-1565660934370.0,2260800.0,3812.0,0.0675,-0.03644,-0.87695,0.47443,0.01898,-151.16788,-23.38474,-7.377834974615922,-4.807701724781909,32.863523821231894
-1565660934364.0,2260807.0,3818.0,0.0675,-0.03644,-0.87695,0.47443,0.01898,-151.16788,-23.38474,-7.377834974615922,-4.807701724781909,32.863523821231894
-1565660934358.0,2260807.0,3824.0,0.0675,-0.03644,-0.87695,0.47443,0.01898,-151.16788,-23.38474,-7.377834974615922,-4.807701724781909,32.863523821231894
-1565660934353.0,2260816.0,3829.0,0.0675,-0.03644,-0.87695,0.47443,0.01898,-151.16788,-23.38474,-7.377834974615922,-4.807701724781909,32.863523821231894
-1565660934348.0,2260823.0,3834.0,0.06757,-0.03644,-0.87695,0.47437,0.01898,-151.14249,-23.394583,-7.381299691112078,-4.815012403490333,32.86664824584908
-1565660934342.0,2260823.0,3840.0,0.06757,-0.03644,-0.87695,0.47437,0.01898,-151.14249,-23.394583,-7.381299691112078,-4.815012403490333,32.86664824584908
-1565660934335.0,2260832.0,3847.0,0.06763,-0.03644,-0.87695,0.47437,0.01898,-151.1372,-23.404293,-7.3846655238239,-4.821063248417939,32.866511790647465
-1565660934331.0,2260840.0,3851.0,0.06763,-0.03644,-0.87701,0.4743,0.01898,-151.06712,-23.394373,-7.384374972160666,-4.82182322740138,32.878731685324865
-1565660934324.0,2260847.0,3858.0,0.06763,-0.0365,-0.87701,0.4743,0.01898,-151.06563,-23.413599,-7.390440730820703,-4.818550606586332,32.87890102402967
-1565660934320.0,2260847.0,3862.0,0.06769,-0.0365,-0.87701,0.47424,0.01898,-151.04114,-23.421818,-7.393343113161941,-4.824853744916657,32.88204952996817
-1565660934315.0,2260854.0,3867.0,0.06769,-0.0365,-0.87701,0.47424,0.01898,-151.04114,-23.421818,-7.393343113161941,-4.824853744916657,32.88204952996817
-1565660934307.0,2260864.0,3875.0,0.06775,-0.0365,-0.87708,0.47418,0.01898,-150.96103,-23.420456,-7.396536218904001,-4.831702330116114,32.894983228522975
-1565660934303.0,2260864.0,3879.0,0.06775,-0.0365,-0.87708,0.47418,0.01898,-150.96103,-23.420456,-7.396536218904001,-4.831702330116114,32.894983228522975
-1565660934296.0,2260871.0,3886.0,0.06775,-0.0365,-0.87708,0.47412,0.01898,-150.9418,-23.41897,-7.396072632614239,-4.831954180651324,32.89827009740776
-1565660934291.0,2260871.0,3891.0,0.06775,-0.0365,-0.87708,0.47412,0.01898,-150.9418,-23.41897,-7.396072632614239,-4.831954180651324,32.89827009740776
-1565660934286.0,2260881.0,3896.0,0.06781,-0.0365,-0.87714,0.47406,0.01898,-150.86974,-23.418978,-7.399223045277909,-4.838725821142791,32.909806234547375
-1565660934278.0,2260887.0,3904.0,0.06781,-0.03656,-0.87714,0.47406,0.01898,-150.86824,-23.438187,-7.405289876700163,-4.835454774782852,32.90997522938994
-1565660934275.0,2260897.0,3907.0,0.06781,-0.03656,-0.87714,0.474,0.01898,-150.84903,-23.436703,-7.404825886514132,-4.835707040716153,32.91326365060914
-1565660934269.0,2260897.0,3913.0,0.06781,-0.03656,-0.8772,0.47394,0.01898,-150.78226,-23.427011,-7.404612057940075,-4.836427199752295,32.9249368684965
-1565660934264.0,2260904.0,3918.0,0.06787,-0.03656,-0.8772,0.47394,0.01898,-150.77695,-23.436693,-7.407975683695389,-4.842479960765408,32.9247997594441
-1565660934258.0,2260912.0,3924.0,0.06787,-0.03656,-0.8772,0.47388,0.01898,-150.75774,-23.435204,-7.407511280966242,-4.842732229317325,32.92808975619775
-1565660934252.0,2260919.0,3930.0,0.06787,-0.03656,-0.8772,0.47388,0.01898,-150.75774,-23.435204,-7.407511280966242,-4.842732229317325,32.92808975619775
-1565660934245.0,2260919.0,3937.0,0.06787,-0.03656,-0.8772,0.47382,0.01898,-150.73854,-23.433718,-7.407046877258333,-4.842984497963348,32.931380336466304
-1565660934241.0,2260929.0,3941.0,0.06787,-0.03662,-0.87726,0.47382,0.01898,-150.68956,-23.444717,-7.413364803438921,-4.840183396653271,32.93993249145177
-1565660934235.0,2260935.0,3947.0,0.06787,-0.03656,-0.87726,0.47382,0.01898,-150.69104,-23.42552,-7.407297040921438,-4.843452809837742,32.939763373104455
-1565660934230.0,2260935.0,3952.0,0.06793,-0.03656,-0.87726,0.47375,0.01898,-150.6634,-23.433464,-7.410117726454646,-4.84980036412677,32.943466432189396
-1565660934225.0,2260935.0,3957.0,0.06793,-0.03656,-0.87726,0.47375,0.01898,-150.6634,-23.433464,-7.410117726454646,-4.84980036412677,32.943466432189396
-1565660934215.0,2260947.0,3967.0,0.06793,-0.03656,-0.87732,0.47369,0.01898,-150.59674,-23.423784,-7.409903074856399,-4.850521366196908,32.95514061626265
-1565660934213.0,2260959.0,3969.0,0.06793,-0.03656,-0.87732,0.47369,0.01898,-150.59674,-23.423784,-7.409903074856399,-4.850521366196908,32.95514061626265
-1565660934206.0,2260964.0,3976.0,0.06793,-0.03656,-0.87732,0.47369,0.01898,-150.59674,-23.423784,-7.409903074856399,-4.850521366196908,32.95514061626265
-1565660934201.0,2260964.0,3981.0,0.06793,-0.0365,-0.87732,0.47369,0.01898,-150.59822,-23.404594,-7.403834897757183,-4.8537899323738065,32.95497258880566
-1565660934196.0,2260975.0,3986.0,0.06793,-0.0365,-0.87732,0.47369,0.01898,-150.59822,-23.404594,-7.403834897757183,-4.8537899323738065,32.95497258880566
-1565660934190.0,2260980.0,3992.0,0.06793,-0.0365,-0.87732,0.47369,0.01898,-150.59822,-23.404594,-7.403834897757183,-4.8537899323738065,32.95497258880566
-1565660934185.0,2260987.0,3997.0,0.06793,-0.03644,-0.87732,0.47369,0.01898,-150.59972,-23.385405,-7.397766767928112,-4.857058514384792,32.95480525221936
-1565660934180.0,2260987.0,4002.0,0.06793,-0.03644,-0.87732,0.47369,0.01898,-150.59972,-23.385405,-7.397766767928112,-4.857058514384792,32.95480525221936
-1565660934174.0,2260997.0,4008.0,0.06793,-0.03644,-0.87732,0.47369,0.01898,-150.59972,-23.385405,-7.397766767928112,-4.857058514384792,32.95480525221936
-1565660934166.0,2261004.0,4016.0,0.06793,-0.03638,-0.87732,0.47369,0.01898,-150.60121,-23.366215,-7.391698685245113,-4.860327112240733,32.95463860653189
-1565660934162.0,2261004.0,4020.0,0.06793,-0.03638,-0.87732,0.47369,0.01898,-150.60121,-23.366215,-7.391698685245113,-4.860327112240733,32.95463860653189
-1565660934157.0,2261014.0,4025.0,0.06787,-0.03632,-0.87732,0.47369,0.01898,-150.60794,-23.337353,-7.382268719483679,-4.857541947627435,32.95460898150229
-1565660934152.0,2261019.0,4030.0,0.06787,-0.03632,-0.87732,0.47369,0.01898,-150.60794,-23.337353,-7.382268719483679,-4.857541947627435,32.95460898150229
-1565660934147.0,2261019.0,4035.0,0.06787,-0.03625,-0.87732,0.47363,0.01898,-150.59047,-23.313478,-7.374724997052606,-4.861605452577162,32.95770939456524
-1565660934141.0,2261030.0,4041.0,0.06787,-0.03619,-0.87738,0.47363,0.01898,-150.54453,-23.286139,-7.368904753154003,-4.865341985540619,32.965925841081386
-1565660934135.0,2261030.0,4047.0,0.06787,-0.03619,-0.87738,0.47363,0.01898,-150.54453,-23.286139,-7.368904753154003,-4.865341985540619,32.965925841081386
-1565660934128.0,2261030.0,4054.0,0.06787,-0.03613,-0.87738,0.47363,0.01898,-150.546,-23.266954,-7.362836488453021,-4.8686102095768575,32.965761997743456
-1565660934125.0,2261045.0,4057.0,0.06787,-0.03607,-0.87738,0.47357,0.01904,-150.52827,-23.246286,-7.356303793437667,-4.872127347835227,32.96889334757843
-1565660934118.0,2261050.0,4064.0,0.06787,-0.03595,-0.87744,0.47357,0.01898,-150.48392,-23.199808,-7.34441351645686,-4.879131386386833,32.976949159127145
-1565660934112.0,2261059.0,4070.0,0.06787,-0.03589,-0.87744,0.47351,0.01898,-150.46622,-23.179146,-7.33788051921625,-4.882646923609526,32.98008381596286
-1565660934109.0,2261059.0,4073.0,0.06781,-0.03583,-0.87744,0.47351,0.01898,-150.47296,-23.150307,-7.3284518380791575,-4.879859596398535,32.98005818593218
-1565660934102.0,2261065.0,4080.0,0.06781,-0.03583,-0.8775,0.47345,0.01898,-150.40645,-23.140728,-7.328232962444216,-4.8805747652299,32.991733485489064
-1565660934097.0,2261071.0,4085.0,0.06781,-0.03577,-0.8775,0.47339,0.01898,-150.38875,-23.120075,-7.321700064081838,-4.884088653884562,32.994871141884445
-1565660934092.0,2261079.0,4090.0,0.06781,-0.03571,-0.8775,0.47339,0.01898,-150.39023,-23.100904,-7.315631313425824,-4.8873553130119385,32.99471225201455
-1565660934086.0,2261079.0,4096.0,0.06775,-0.03564,-0.87756,0.47333,0.01898,-150.33072,-23.05933,-7.304972266108343,-4.885824615890317,33.00633790963528
-1565660934080.0,2261087.0,4102.0,0.06775,-0.03558,-0.87756,0.47327,0.01898,-150.31303,-23.038683,-7.298439509391862,-4.889336392875247,33.00947939923782
-1565660934076.0,2261087.0,4106.0,0.06775,-0.03552,-0.87762,0.47327,0.01898,-150.26726,-23.01147,-7.292613645362053,-4.893069767853998,33.01769958203059
-1565660934069.0,2261103.0,4113.0,0.06769,-0.03546,-0.87762,0.47321,0.01898,-150.25478,-22.981174,-7.282722941561111,-4.89052419482992,33.02097701140417
-1565660934064.0,2261103.0,4118.0,0.06769,-0.03534,-0.87769,0.47314,0.01898,-150.18024,-22.931768,-7.2703260799603155,-4.897884581692105,33.034289691065496
-1565660934059.0,2261103.0,4123.0,0.06769,-0.03528,-0.87769,0.47308,0.01898,-150.16257,-22.911135,-7.2637930461986375,-4.901393040608116,33.03743767837328
-1565660934052.0,2261115.0,4130.0,0.06763,-0.03528,-0.87775,0.47302,0.01898,-150.10146,-22.892015,-7.2602151634046,-4.8960465159588935,33.049247733320726
-1565660934044.0,2261127.0,4138.0,0.06763,-0.03522,-0.87775,0.47296,0.01898,-150.08379,-22.87139,-7.253682190423934,-4.899553723100659,33.052398003903804
-1565660934040.0,2261127.0,4142.0,0.06763,-0.03516,-0.87781,0.4729,0.01898,-150.01897,-22.842785,-7.247389936186006,-4.903526818118137,33.06392348227246
-1565660934036.0,2261133.0,4146.0,0.06757,-0.0351,-0.87787,0.47284,0.01898,-149.95938,-22.804556,-7.237742383691431,-4.901441138683949,33.07558152822216
-1565660934029.0,2261142.0,4153.0,0.06757,-0.03503,-0.87787,0.47278,0.01898,-149.94194,-22.780756,-7.230197351064336,-4.905489647340359,33.07871155751232
-1565660934023.0,2261149.0,4159.0,0.06757,-0.03491,-0.87793,0.47266,0.01898,-149.85956,-22.731596,-7.217369930895598,-4.912962878410178,33.09339808738106
-1565660934018.0,2261149.0,4164.0,0.06757,-0.03485,-0.87799,0.4726,0.01898,-149.79488,-22.703062,-7.211074948011378,-4.916931429683336,33.10492841350788
-1565660934013.0,2261155.0,4169.0,0.0675,-0.03485,-0.87805,0.47253,0.01898,-149.73161,-22.682196,-7.20686310902092,-4.910609118452364,33.11731187201548
-1565660934008.0,2261164.0,4174.0,0.0675,-0.03479,-0.87805,0.47247,0.01898,-149.71396,-22.661608,-7.200329259932479,-4.91411005330487,33.12047455534099
-1565660934002.0,2261164.0,4180.0,0.0675,-0.03473,-0.87811,0.47241,0.01898,-149.64938,-22.63312,-7.194033218399489,-4.9180759890694805,33.132006628827966
-1565660933996.0,2261171.0,4186.0,0.06744,-0.03473,-0.87811,0.47235,0.01898,-149.63542,-22.622034,-7.190220510781659,-4.91225593295085,33.135449959932615
-1565660933991.0,2261180.0,4191.0,0.06744,-0.03467,-0.87817,0.47229,0.01898,-149.57086,-22.593563,-7.183924123244817,-4.916220201467102,33.14698325628534
-1565660933986.0,2261180.0,4196.0,0.06744,-0.03461,-0.87823,0.47223,0.01898,-149.50635,-22.565119,-7.177626949220452,-4.920183665465617,33.15851693039943
-1565660933980.0,2261189.0,4202.0,0.06744,-0.03461,-0.87823,0.47217,0.01904,-149.48726,-22.56365,-7.17716519779215,-4.92042250643426,33.1618319303216
-1565660933974.0,2261189.0,4208.0,0.06738,-0.03448,-0.87836,0.47205,0.01904,-149.35596,-22.492722,-7.1602473801557185,-4.922905153310311,33.186402406944865
-1565660933968.0,2261202.0,4214.0,0.06738,-0.03442,-0.87836,0.47198,0.01904,-149.33513,-22.47192,-7.153635578969673,-4.926439875643146,33.19012982286799
-1565660933962.0,2261202.0,4220.0,0.06732,-0.03436,-0.87842,0.47186,0.01904,-149.2568,-22.432482,-7.143527953648419,-4.924574265339865,33.205116762088025
-1565660933957.0,2261213.0,4225.0,0.06732,-0.0343,-0.87848,0.4718,0.01904,-149.19246,-22.404125,-7.137228001138208,-4.928531844241605,33.21665555089143
-1565660933952.0,2261215.0,4230.0,0.06732,-0.03424,-0.87848,0.47174,0.01904,-149.17487,-22.383585,-7.130692797067931,-4.932024040053751,33.219835524148976
-1565660933945.0,2261226.0,4237.0,0.06732,-0.03418,-0.87854,0.47168,0.01904,-149.11063,-22.35526,-7.124391675987358,-4.935980007083829,33.23137655256589
-1565660933940.0,2261226.0,4242.0,0.06732,-0.03412,-0.87854,0.47162,0.01904,-149.09302,-22.334728,-7.117856115544767,-4.939470585816997,33.23455972272849
-1565660933935.0,2261233.0,4247.0,0.06732,-0.034,-0.8786,0.4715,0.01904,-149.01114,-22.285889,-7.105017907968089,-4.946913902646667,33.249289355789855
-1565660933928.0,2261240.0,4254.0,0.06732,-0.03394,-0.87866,0.4715,0.01904,-148.96602,-22.259066,-7.0991754779535094,-4.950632417869703,33.257509339340615
-1565660933923.0,2261240.0,4259.0,0.06732,-0.03394,-0.87866,0.47144,0.01904,-148.94695,-22.257605,-7.098714447971081,-4.950866645967536,33.260834857275526
-1565660933917.0,2261250.0,4265.0,0.06732,-0.03387,-0.87866,0.47144,0.01904,-148.94865,-22.235367,-7.0916266773402,-4.954662431748778,33.260675595026356
-1565660933910.0,2261258.0,4272.0,0.06732,-0.03387,-0.87872,0.47137,0.01904,-148.87991,-22.225927,-7.0913207551761035,-4.955399730537323,33.27291253745935
-1565660933907.0,2261264.0,4275.0,0.06732,-0.03381,-0.87872,0.47137,0.01904,-148.88138,-22.206875,-7.085245152095657,-4.9586527990958755,33.2727769197366
-1565660933900.0,2261270.0,4282.0,0.06732,-0.03381,-0.87872,0.47131,0.01904,-148.86232,-22.205414,-7.08478410243585,-4.958886132863903,33.27610419074031
-1565660933897.0,2261270.0,4285.0,0.06732,-0.03381,-0.87872,0.47131,0.01904,-148.86232,-22.205414,-7.08478410243585,-4.958886132863903,33.27610419074031
-1565660933890.0,2261270.0,4292.0,0.06732,-0.03381,-0.87872,0.47131,0.01904,-148.86232,-22.205414,-7.08478410243585,-4.958886132863903,33.27610419074031
-1565660933884.0,2261283.0,4298.0,0.06732,-0.03381,-0.87878,0.47125,0.01904,-148.79675,-22.196224,-7.084554604556419,-4.959584064262901,33.28778736233494
-1565660933878.0,2261283.0,4304.0,0.06732,-0.03381,-0.87878,0.47125,0.01904,-148.79675,-22.196224,-7.084554604556419,-4.959584064262901,33.28778736233494
-1565660933871.0,2261294.0,4311.0,0.06738,-0.03381,-0.87878,0.47125,0.01904,-148.79166,-22.20579,-7.087896709931843,-4.96564884520795,33.287659299809434
-1565660933865.0,2261302.0,4317.0,0.06738,-0.03381,-0.87878,0.47119,0.01904,-148.77261,-22.204329,-7.087435247118809,-4.965882181449724,33.290988148120164
-1565660933862.0,2261310.0,4320.0,0.06738,-0.03381,-0.87878,0.47119,0.01904,-148.77261,-22.204329,-7.087435247118809,-4.965882181449724,33.290988148120164
-1565660933856.0,2261315.0,4326.0,0.06744,-0.03387,-0.87878,0.47119,0.01904,-148.7661,-22.232946,-7.0968532160141695,-4.96869512846248,33.290995036324915
-1565660933851.0,2261315.0,4331.0,0.06744,-0.03387,-0.87885,0.47113,0.01904,-148.69287,-22.222464,-7.096661969991927,-4.969471884635103,33.304070539038904
-1565660933845.0,2261326.0,4337.0,0.06744,-0.03387,-0.87885,0.47113,0.01904,-148.69287,-22.222464,-7.096661969991927,-4.969471884635103,33.304070539038904
-1565660933839.0,2261331.0,4343.0,0.0675,-0.03394,-0.87885,0.47107,0.01904,-148.66704,-22.252771,-7.10663080680061,-4.97197806539632,33.30743050227707
-1565660933834.0,2261331.0,4348.0,0.0675,-0.034,-0.87885,0.47101,0.01898,-148.64655,-22.270353,-7.112245277753983,-4.9689616501611065,33.3108975361519
-1565660933827.0,2261339.0,4355.0,0.0675,-0.034,-0.87891,0.47101,0.01898,-148.60013,-22.26261,-7.112478120937448,-4.969427496900232,33.319249717737506
-1565660933822.0,2261349.0,4360.0,0.0675,-0.03406,-0.87891,0.47101,0.01898,-148.59866,-22.281643,-7.1185553109551565,-4.966176859728901,33.319386316975454
-1565660933814.0,2261356.0,4368.0,0.06757,-0.03412,-0.87891,0.47095,0.01898,-148.57224,-22.310352,-7.128067840219111,-4.970238381576385,33.322704626362636
-1565660933812.0,2261356.0,4370.0,0.06757,-0.03418,-0.87891,0.47089,0.01898,-148.55173,-22.327923,-7.133682449784967,-4.9672240447288525,33.326174791679804
-1565660933806.0,2261356.0,4376.0,0.06757,-0.03418,-0.87897,0.47089,0.01898,-148.50539,-22.320164,-7.133916514067935,-4.967690373339053,33.33452541272494
-1565660933797.0,2261367.0,4385.0,0.06757,-0.03424,-0.87897,0.47083,0.01898,-148.4849,-22.337729,-7.139531589018313,-4.964676876309001,33.33799710872681
-1565660933795.0,2261367.0,4387.0,0.06763,-0.03436,-0.87897,0.47076,0.01898,-148.45467,-22.383615,-7.154487273693162,-4.964520882001936,33.342034971145054
-1565660933788.0,2261378.0,4394.0,0.06763,-0.03442,-0.87897,0.47076,0.01898,-148.4532,-22.402643,-7.160565243854139,-4.9612719943529076,33.342174988820844
-1565660933783.0,2261388.0,4399.0,0.06769,-0.03448,-0.87903,0.4707,0.01898,-148.38141,-22.421963,-7.169755875244086,-4.964794314902517,33.35386879594222
-1565660933777.0,2261395.0,4405.0,0.06769,-0.03461,-0.87903,0.4707,0.01898,-148.37823,-22.463175,-7.182926033756782,-4.957755972795655,33.3541752199592
-1565660933770.0,2261402.0,4412.0,0.06775,-0.03467,-0.87903,0.4707,0.01898,-148.37167,-22.491724,-7.19234453336886,-4.960573992156059,33.35418619164119
-1565660933766.0,2261402.0,4416.0,0.06781,-0.03473,-0.87903,0.47064,0.01898,-148.34608,-22.5188,-7.201299027796207,-4.963631708254717,33.357532849029866
-1565660933761.0,2261411.0,4421.0,0.06781,-0.03479,-0.87903,0.47064,0.01898,-148.34462,-22.537823,-7.207377803294559,-4.960383653144436,33.35767626375616
-1565660933755.0,2261417.0,4427.0,0.06787,-0.03485,-0.87903,0.47058,0.01898,-148.319,-22.564894,-7.216331866724385,-4.963442610608314,33.36102408596018
-1565660933749.0,2261417.0,4433.0,0.06793,-0.03491,-0.87903,0.47058,0.01898,-148.31244,-22.593433,-7.225750498661616,-4.966261482420007,33.36103612990097
-1565660933745.0,2261424.0,4437.0,0.06799,-0.03503,-0.87903,0.47052,0.01898,-148.28537,-22.639519,-7.240783007372451,-4.966074454439779,33.3645303049737
-1565660933739.0,2261431.0,4443.0,0.06805,-0.0351,-0.87909,0.47052,0.01898,-148.23227,-22.66335,-7.251455392846579,-4.9688221837631374,33.372914863243665
-1565660933734.0,2261438.0,4448.0,0.06812,-0.0351,-0.87909,0.47052,0.01898,-148.22629,-22.674446,-7.255351992977083,-4.975900362161212,33.37275941452333
-1565660933728.0,2261438.0,4454.0,0.06812,-0.03516,-0.87909,0.47046,0.01898,-148.20581,-22.691982,-7.26096530422798,-4.972895730477082,33.37624306780066
-1565660933722.0,2261438.0,4460.0,0.06812,-0.03516,-0.87909,0.47046,0.01898,-148.20581,-22.691982,-7.26096530422798,-4.972895730477082,33.37624306780066
-1565660933715.0,2261451.0,4467.0,0.06818,-0.03522,-0.87909,0.47046,0.01898,-148.1992,-22.720499,-7.270384814229726,-4.975715884999855,33.376256330324
-1565660933711.0,2261461.0,4471.0,0.06818,-0.03522,-0.87909,0.47046,0.01898,-148.1992,-22.720499,-7.270384814229726,-4.975715884999855,33.376256330324
-1565660933704.0,2261467.0,4478.0,0.06824,-0.03528,-0.87909,0.4704,0.01898,-148.17358,-22.747538,-7.27933744734355,-4.9787795376699915,33.37960765606556
-1565660933700.0,2261467.0,4482.0,0.06824,-0.03528,-0.87909,0.4704,0.01898,-148.17358,-22.747538,-7.27933744734355,-4.9787795376699915,33.37960765606556
-1565660933695.0,2261476.0,4487.0,0.06824,-0.03534,-0.87915,0.47034,0.01898,-148.107,-22.757189,-7.285192117402356,-4.9762479219667295,33.39143988092681
-1565660933688.0,2261476.0,4494.0,0.06824,-0.03534,-0.87915,0.47034,0.01898,-148.107,-22.757189,-7.285192117402356,-4.9762479219667295,33.39143988092681
-1565660933681.0,2261484.0,4501.0,0.0683,-0.03534,-0.87915,0.47028,0.01898,-148.08282,-22.765203,-7.288063923630247,-4.982559311469868,33.394645034269715
-1565660933677.0,2261491.0,4505.0,0.0683,-0.0354,-0.87915,0.47028,0.01898,-148.08134,-22.784208,-7.294144326947183,-4.9793136475763164,33.39479320161544
-1565660933672.0,2261491.0,4510.0,0.0683,-0.0354,-0.87915,0.47021,0.01898,-148.05917,-22.782484,-7.293598838950985,-4.979598681209464,33.39868985926931
-1565660933665.0,2261507.0,4517.0,0.0683,-0.0354,-0.87921,0.47021,0.01898,-148.01309,-22.774595,-7.29384117680678,-4.980070056714083,33.40703454852961
-1565660933661.0,2261507.0,4521.0,0.0683,-0.03546,-0.87921,0.47021,0.01898,-148.01161,-22.793592,-7.299922041004203,-4.976824888212823,33.4071832532768
-1565660933656.0,2261515.0,4526.0,0.0683,-0.03546,-0.87921,0.47021,0.01898,-148.01161,-22.793592,-7.299922041004203,-4.976824888212823,33.4071832532768
-1565660933649.0,2261515.0,4533.0,0.0683,-0.03552,-0.87921,0.47015,0.01898,-147.99113,-22.811113,-7.305535405509371,-4.973824876301152,33.410673645366046
-1565660933645.0,2261524.0,4537.0,0.0683,-0.03552,-0.87921,0.47015,0.01898,-147.99113,-22.811113,-7.305535405509371,-4.973824876301152,33.410673645366046
-1565660933638.0,2261524.0,4544.0,0.0683,-0.03558,-0.87921,0.47015,0.01898,-147.98967,-22.830114,-7.311616367776273,-4.970580152679528,33.41082370038758
-1565660933631.0,2261535.0,4551.0,0.06836,-0.03558,-0.87921,0.47015,0.01898,-147.98454,-22.839602,-7.314954761564873,-4.976648002454654,33.41068848588807
-1565660933627.0,2261535.0,4555.0,0.06836,-0.03558,-0.87921,0.47015,0.01898,-147.98454,-22.839602,-7.314954761564873,-4.976648002454654,33.41068848588807
-1565660933621.0,2261545.0,4561.0,0.06836,-0.03564,-0.87921,0.47015,0.01898,-147.98308,-22.858597,-7.32103580752296,-4.973403264919815,33.410839001769276
-1565660933616.0,2261551.0,4566.0,0.06836,-0.03564,-0.87921,0.47015,0.01898,-147.98308,-22.858597,-7.32103580752296,-4.973403264919815,33.410839001769276
-1565660933611.0,2261551.0,4571.0,0.06836,-0.03564,-0.87921,0.47015,0.01898,-147.98308,-22.858597,-7.32103580752296,-4.973403264919815,33.410839001769276
-1565660933603.0,2261567.0,4579.0,0.06836,-0.03571,-0.87921,0.47015,0.01898,-147.98134,-22.880762,-7.328130417992807,-4.969617758005122,33.411015472958425
-1565660933599.0,2261567.0,4583.0,0.06842,-0.03571,-0.87921,0.47015,0.01898,-147.9762,-22.890244,-7.331469062307379,-4.9756855989114,33.41087976763059
-1565660933593.0,2261578.0,4589.0,0.06842,-0.03577,-0.87921,0.47015,0.01898,-147.97472,-22.909239,-7.33755024466713,-4.972440866120474,33.411031546777025
-1565660933588.0,2261583.0,4594.0,0.06842,-0.03577,-0.87921,0.47015,0.01904,-147.97472,-22.909239,-7.33755024466713,-4.972440866120474,33.411031546777025
-1565660933581.0,2261583.0,4601.0,0.06842,-0.03577,-0.87915,0.47021,0.01904,-148.03978,-22.918648,-7.337773732164667,-4.97172180264735,33.39934677572677
-1565660933577.0,2261592.0,4605.0,0.06848,-0.03583,-0.87915,0.47021,0.01904,-148.03316,-22.947136,-7.347193844499446,-4.974544091603219,33.39936326354271
-1565660933570.0,2261600.0,4612.0,0.06848,-0.03583,-0.87915,0.47021,0.01904,-148.03316,-22.947136,-7.347193844499446,-4.974544091603219,33.39936326354271
-1565660933564.0,2261600.0,4618.0,0.06848,-0.03583,-0.87915,0.47021,0.01904,-148.03316,-22.947136,-7.347193844499446,-4.974544091603219,33.39936326354271
-1565660933560.0,2261610.0,4622.0,0.06854,-0.03589,-0.87915,0.47021,0.01904,-148.0265,-22.975624,-7.356614246603481,-4.977366392659664,33.399379986380964
-1565660933553.0,2261610.0,4629.0,0.06854,-0.03589,-0.87915,0.47021,0.01904,-148.0265,-22.975624,-7.356614246603481,-4.977366392659664,33.399379986380964
-1565660933549.0,2261619.0,4633.0,0.06854,-0.03595,-0.87915,0.47021,0.01904,-148.02502,-22.994623,-7.362695227702432,-4.97412123749402,33.39953352257406
-1565660933541.0,2261628.0,4641.0,0.0686,-0.03595,-0.87915,0.47015,0.01904,-148.00085,-23.002625,-7.365565399255188,-4.980436816537013,33.402737223325616
-1565660933537.0,2261628.0,4645.0,0.0686,-0.03601,-0.87915,0.47015,0.01904,-147.99937,-23.021626,-7.371646473502341,-4.977192060317194,33.40289119506707
-1565660933532.0,2261637.0,4650.0,0.06866,-0.03601,-0.87915,0.47015,0.01904,-147.9942,-23.031103,-7.374985979183773,-4.983259556975791,33.40275436661267
-1565660933526.0,2261645.0,4656.0,0.06866,-0.03607,-0.87921,0.47009,0.01904,-147.92769,-23.040644,-7.38084408007703,-4.98073758620044,33.41459371256498
-1565660933521.0,2261651.0,4661.0,0.06873,-0.03607,-0.87921,0.47009,0.01904,-147.92168,-23.051697,-7.384739947384336,-4.9878168590503575,33.41443377848525
-1565660933515.0,2261651.0,4667.0,0.06879,-0.03613,-0.87921,0.47003,0.01904,-147.896,-23.07867,-7.393690329915883,-4.990889816366077,33.41779289920696
-1565660933510.0,2261662.0,4672.0,0.06885,-0.03613,-0.87927,0.46997,0.01904,-147.8258,-23.078663,-7.396805676176127,-4.997682397173896,33.42934061842544
-1565660933504.0,2261667.0,4678.0,0.06891,-0.03619,-0.87927,0.46991,0.01898,-147.80014,-23.10562,-7.405755342740743,-5.000757057152502,33.432701042620266
-1565660933497.0,2261667.0,4685.0,0.06897,-0.03619,-0.87927,0.46991,0.01904,-147.79497,-23.115078,-7.409094186616787,-5.006825600011064,33.432563425609146
-1565660933493.0,2261676.0,4689.0,0.06897,-0.03625,-0.87933,0.46985,0.01904,-147.72858,-23.124582,-7.414952593239389,-5.004308576911382,33.44440348340743
-1565660933487.0,2261684.0,4695.0,0.06903,-0.03625,-0.87933,0.46979,0.01904,-147.7044,-23.132545,-7.417818785079771,-5.01062775952994,33.44761038426316
-1565660933480.0,2261684.0,4702.0,0.06909,-0.03625,-0.87933,0.46973,0.01904,-147.68025,-23.140503,-7.420684321356062,-5.016947003254239,33.450817828659865
-1565660933476.0,2261692.0,4706.0,0.06915,-0.03632,-0.87939,0.46967,0.01904,-147.60843,-23.162588,-7.430894555689233,-5.019961649203379,33.46254676005509
-1565660933470.0,2261692.0,4712.0,0.06915,-0.03632,-0.87939,0.4696,0.01904,-147.5863,-23.16085,-7.4303424152599105,-5.020254108642967,33.46645152045686
-1565660933464.0,2261703.0,4718.0,0.06921,-0.03632,-0.87946,0.46954,0.01904,-147.50868,-23.159462,-7.433496221470061,-5.027131648134158,33.479389670641694
-1565660933460.0,2261703.0,4722.0,0.06927,-0.03638,-0.87946,0.46948,0.01904,-147.48302,-23.186363,-7.44244335877513,-5.030212037446726,33.482754750515724
-1565660933454.0,2261712.0,4728.0,0.06927,-0.03644,-0.87952,0.46942,0.01904,-147.41673,-23.195814,-7.448302712626238,-5.027701274035705,33.494596705984605
-1565660933449.0,2261720.0,4733.0,0.06934,-0.03644,-0.87952,0.46936,0.01904,-147.39174,-23.20532,-7.45172094797709,-5.035035065107006,33.4977849105513
-1565660933442.0,2261727.0,4740.0,0.06934,-0.0365,-0.87958,0.4693,0.01904,-147.32555,-23.214766,-7.457580752411212,-5.032526008613772,33.50962730942314
-1565660933436.0,2261727.0,4746.0,0.0694,-0.0365,-0.87958,0.46924,0.01904,-147.30139,-23.222687,-7.460441871593831,-5.038848915779345,33.51283991127106
-1565660933429.0,2261738.0,4753.0,0.0694,-0.03656,-0.87958,0.46918,0.01898,-147.28094,-23.240139,-7.466051985928656,-5.035862492659619,33.516348121737224
-1565660933426.0,2261738.0,4756.0,0.0694,-0.03656,-0.87964,0.46912,0.01898,-147.21631,-23.230633,-7.465827241176176,-5.036593843415104,33.52803604301451
-1565660933421.0,2261747.0,4761.0,0.06946,-0.03662,-0.87964,0.46912,0.01898,-147.20963,-23.258987,-7.475247861251596,-5.03942731770173,33.52805291440218
-1565660933413.0,2261752.0,4769.0,0.06946,-0.03662,-0.87964,0.46906,0.01898,-147.19069,-23.257488,-7.474772510321473,-5.039680075362171,33.5314067044703
-1565660933410.0,2261762.0,4772.0,0.06952,-0.03668,-0.8797,0.46899,0.01898,-147.11623,-23.276062,-7.483888992688305,-5.043289187554309,33.543670877458254
-1565660933403.0,2261762.0,4779.0,0.06952,-0.03668,-0.8797,0.46899,0.01898,-147.11623,-23.276062,-7.483888992688305,-5.043289187554309,33.543670877458254
-1565660933396.0,2261776.0,4786.0,0.06952,-0.03668,-0.8797,0.46893,0.01898,-147.0973,-23.274565,-7.483413237715776,-5.043542360850745,33.547026315073
-1565660933393.0,2261776.0,4789.0,0.06958,-0.03668,-0.8797,0.46893,0.01898,-147.09212,-23.283968,-7.486747402324179,-5.049614270180887,33.54688639479342
-1565660933386.0,2261776.0,4796.0,0.06958,-0.03668,-0.8797,0.46893,0.01898,-147.09212,-23.283968,-7.486747402324179,-5.049614270180887,33.54688639479342
-1565660933380.0,2261787.0,4802.0,0.06958,-0.03674,-0.87976,0.46893,0.01898,-147.045,-23.294868,-7.49308500293084,-5.046857849598211,33.55537526824679
-1565660933376.0,2261795.0,4806.0,0.06964,-0.03674,-0.87976,0.46887,0.01898,-147.02087,-23.302763,-7.4959428080196755,-5.053183795304503,33.558591482090776
-1565660933369.0,2261795.0,4813.0,0.06964,-0.03674,-0.87976,0.46887,0.01898,-147.02087,-23.302763,-7.4959428080196755,-5.053183795304503,33.558591482090776
-1565660933363.0,2261805.0,4819.0,0.06964,-0.03674,-0.87976,0.46887,0.01892,-147.02087,-23.302763,-7.4959428080196755,-5.053183795304503,33.558591482090776
-1565660933359.0,2261805.0,4823.0,0.0697,-0.0368,-0.87976,0.46881,0.01892,-146.99525,-23.329584,-7.504886686237838,-5.0562739024581065,33.56196525799645
-1565660933353.0,2261819.0,4829.0,0.0697,-0.0368,-0.87976,0.46881,0.01892,-146.99525,-23.329584,-7.504886686237838,-5.0562739024581065,33.56196525799645
-1565660933346.0,2261819.0,4836.0,0.0697,-0.0368,-0.87976,0.46881,0.01892,-146.99525,-23.329584,-7.504886686237838,-5.0562739024581065,33.56196525799645
-1565660933342.0,2261829.0,4840.0,0.0697,-0.0368,-0.87976,0.46881,0.01892,-146.99525,-23.329584,-7.504886686237838,-5.0562739024581065,33.56196525799645
-1565660933335.0,2261836.0,4847.0,0.06976,-0.0368,-0.87976,0.46881,0.01892,-146.99002,-23.338968,-7.508220617186769,-5.062346345233144,33.56182482791699
-1565660933329.0,2261836.0,4853.0,0.06976,-0.0368,-0.87976,0.46875,0.01892,-146.9711,-23.337467,-7.507743232299536,-5.0626003542658395,33.565182306785346
-1565660933325.0,2261845.0,4857.0,0.06976,-0.03674,-0.87982,0.46875,0.01892,-146.9271,-23.310509,-7.501907882308953,-5.066317387532803,33.573356623434805
-1565660933318.0,2261852.0,4864.0,0.06976,-0.03674,-0.87982,0.46869,0.01892,-146.90817,-23.309008,-7.501430487829348,-5.066570983977895,33.576715134696045
-1565660933313.0,2261852.0,4869.0,0.06976,-0.03674,-0.87982,0.46869,0.01892,-146.90817,-23.309008,-7.501430487829348,-5.066570983977895,33.576715134696045
-1565660933308.0,2261861.0,4874.0,0.06976,-0.03668,-0.87988,0.46869,0.01892,-146.86415,-23.282059,-7.495594363897361,-5.070287625932288,33.58488877950133
-1565660933301.0,2261871.0,4881.0,0.06976,-0.03668,-0.87988,0.46863,0.01892,-146.84521,-23.280558,-7.495116959828258,-5.07054080978561,33.58824832290853
-1565660933296.0,2261871.0,4886.0,0.06976,-0.03662,-0.87988,0.46857,0.01892,-146.82779,-23.26014,-7.488552032916048,-5.074028310126065,33.591453396843164
-1565660933292.0,2261880.0,4890.0,0.06976,-0.03662,-0.87988,0.46857,0.01892,-146.82779,-23.26014,-7.488552032916048,-5.074028310126065,33.591453396843164
-1565660933286.0,2261880.0,4896.0,0.06976,-0.03662,-0.87994,0.46851,0.01892,-146.76343,-23.250628,-7.488325233427711,-5.074762603049627,33.603143039041285
-1565660933279.0,2261890.0,4903.0,0.06976,-0.03656,-0.87994,0.46844,0.01892,-146.74287,-23.229969,-7.481680347211318,-5.07829094351378,33.60691095766839
-1565660933275.0,2261890.0,4907.0,0.06976,-0.03656,-0.88,0.46838,0.01892,-146.67854,-23.220472,-7.4814531319617865,-5.079024827134546,33.618601293830366
-1565660933269.0,2261897.0,4913.0,0.06976,-0.03656,-0.88,0.46832,0.01892,-146.65962,-23.218973,-7.480975705413397,-5.079277186104625,33.62196478084813
-1565660933262.0,2261903.0,4920.0,0.06976,-0.0365,-0.88007,0.46832,0.01892,-146.60822,-23.190754,-7.4751788657798555,-5.083071601963043,33.63152531578724
-1565660933256.0,2261913.0,4926.0,0.06976,-0.0365,-0.88007,0.46826,0.01892,-146.58932,-23.189257,-7.474701429744378,-5.083323548359432,33.63488990306091
-1565660933251.0,2261913.0,4931.0,0.06976,-0.0365,-0.88007,0.4682,0.01892,-146.5704,-23.187757,-7.474223992664936,-5.083575494854371,33.63825508441526
-1565660933245.0,2261921.0,4937.0,0.06976,-0.03644,-0.88013,0.4682,0.01898,-146.52655,-23.160877,-7.4683846680191674,-5.08728885249104,33.64642753484641
-1565660933241.0,2261928.0,4941.0,0.06976,-0.03644,-0.88013,0.46814,0.01898,-146.50766,-23.159384,-7.4679072213651185,-5.087540386376438,33.64979374772382
-1565660933234.0,2261936.0,4948.0,0.06982,-0.03644,-0.88019,0.46808,0.01898,-146.43832,-23.159271,-7.4710080340329466,-5.0943491643887375,33.66134481130432
-1565660933228.0,2261943.0,4954.0,0.06982,-0.03638,-0.88019,0.46802,0.01898,-146.42093,-23.138887,-7.464440616471828,-5.097831340453833,33.66456139183417
-1565660933224.0,2261943.0,4958.0,0.06982,-0.03638,-0.88025,0.46796,0.01898,-146.35683,-23.129436,-7.46421174283919,-5.098564418024791,33.67625235947558
-1565660933215.0,2261956.0,4967.0,0.06982,-0.03638,-0.88025,0.46796,0.01892,-146.35683,-23.129436,-7.46421174283919,-5.098564418024791,33.67625235947558
-1565660933212.0,2261956.0,4970.0,0.06982,-0.03638,-0.88025,0.4679,0.01892,-146.33795,-23.12794,-7.463733872538481,-5.09881554215349,33.6796217726223
-1565660933206.0,2261963.0,4976.0,0.06976,-0.03632,-0.88031,0.46783,0.01892,-146.27733,-23.090017,-7.454007934332561,-5.096743207300768,33.691863789502705
-1565660933201.0,2261963.0,4981.0,0.06976,-0.03632,-0.88031,0.46783,0.01892,-146.27733,-23.090017,-7.454007934332561,-5.096743207300768,33.691863789502705
-1565660933197.0,2261971.0,4985.0,0.06976,-0.03632,-0.88031,0.46777,0.01892,-146.25847,-23.088522,-7.453530464741552,-5.09699391655004,33.69523495220176
-1565660933190.0,2261980.0,4992.0,0.06976,-0.03632,-0.88031,0.46777,0.01898,-146.25847,-23.088522,-7.453530464741552,-5.09699391655004,33.69523495220176
-1565660933185.0,2261980.0,4997.0,0.06976,-0.03625,-0.88037,0.46771,0.01898,-146.19615,-23.057074,-7.446195783532996,-5.101492767546902,33.7067525916696
-1565660933179.0,2261987.0,5003.0,0.06976,-0.03625,-0.88037,0.46771,0.01898,-146.19615,-23.057074,-7.446195783532996,-5.101492767546902,33.7067525916696
-1565660933172.0,2261997.0,5010.0,0.06976,-0.03625,-0.88037,0.46771,0.01898,-146.19615,-23.057074,-7.446195783532996,-5.101492767546902,33.7067525916696
-1565660933166.0,2262004.0,5016.0,0.06976,-0.03625,-0.88037,0.46765,0.01898,-146.17728,-23.055578,-7.445718301827795,-5.101742995451898,33.71012538477534
-1565660933161.0,2262004.0,5021.0,0.06976,-0.03625,-0.88043,0.46765,0.01898,-146.13214,-23.047659,-7.445966419959521,-5.102224537758237,33.71844418456318
-1565660933157.0,2262013.0,5025.0,0.06976,-0.03625,-0.88043,0.46765,0.01898,-146.13214,-23.047659,-7.445966419959521,-5.102224537758237,33.71844418456318
-1565660933149.0,2262020.0,5033.0,0.06976,-0.03625,-0.88043,0.46765,0.01898,-146.13214,-23.047659,-7.445966419959521,-5.102224537758237,33.71844418456318
-1565660933145.0,2262020.0,5037.0,0.0697,-0.03625,-0.88043,0.46765,0.01898,-146.13731,-23.03833,-7.442640804330765,-5.096147094452521,33.71858308236747
-1565660933140.0,2262028.0,5042.0,0.0697,-0.03619,-0.88043,0.46765,0.01898,-146.13881,-23.019466,-7.436549791139366,-5.099375187606704,33.71843424707964
-1565660933133.0,2262028.0,5049.0,0.0697,-0.03619,-0.88043,0.46765,0.01892,-146.13881,-23.019466,-7.436549791139366,-5.099375187606704,33.71843424707964
-1565660933127.0,2262039.0,5055.0,0.0697,-0.03619,-0.88043,0.46765,0.01892,-146.13881,-23.019466,-7.436549791139366,-5.099375187606704,33.71843424707964
-1565660933123.0,2262048.0,5059.0,0.0697,-0.03619,-0.88043,0.46765,0.01892,-146.13881,-23.019466,-7.436549791139366,-5.099375187606704,33.71843424707964
-1565660933114.0,2262056.0,5068.0,0.06964,-0.03619,-0.88043,0.46765,0.01892,-146.14394,-23.01013,-7.433224385109301,-5.093297771262612,33.71857291709125
-1565660933112.0,2262056.0,5070.0,0.06964,-0.03619,-0.88043,0.46765,0.01892,-146.14394,-23.01013,-7.433224385109301,-5.093297771262612,33.71857291709125
-1565660933106.0,2262063.0,5076.0,0.06964,-0.03619,-0.88043,0.46765,0.01892,-146.14394,-23.01013,-7.433224385109301,-5.093297771262612,33.71857291709125
-1565660933099.0,2262072.0,5083.0,0.06964,-0.03619,-0.88043,0.46765,0.01892,-146.14394,-23.01013,-7.433224385109301,-5.093297771262612,33.71857291709125
-1565660933094.0,2262072.0,5088.0,0.06964,-0.03613,-0.88043,0.46765,0.01892,-146.14542,-22.991264,-7.427133457330276,-5.09652585009992,33.71842453845571
-1565660933089.0,2262079.0,5093.0,0.06964,-0.03613,-0.88043,0.46765,0.01892,-146.14542,-22.991264,-7.427133457330276,-5.09652585009992,33.71842453845571
-1565660933084.0,2262088.0,5098.0,0.06964,-0.03613,-0.88043,0.46759,0.01892,-146.12656,-22.989773,-7.426656780113427,-5.0967752477348895,33.72179843793597
-1565660933078.0,2262088.0,5104.0,0.06964,-0.03613,-0.88043,0.46759,0.01898,-146.12656,-22.989773,-7.426656780113427,-5.0967752477348895,33.72179843793597
-1565660933073.0,2262098.0,5109.0,0.06964,-0.03607,-0.88043,0.46759,0.01898,-146.12804,-22.970905,-7.420565888517024,-5.100002929877135,33.72165077159076
-1565660933066.0,2262104.0,5116.0,0.06958,-0.03607,-0.88049,0.46759,0.01898,-146.08806,-22.953682,-7.417488042606693,-5.094405801542241,33.73010655781856
-1565660933062.0,2262104.0,5120.0,0.06958,-0.03607,-0.88049,0.46753,0.01898,-146.06921,-22.952192,-7.417011767427223,-5.094654784188498,33.73348151208283
-1565660933056.0,2262111.0,5126.0,0.06958,-0.03607,-0.88049,0.46747,0.01898,-146.05034,-22.950699,-7.416535491216971,-5.0949037669312185,33.73685706186973
-1565660933049.0,2262111.0,5133.0,0.06958,-0.03607,-0.88055,0.46747,0.01898,-146.00528,-22.942818,-7.416782391071189,-5.0953840616101385,33.745173376099146
-1565660933045.0,2262125.0,5137.0,0.06952,-0.03601,-0.88055,0.46741,0.01898,-145.99301,-22.913145,-7.40689116694326,-5.092781238736751,33.74854114228259
-1565660933039.0,2262132.0,5143.0,0.06952,-0.03601,-0.88062,0.46735,0.01898,-145.92166,-22.902481,-7.40670286826336,-5.093589665589457,33.76161921936581
-1565660933031.0,2262140.0,5151.0,0.06952,-0.03601,-0.88062,0.46729,0.01898,-145.9028,-22.900991,-7.406226992687978,-5.093838233754251,33.764997490437025
-1565660933028.0,2262140.0,5154.0,0.06952,-0.03601,-0.88062,0.46729,0.01898,-145.9028,-22.900991,-7.406226992687978,-5.093838233754251,33.764997490437025
-1565660933022.0,2262147.0,5160.0,0.06952,-0.03595,-0.88068,0.46722,0.01892,-145.8373,-22.872553,-7.3998258295826345,-5.097833227218636,33.7771071788619
-1565660933016.0,2262155.0,5166.0,0.06952,-0.03595,-0.88068,0.46716,0.01892,-145.81845,-22.871065,-7.3993499433246095,-5.098081382857089,33.78048717501822
-1565660933012.0,2262155.0,5170.0,0.06952,-0.03595,-0.88074,0.46716,0.01892,-145.77351,-22.863218,-7.399596032505954,-5.0985612657434265,33.788799350100746
-1565660933005.0,2262165.0,5177.0,0.06946,-0.03595,-0.88074,0.4671,0.01892,-145.75981,-22.852425,-7.395799177958921,-5.092729870820377,33.79231836685743
-1565660933001.0,2262165.0,5181.0,0.06946,-0.03595,-0.8808,0.46704,0.01892,-145.69608,-22.843103,-7.395569791287962,-5.093457489397681,33.80401092948996
-1565660932994.0,2262172.0,5188.0,0.06946,-0.03589,-0.8808,0.46698,0.01892,-145.67874,-22.822786,-7.389001082946824,-5.096929099364155,33.80724827985344
-1565660932987.0,2262182.0,5195.0,0.0694,-0.03589,-0.8808,0.46698,0.01892,-145.68385,-22.813482,-7.385681146802303,-5.090849152146156,33.80738612544734
-1565660932982.0,2262182.0,5200.0,0.0694,-0.03589,-0.88086,0.46692,0.01892,-145.62013,-22.804173,-7.385451755494184,-5.091575940267474,33.81907922686378
-1565660932976.0,2262192.0,5206.0,0.0694,-0.03589,-0.88086,0.46692,0.01892,-145.62013,-22.804173,-7.385451755494184,-5.091575940267474,33.81907922686378
-1565660932972.0,2262197.0,5210.0,0.0694,-0.03589,-0.88086,0.46686,0.01892,-145.6013,-22.802692,-7.384976679930043,-5.091823679325681,33.82246349838613
-1565660932966.0,2262197.0,5216.0,0.0694,-0.03589,-0.88086,0.46686,0.01892,-145.6013,-22.802692,-7.384976679930043,-5.091823679325681,33.82246349838613
-1565660932960.0,2262207.0,5222.0,0.0694,-0.03589,-0.88092,0.4668,0.01892,-145.53764,-22.79339,-7.384747287890787,-5.092550468548451,33.83415695712078
-1565660932955.0,2262216.0,5227.0,0.0694,-0.03589,-0.88092,0.4668,0.01892,-145.53764,-22.79339,-7.384747287890787,-5.092550468548451,33.83415695712078
-1565660932948.0,2262216.0,5234.0,0.0694,-0.03583,-0.88092,0.46674,0.01892,-145.52031,-22.773083,-7.3781782160604505,-5.096020002781613,33.83739836273986
-1565660932944.0,2262226.0,5238.0,0.0694,-0.03583,-0.88098,0.46674,0.01892,-145.47551,-22.765284,-7.378423494754054,-5.096499055793852,33.845705427420796
-1565660932939.0,2262231.0,5243.0,0.0694,-0.03583,-0.88098,0.46667,0.01892,-145.45355,-22.763556,-7.377869227042813,-5.096787603723198,33.84965686724469
-1565660932932.0,2262239.0,5250.0,0.0694,-0.03583,-0.88098,0.46667,0.01892,-145.45355,-22.763556,-7.377869227042813,-5.096787603723198,33.84965686724469
-1565660932926.0,2262239.0,5256.0,0.06946,-0.03583,-0.88098,0.46667,0.01892,-145.44847,-22.772844,-7.38118699764076,-5.102868849660518,33.84951910429122
-1565660932922.0,2262247.0,5260.0,0.06946,-0.03583,-0.88098,0.46667,0.01892,-145.44847,-22.772844,-7.38118699764076,-5.102868849660518,33.84951910429122
-1565660932916.0,2262256.0,5266.0,0.06952,-0.03583,-0.88098,0.46661,0.01892,-145.42458,-22.780647,-7.384029025889141,-5.109197484824028,33.85276888907764
-1565660932911.0,2262256.0,5271.0,0.06952,-0.03577,-0.88098,0.46661,0.01892,-145.42607,-22.761833,-7.377934569579293,-5.112418464582306,33.85262574860566
-1565660932904.0,2262264.0,5278.0,0.06952,-0.03577,-0.88104,0.46655,0.01892,-145.36253,-22.752552,-7.377703523490887,-5.113145277132115,33.864320319466174
-1565660932897.0,2262273.0,5285.0,0.06958,-0.03571,-0.88104,0.46655,0.01892,-145.35893,-22.74303,-7.3749259008101795,-5.122447708499771,33.864040654746475
-1565660932893.0,2262279.0,5289.0,0.06958,-0.03571,-0.88104,0.46649,0.01892,-145.34013,-22.741547,-7.374449558695314,-5.1226942169364005,33.86742983044388
-1565660932888.0,2262279.0,5294.0,0.06958,-0.03564,-0.8811,0.46649,0.01892,-145.29715,-22.711823,-7.36758292110168,-5.126931459406865,33.87556997592938
-1565660932881.0,2262291.0,5301.0,0.06952,-0.03564,-0.8811,0.46643,0.01892,-145.28345,-22.701056,-7.363790233809228,-5.12109518124063,33.87909732923758
-1565660932877.0,2262291.0,5305.0,0.06952,-0.03558,-0.8811,0.46643,0.01898,-145.28491,-22.682255,-7.357695078514752,-5.124314978334979,33.87895668032105
-1565660932871.0,2262300.0,5311.0,0.06952,-0.03558,-0.88116,0.46637,0.01898,-145.22142,-22.672998,-7.357462716873371,-5.125040492815712,33.89065142550896
-1565660932864.0,2262300.0,5318.0,0.06946,-0.03552,-0.88116,0.46625,0.01898,-145.19037,-22.64196,-7.347100417753094,-5.122667559597378,33.897432744531315
-1565660932860.0,2262308.0,5322.0,0.06946,-0.03552,-0.88123,0.46625,0.01898,-145.13835,-22.632921,-7.347384132219305,-5.123226961271169,33.90711910658291
-1565660932854.0,2262315.0,5328.0,0.0694,-0.03552,-0.88123,0.46619,0.01898,-145.12462,-22.622173,-7.343594311205736,-5.117388991177103,33.91064948087272
-1565660932847.0,2262325.0,5335.0,0.0694,-0.03552,-0.88129,0.46613,0.01898,-145.06122,-22.61295,-7.343362355443864,-5.118113255255058,33.92234486192366
-1565660932841.0,2262325.0,5341.0,0.0694,-0.03552,-0.88129,0.46606,0.01898,-145.0393,-22.611223,-7.342808024922406,-5.118399316321499,33.92630598487705
-1565660932837.0,2262333.0,5345.0,0.0694,-0.03546,-0.88135,0.466,0.01898,-144.97748,-22.583235,-7.336479325391579,-5.122340400390368,33.93786283924706
-1565660932832.0,2262333.0,5350.0,0.06934,-0.03546,-0.88135,0.46594,0.01898,-144.96378,-22.572496,-7.332691827257251,-5.116501195850023,33.941396446754936
-1565660932826.0,2262341.0,5356.0,0.06934,-0.03546,-0.88141,0.46588,0.01898,-144.90048,-22.563301,-7.332459866036713,-5.117224630562159,33.95309286876929
-1565660932821.0,2262349.0,5361.0,0.06934,-0.03546,-0.88141,0.46588,0.01898,-144.90048,-22.563301,-7.332459866036713,-5.117224630562159,33.95309286876929
-1565660932815.0,2262355.0,5367.0,0.06934,-0.03546,-0.88147,0.46582,0.01898,-144.83723,-22.554104,-7.332227904574492,-5.117948066092281,33.964788637179254
-1565660932810.0,2262355.0,5372.0,0.06927,-0.03552,-0.88147,0.46576,0.01898,-144.82283,-22.560598,-7.333987913860208,-5.107878844317006,33.968486939062274
-1565660932804.0,2262362.0,5378.0,0.06927,-0.03552,-0.88153,0.4657,0.01892,-144.75966,-22.55142,-7.3337568465841105,-5.108602200259764,33.98018294079162
-1565660932798.0,2262362.0,5384.0,0.06927,-0.03552,-0.88153,0.4657,0.01892,-144.75966,-22.55142,-7.3337568465841105,-5.108602200259764,33.98018294079162
-1565660932792.0,2262377.0,5390.0,0.06927,-0.03552,-0.88153,0.46564,0.01892,-144.7409,-22.549946,-7.333282593085625,-5.108847391809536,33.9835840855535
-1565660932787.0,2262384.0,5395.0,0.06927,-0.03558,-0.88153,0.46564,0.01892,-144.73943,-22.568708,-7.339380564292038,-5.105633125795307,33.98372378440543
-1565660932779.0,2262392.0,5403.0,0.06927,-0.03558,-0.88153,0.46564,0.01892,-144.73943,-22.568708,-7.339380564292038,-5.105633125795307,33.98372378440543
-1565660932776.0,2262392.0,5406.0,0.06927,-0.03558,-0.88153,0.46564,0.01892,-144.73943,-22.568708,-7.339380564292038,-5.105633125795307,33.98372378440543
-1565660932769.0,2262398.0,5413.0,0.06927,-0.03564,-0.88153,0.46564,0.01892,-144.73795,-22.587473,-7.34547857955219,-5.102418875891891,33.98386416685982
-1565660932763.0,2262409.0,5419.0,0.06927,-0.03571,-0.88153,0.46564,0.01892,-144.73624,-22.609362,-7.352592986532817,-5.0986689380196974,33.98402881035088
-1565660932757.0,2262409.0,5425.0,0.06934,-0.03571,-0.88153,0.46564,0.01898,-144.73038,-22.62015,-7.356454976021079,-5.1057681806951285,33.98386806071946
-1565660932752.0,2262415.0,5430.0,0.06934,-0.03577,-0.88153,0.4657,0.01898,-144.74765,-22.640387,-7.363027830986766,-5.102307015259937,33.98060865345167
-1565660932747.0,2262425.0,5435.0,0.06934,-0.03577,-0.88153,0.4657,0.01898,-144.74765,-22.640387,-7.363027830986766,-5.102307015259937,33.98060865345167
-1565660932741.0,2262425.0,5441.0,0.06934,-0.03577,-0.88153,0.4657,0.01892,-144.74765,-22.640387,-7.363027830986766,-5.102307015259937,33.98060865345167
-1565660932737.0,2262432.0,5445.0,0.06934,-0.03583,-0.88153,0.4657,0.01892,-144.74619,-22.659147,-7.36912602477604,-5.099092367848415,33.980750959100504
-1565660932731.0,2262440.0,5451.0,0.06934,-0.03583,-0.88153,0.46564,0.01892,-144.72743,-22.657673,-7.3686513370540485,-5.0993396956357335,33.98415193365
-1565660932725.0,2262447.0,5457.0,0.06934,-0.03583,-0.88153,0.46564,0.01892,-144.72743,-22.657673,-7.3686513370540485,-5.0993396956357335,33.98415193365
-1565660932721.0,2262447.0,5461.0,0.06934,-0.03589,-0.88153,0.46564,0.01892,-144.72595,-22.676437,-7.374749584312996,-5.096125477247014,33.984294895365124
-1565660932713.0,2262447.0,5469.0,0.06934,-0.03589,-0.88153,0.46564,0.01892,-144.72595,-22.676437,-7.374749584312996,-5.096125477247014,33.984294895365124
-1565660932708.0,2262462.0,5474.0,0.06934,-0.03589,-0.88153,0.46558,0.01892,-144.70718,-22.67496,-7.374274904510469,-5.096373218058782,33.98769644155958
-1565660932703.0,2262468.0,5479.0,0.06934,-0.03595,-0.88153,0.46558,0.01892,-144.70569,-22.693724,-7.380373205369552,-5.093159428676071,33.987840059367144
-1565660932697.0,2262468.0,5485.0,0.06934,-0.03595,-0.88153,0.46558,0.01892,-144.70569,-22.693724,-7.380373205369552,-5.093159428676071,33.987840059367144
-1565660932692.0,2262476.0,5490.0,0.0694,-0.03595,-0.88159,0.46558,0.01892,-144.6563,-22.695208,-7.383929512788973,-5.099723492223326,33.9959950502997
-1565660932686.0,2262486.0,5496.0,0.06946,-0.03601,-0.88159,0.46552,0.01892,-144.631,-22.721718,-7.392863237775271,-5.1028437117741925,33.99940247436146
-1565660932681.0,2262486.0,5501.0,0.06952,-0.03601,-0.88159,0.46545,0.01892,-144.60408,-22.729225,-7.395618198571951,-5.10921922902348,34.00323372793032
-1565660932675.0,2262495.0,5507.0,0.06952,-0.03601,-0.88159,0.46545,0.01892,-144.60408,-22.729225,-7.395618198571951,-5.10921922902348,34.00323372793032
-1565660932670.0,2262495.0,5512.0,0.06958,-0.03607,-0.88165,0.46539,0.01892,-144.53452,-22.74797,-7.404797651743963,-5.112821114077035,34.0149349228674
-1565660932663.0,2262503.0,5519.0,0.06958,-0.03607,-0.88165,0.46539,0.01886,-144.53452,-22.74797,-7.404797651743963,-5.112821114077035,34.0149349228674
-1565660932658.0,2262503.0,5524.0,0.06964,-0.03607,-0.88165,0.46533,0.01886,-144.51071,-22.75571,-7.407630599995252,-5.119156129318258,34.01820028168633
-1565660932653.0,2262515.0,5529.0,0.06964,-0.03607,-0.88165,0.46533,0.01886,-144.51071,-22.75571,-7.407630599995252,-5.119156129318258,34.01820028168633
-1565660932646.0,2262521.0,5536.0,0.0697,-0.03607,-0.88171,0.46527,0.01886,-144.44264,-22.755682,-7.410709808067902,-5.125972353291365,34.02975758844104
-1565660932641.0,2262529.0,5541.0,0.0697,-0.03607,-0.88171,0.46527,0.01886,-144.44264,-22.755682,-7.410709808067902,-5.125972353291365,34.02975758844104
-1565660932637.0,2262534.0,5545.0,0.0697,-0.03607,-0.88171,0.46521,0.01886,-144.4239,-22.7542,-7.410232680650973,-5.126221348205322,34.03316379911992
-1565660932629.0,2262534.0,5553.0,0.0697,-0.03607,-0.88171,0.46515,0.01886,-144.40517,-22.752718,-7.409755552200527,-5.126470343216351,34.03657060958618
-1565660932624.0,2262545.0,5558.0,0.0697,-0.03607,-0.88177,0.46515,0.01886,-144.36093,-22.74496,-7.410002468014025,-5.126951489936322,34.044860747381676
-1565660932619.0,2262552.0,5563.0,0.0697,-0.03607,-0.88177,0.46509,0.01886,-144.34221,-22.743479,-7.409525339064932,-5.127200485232027,34.048268555902865
-1565660932612.0,2262560.0,5570.0,0.06976,-0.03607,-0.88177,0.46509,0.01886,-144.33714,-22.752684,-7.412833282630318,-5.133287473631265,34.04812914309559
-1565660932608.0,2262560.0,5574.0,0.06976,-0.03607,-0.88177,0.46503,0.01886,-144.31842,-22.751202,-7.412355740999347,-5.1335364713990534,34.05153752707902
-1565660932602.0,2262568.0,5580.0,0.06976,-0.03607,-0.88184,0.46503,0.01886,-144.26688,-22.742155,-7.41264381090158,-5.134098298712886,34.061207676879874
-1565660932595.0,2262576.0,5587.0,0.06976,-0.03607,-0.88184,0.46497,0.01886,-144.24814,-22.740673,-7.412166268859705,-5.134347296797253,34.064617124899655
-1565660932592.0,2262576.0,5590.0,0.06976,-0.03607,-0.88184,0.46497,0.01886,-144.24814,-22.740673,-7.412166268859705,-5.134347296797253,34.064617124899655
-1565660932586.0,2262583.0,5596.0,0.06976,-0.03607,-0.88184,0.46497,0.01886,-144.24814,-22.740673,-7.412166268859705,-5.134347296797253,34.064617124899655
-1565660932579.0,2262583.0,5603.0,0.06982,-0.03607,-0.88184,0.4649,0.01892,-144.22125,-22.748148,-7.414915945045579,-5.140725337302366,34.06845607542181
-1565660932575.0,2262595.0,5607.0,0.06982,-0.03601,-0.88184,0.4649,0.01892,-144.22275,-22.729418,-7.40881502966888,-5.143934671439335,34.068313877074075
-1565660932569.0,2262602.0,5613.0,0.06982,-0.03601,-0.88184,0.4649,0.01892,-144.22275,-22.729418,-7.40881502966888,-5.143934671439335,34.068313877074075
-1565660932564.0,2262608.0,5618.0,0.06982,-0.03601,-0.88184,0.4649,0.01892,-144.22275,-22.729418,-7.40881502966888,-5.143934671439335,34.068313877074075
-1565660932557.0,2262608.0,5625.0,0.06982,-0.03601,-0.88184,0.4649,0.01892,-144.22275,-22.729418,-7.40881502966888,-5.143934671439335,34.068313877074075
-1565660932552.0,2262615.0,5630.0,0.06982,-0.03601,-0.88184,0.4649,0.01892,-144.22275,-22.729418,-7.40881502966888,-5.143934671439335,34.068313877074075
-1565660932547.0,2262615.0,5635.0,0.06982,-0.03595,-0.88184,0.46497,0.01892,-144.24608,-22.71242,-7.403271794019936,-5.146854484632325,34.06419387732902
-1565660932542.0,2262629.0,5640.0,0.06982,-0.03595,-0.88184,0.46497,0.01892,-144.24608,-22.71242,-7.403271794019936,-5.146854484632325,34.06419387732902
-1565660932534.0,2262635.0,5648.0,0.06982,-0.03595,-0.88184,0.46497,0.01892,-144.24608,-22.71242,-7.403271794019936,-5.146854484632325,34.06419387732902
-1565660932530.0,2262635.0,5652.0,0.06982,-0.03589,-0.88184,0.46503,0.01898,-144.2663,-22.695177,-7.3976489592190315,-5.149816571292878,34.06064350525888
-1565660932524.0,2262644.0,5658.0,0.06982,-0.03589,-0.88184,0.46503,0.01898,-144.2663,-22.695177,-7.3976489592190315,-5.149816571292878,34.06064350525888
-1565660932518.0,2262652.0,5664.0,0.06982,-0.03589,-0.88184,0.46503,0.01898,-144.2663,-22.695177,-7.3976489592190315,-5.149816571292878,34.06064350525888
-1565660932512.0,2262659.0,5670.0,0.06982,-0.03583,-0.88177,0.46503,0.01898,-144.31932,-22.68547,-7.391262021608817,-5.15246452148153,34.05083258702342
-1565660932508.0,2262659.0,5674.0,0.06976,-0.03583,-0.88177,0.46503,0.01898,-144.32436,-22.67626,-7.38795448376092,-5.146377349825723,34.05097110012518
-1565660932501.0,2262667.0,5681.0,0.06976,-0.03577,-0.88177,0.46509,0.01898,-144.34456,-22.659004,-7.382331867345915,-5.149340676867734,34.04742267807049
-1565660932496.0,2262667.0,5686.0,0.06976,-0.03577,-0.88177,0.46509,0.01898,-144.34456,-22.659004,-7.382331867345915,-5.149340676867734,34.04742267807049
-1565660932491.0,2262678.0,5691.0,0.06976,-0.03571,-0.88177,0.46509,0.01898,-144.34604,-22.64027,-7.376231717339982,-5.152551366113709,34.04728343434715
-1565660932485.0,2262686.0,5697.0,0.0697,-0.03564,-0.88177,0.46515,0.01898,-144.37155,-22.610687,-7.366284473981392,-5.149963946532947,34.04385159788666
-1565660932478.0,2262686.0,5704.0,0.0697,-0.03564,-0.88177,0.46515,0.01898,-144.37155,-22.610687,-7.366284473981392,-5.149963946532947,34.04385159788666
-1565660932473.0,2262694.0,5709.0,0.0697,-0.03558,-0.88177,0.46515,0.01898,-144.37303,-22.591948,-7.360184469233138,-5.153175053131278,34.04371357564632
-1565660932468.0,2262699.0,5714.0,0.0697,-0.03552,-0.88177,0.46515,0.01898,-144.37453,-22.573214,-7.3540845083033695,-5.15638617595946,34.043576236588166
-1565660932462.0,2262699.0,5720.0,0.06964,-0.03552,-0.88177,0.46515,0.01898,-144.37953,-22.563997,-7.3507766962896115,-5.150298966742834,34.04371351070144
-1565660932456.0,2262711.0,5726.0,0.06964,-0.03546,-0.88177,0.46521,0.01898,-144.39975,-22.54674,-7.345153627754328,-5.153265280525151,34.040169108280026
-1565660932452.0,2262719.0,5730.0,0.06964,-0.0354,-0.88177,0.46521,0.01898,-144.40125,-22.528,-7.339053804033974,-5.156476818015437,34.04003287692383
-1565660932445.0,2262719.0,5737.0,0.06958,-0.03534,-0.88177,0.46521,0.01898,-144.40773,-22.500046,-7.329646091386099,-5.15360113088352,34.040033887549555
-1565660932439.0,2262730.0,5743.0,0.06958,-0.03528,-0.88177,0.46521,0.01898,-144.40921,-22.481306,-7.323546395446685,-5.156812670072131,34.039898791950804
-1565660932434.0,2262735.0,5748.0,0.06958,-0.03528,-0.88177,0.46521,0.01898,-144.40921,-22.481306,-7.323546395446685,-5.156812670072131,34.039898791950804
-1565660932428.0,2262743.0,5754.0,0.06952,-0.03522,-0.88177,0.46521,0.01898,-144.41571,-22.45335,-7.314139060613057,-5.1539369814194425,34.03990047788636
-1565660932423.0,2262743.0,5759.0,0.06952,-0.03516,-0.88177,0.46521,0.01898,-144.41718,-22.434612,-7.308039492024109,-5.157148522306493,34.03976651814102
-1565660932417.0,2262753.0,5765.0,0.06952,-0.03516,-0.88177,0.46521,0.01898,-144.41718,-22.434612,-7.308039492024109,-5.157148522306493,34.03976651814102
-1565660932412.0,2262753.0,5770.0,0.06946,-0.0351,-0.88177,0.46521,0.01898,-144.42368,-22.406649,-7.298632534372433,-5.15427283213293,34.03976887945929
-1565660932406.0,2262761.0,5776.0,0.06946,-0.03503,-0.88177,0.46521,0.01898,-144.4254,-22.384789,-7.291516523257623,-5.158019633395509,34.039613984803026
-1565660932399.0,2262767.0,5783.0,0.06946,-0.03503,-0.88177,0.46521,0.01898,-144.4254,-22.384789,-7.291516523257623,-5.158019633395509,34.039613984803026
-1565660932395.0,2262767.0,5787.0,0.0694,-0.03497,-0.88177,0.46521,0.01904,-144.43188,-22.356823,-7.282109956108105,-5.155143939276746,34.03961709701825
-1565660932389.0,2262783.0,5793.0,0.0694,-0.03491,-0.88177,0.46521,0.01904,-144.43336,-22.338085,-7.27601064803584,-5.158355486268457,34.0394855231705
-1565660932384.0,2262783.0,5798.0,0.0694,-0.03491,-0.88177,0.46521,0.01904,-144.43336,-22.338085,-7.27601064803584,-5.158355486268457,34.0394855231705
-1565660932377.0,2262783.0,5805.0,0.0694,-0.03491,-0.88177,0.46521,0.01904,-144.43336,-22.338085,-7.27601064803584,-5.158355486268457,34.0394855231705
-1565660932373.0,2262797.0,5809.0,0.0694,-0.03485,-0.88177,0.46527,0.01904,-144.45358,-22.320822,-7.270386632749825,-5.161326463020776,34.03594733604578
-1565660932367.0,2262803.0,5815.0,0.0694,-0.03485,-0.88177,0.46527,0.01904,-144.45358,-22.320822,-7.270386632749825,-5.161326463020776,34.03594733604578
-1565660932362.0,2262803.0,5820.0,0.0694,-0.03485,-0.88177,0.46527,0.01904,-144.45358,-22.320822,-7.270386632749825,-5.161326463020776,34.03594733604578
-1565660932356.0,2262811.0,5826.0,0.06934,-0.03479,-0.88177,0.46527,0.01904,-144.46007,-22.292856,-7.260980121910075,-5.158451168126658,34.03595152468253
-1565660932351.0,2262819.0,5831.0,0.06934,-0.03479,-0.88177,0.46527,0.01904,-144.46007,-22.292856,-7.260980121910075,-5.158451168126658,34.03595152468253
-1565660932345.0,2262819.0,5837.0,0.06934,-0.03479,-0.88177,0.46527,0.01904,-144.46007,-22.292856,-7.260980121910075,-5.158451168126658,34.03595152468253
-1565660932339.0,2262829.0,5843.0,0.06934,-0.03473,-0.88171,0.46533,0.01898,-144.52455,-22.2832,-7.255118007838842,-5.160944700427486,34.02412330955454
-1565660932333.0,2262838.0,5849.0,0.06934,-0.03473,-0.88171,0.46533,0.01898,-144.52455,-22.2832,-7.255118007838842,-5.160944700427486,34.02412330955454
-1565660932329.0,2262838.0,5853.0,0.06934,-0.03473,-0.88171,0.46533,0.01898,-144.52455,-22.2832,-7.255118007838842,-5.160944700427486,34.02412330955454
-1565660932321.0,2262844.0,5861.0,0.06934,-0.03467,-0.88171,0.46533,0.01898,-144.52603,-22.264456,-7.24901933455723,-5.164157105200897,34.023994064955914
-1565660932316.0,2262851.0,5866.0,0.06934,-0.03467,-0.88171,0.46539,0.01898,-144.54475,-22.265928,-7.2494941979742595,-5.1639177603604915,34.020588258428035
-1565660932310.0,2262860.0,5872.0,0.06934,-0.03467,-0.88171,0.46539,0.01898,-144.54475,-22.265928,-7.2494941979742595,-5.1639177603604915,34.020588258428035
-1565660932304.0,2262860.0,5878.0,0.06934,-0.03461,-0.88171,0.46545,0.01898,-144.56497,-22.24866,-7.243870446940669,-5.166891662660828,34.017054434348
-1565660932300.0,2262868.0,5882.0,0.06934,-0.03461,-0.88165,0.46545,0.01898,-144.60931,-22.256271,-7.2436334223353755,-5.166412971005138,34.00876128522546
-1565660932294.0,2262868.0,5888.0,0.06934,-0.03461,-0.88165,0.46552,0.01898,-144.6312,-22.257992,-7.244187438140121,-5.166134217620577,34.00478973449674
-1565660932289.0,2262881.0,5893.0,0.06934,-0.03455,-0.88165,0.46552,0.01898,-144.63269,-22.239243,-7.238089283500054,-5.169347960373928,34.004661650733325
-1565660932284.0,2262887.0,5898.0,0.06934,-0.03455,-0.88165,0.46552,0.01898,-144.63269,-22.239243,-7.238089283500054,-5.169347960373928,34.004661650733325
-1565660932276.0,2262895.0,5906.0,0.06927,-0.03455,-0.88165,0.46552,0.01898,-144.63847,-22.228449,-7.234229172403668,-5.16224704338384,34.00481727333643
-1565660932273.0,2262895.0,5909.0,0.06927,-0.03455,-0.88165,0.46552,0.01898,-144.63847,-22.228449,-7.234229172403668,-5.16224704338384,34.00481727333643
-1565660932267.0,2262903.0,5915.0,0.06927,-0.03455,-0.88165,0.46558,0.01898,-144.65723,-22.229923,-7.234703570265461,-5.162008527683459,34.00141368089153
-1565660932261.0,2262903.0,5921.0,0.06927,-0.03455,-0.88159,0.46558,0.01898,-144.70157,-22.237524,-7.234466953584497,-5.161530322958998,33.99311921652033
-1565660932256.0,2262912.0,5926.0,0.06934,-0.03455,-0.88159,0.46558,0.01898,-144.69574,-22.248318,-7.238327544681511,-5.168630748669736,33.99296362900124
-1565660932250.0,2262921.0,5932.0,0.06934,-0.03461,-0.88159,0.46564,0.01898,-144.71303,-22.26855,-7.244900153078114,-5.165177664238269,33.98968932021788
-1565660932245.0,2262921.0,5937.0,0.06934,-0.03461,-0.88159,0.46564,0.01898,-144.71303,-22.26855,-7.244900153078114,-5.165177664238269,33.98968932021788
-1565660932239.0,2262928.0,5943.0,0.06934,-0.03461,-0.88159,0.46564,0.01898,-144.71303,-22.26855,-7.244900153078114,-5.165177664238269,33.98968932021788
-1565660932233.0,2262935.0,5949.0,0.06934,-0.03461,-0.88153,0.4657,0.01898,-144.7762,-22.277647,-7.245137998159244,-5.164460043043328,33.97799178654439
-1565660932226.0,2262945.0,5956.0,0.06934,-0.03461,-0.88153,0.4657,0.01898,-144.7762,-22.277647,-7.245137998159244,-5.164460043043328,33.97799178654439
-1565660932222.0,2262945.0,5960.0,0.06934,-0.03461,-0.88153,0.4657,0.01898,-144.7762,-22.277647,-7.245137998159244,-5.164460043043328,33.97799178654439
-1565660932217.0,2262951.0,5965.0,0.06934,-0.03461,-0.88153,0.4657,0.01898,-144.7762,-22.277647,-7.245137998159244,-5.164460043043328,33.97799178654439
-1565660932210.0,2262951.0,5972.0,0.06934,-0.03461,-0.88153,0.4657,0.01898,-144.7762,-22.277647,-7.245137998159244,-5.164460043043328,33.97799178654439
-1565660932205.0,2262963.0,5977.0,0.0694,-0.03461,-0.88153,0.46576,0.01898,-144.78993,-22.288376,-7.248923401399987,-5.170306798235192,33.97445733395584
-1565660932201.0,2262963.0,5981.0,0.0694,-0.03461,-0.88153,0.46576,0.01898,-144.78993,-22.288376,-7.248923401399987,-5.170306798235192,33.97445733395584
-1565660932195.0,2262972.0,5987.0,0.0694,-0.03461,-0.88147,0.46576,0.01898,-144.83435,-22.296001,-7.24868637811623,-5.169827689784069,33.96616009087673
-1565660932189.0,2262980.0,5993.0,0.0694,-0.03461,-0.88147,0.46582,0.01898,-144.85312,-22.297482,-7.249161657145181,-5.169588757016166,33.96276017434393
-1565660932183.0,2262989.0,5999.0,0.0694,-0.03461,-0.88147,0.46582,0.01898,-144.85312,-22.297482,-7.249161657145181,-5.169588757016166,33.96276017434393
-1565660932178.0,2262989.0,6004.0,0.0694,-0.03467,-0.88147,0.46588,0.01898,-144.8704,-22.317724,-7.2557339001706405,-5.166133596302236,33.95948991490407
-1565660932171.0,2262995.0,6011.0,0.0694,-0.03467,-0.88141,0.46588,0.01898,-144.9149,-22.325369,-7.255496471167356,-5.165654491007261,33.95119153590716
-1565660932167.0,2262995.0,6015.0,0.0694,-0.03467,-0.88141,0.46594,0.01898,-144.93367,-22.326845,-7.2559717398180466,-5.165415145601469,33.947793246111274
-1565660932161.0,2263005.0,6021.0,0.0694,-0.03473,-0.88141,0.466,0.01898,-144.95096,-22.347097,-7.262543590379537,-5.161958765012466,33.94452547098389
-1565660932157.0,2263013.0,6025.0,0.0694,-0.03473,-0.88135,0.46606,0.01898,-145.01427,-22.356232,-7.262781013944727,-5.161239904833386,33.932829294425005
-1565660932151.0,2263020.0,6031.0,0.0694,-0.03479,-0.88135,0.46613,0.01898,-145.03468,-22.376738,-7.269431680146705,-5.157742275894844,33.92899805573394
-1565660932144.0,2263020.0,6038.0,0.0694,-0.03485,-0.88129,0.46625,0.01898,-145.11533,-22.406143,-7.276239751962565,-5.153564117150838,33.91403983756129
-1565660932140.0,2263028.0,6042.0,0.0694,-0.03491,-0.88123,0.46631,0.01898,-145.17725,-22.434093,-7.282571788255706,-5.149625325248065,33.902477283589405
-1565660932134.0,2263037.0,6048.0,0.0694,-0.03491,-0.88116,0.46637,0.01898,-145.24808,-22.44454,-7.282768122128024,-5.148825387686569,33.889397751958484
-1565660932127.0,2263037.0,6055.0,0.0694,-0.03497,-0.88116,0.46643,0.01898,-145.2654,-22.464819,-7.289338344826905,-5.145364472170161,33.88613948052223
-1565660932122.0,2263048.0,6060.0,0.0694,-0.03497,-0.8811,0.46649,0.01898,-145.3289,-22.474009,-7.289574104678162,-5.144643973974574,33.87444417801119
-1565660932116.0,2263048.0,6066.0,0.0694,-0.03503,-0.88104,0.46655,0.01898,-145.39095,-22.502007,-7.29590407225359,-5.140702752133793,33.86288254991692
-1565660932110.0,2263056.0,6072.0,0.0694,-0.03503,-0.88104,0.46661,0.01898,-145.40977,-22.503489,-7.2963792794611315,-5.140460930954681,33.8594935883396
-1565660932107.0,2263063.0,6075.0,0.0694,-0.0351,-0.88098,0.46667,0.01898,-145.47159,-22.53464,-7.303724091814705,-5.135981572054972,33.84795591645789
-1565660932101.0,2263071.0,6081.0,0.06946,-0.0351,-0.88098,0.46674,0.01898,-145.48848,-22.545666,-7.30759624518113,-5.141780501623706,33.84386914722063
-1565660932095.0,2263071.0,6087.0,0.06946,-0.03516,-0.88092,0.46686,0.01898,-145.56943,-22.57519,-7.314400603312998,-5.137593542573253,33.82892476978385
-1565660932090.0,2263080.0,6092.0,0.06946,-0.03516,-0.88086,0.46692,0.01898,-145.6331,-22.58443,-7.314635456957158,-5.136871327364755,33.81723054612182
-1565660932082.0,2263088.0,6100.0,0.06946,-0.03516,-0.88086,0.46698,0.01898,-145.65193,-22.585913,-7.315111051947207,-5.136628610221685,33.81384656408456
-1565660932078.0,2263088.0,6104.0,0.06946,-0.0351,-0.8808,0.46698,0.01898,-145.69829,-22.574833,-7.3087776577442805,-5.139372782806469,33.805399426338255
-1565660932072.0,2263096.0,6110.0,0.06946,-0.0351,-0.8808,0.46704,0.01898,-145.71712,-22.57632,-7.309253261153691,-5.139130478905208,33.802016419110615
-1565660932065.0,2263104.0,6117.0,0.06946,-0.0351,-0.8808,0.4671,0.01898,-145.73595,-22.577805,-7.309728863550326,-5.138888175096102,33.79863400849335
-1565660932062.0,2263104.0,6120.0,0.06946,-0.03503,-0.88074,0.4671,0.01898,-145.7826,-22.563581,-7.302380983650927,-5.1421706056699374,33.79016346542218
-1565660932056.0,2263112.0,6126.0,0.06946,-0.03503,-0.88074,0.46716,0.01898,-145.80142,-22.565065,-7.302856595948537,-5.141928783933418,33.78678202531506
-1565660932051.0,2263120.0,6131.0,0.0694,-0.03497,-0.88074,0.46716,0.01898,-145.80798,-22.53691,-7.29344391799779,-5.139073734244213,33.786781307597224
-1565660932045.0,2263120.0,6137.0,0.0694,-0.03491,-0.88074,0.46722,0.01898,-145.82832,-22.519556,-7.287827092416242,-5.142057668073311,33.78326587304882
-1565660932039.0,2263132.0,6143.0,0.06934,-0.03485,-0.88074,0.46722,0.01898,-145.8349,-22.491394,-7.278414386667659,-5.139203032001019,33.78326578817895
-1565660932029.0,2263143.0,6153.0,0.06934,-0.03485,-0.88074,0.46722,0.01898,-145.8349,-22.491394,-7.278414386667659,-5.139203032001019,33.78326578817895
-1565660932027.0,2263143.0,6155.0,0.06934,-0.03485,-0.88074,0.46722,0.01898,-145.8349,-22.491394,-7.278414386667659,-5.139203032001019,33.78326578817895
-1565660932022.0,2263149.0,6160.0,0.06934,-0.03479,-0.88074,0.46722,0.01898,-145.83636,-22.472553,-7.2723224786301,-5.142428374073713,33.78313239001005
-1565660932015.0,2263156.0,6167.0,0.06934,-0.03479,-0.88074,0.46722,0.01898,-145.83636,-22.472553,-7.2723224786301,-5.142428374073713,33.78313239001005
-1565660932012.0,2263156.0,6170.0,0.06934,-0.03479,-0.88074,0.46722,0.01898,-145.83636,-22.472553,-7.2723224786301,-5.142428374073713,33.78313239001005
-1565660932006.0,2263163.0,6176.0,0.06934,-0.03479,-0.88074,0.46716,0.01898,-145.81752,-22.471071,-7.271847655408842,-5.142668539212283,33.786513390900765
-1565660931997.0,2263174.0,6185.0,0.06934,-0.03479,-0.88074,0.46716,0.01898,-145.81752,-22.471071,-7.271847655408842,-5.142668539212283,33.786513390900765
-1565660931995.0,2263174.0,6187.0,0.06934,-0.03479,-0.88074,0.46716,0.01898,-145.81752,-22.471071,-7.271847655408842,-5.142668539212283,33.786513390900765
-1565660931989.0,2263174.0,6193.0,0.06934,-0.03479,-0.88074,0.46716,0.01898,-145.81752,-22.471071,-7.271847655408842,-5.142668539212283,33.786513390900765
-1565660931984.0,2263184.0,6198.0,0.06934,-0.03479,-0.8808,0.46716,0.01898,-145.77261,-22.463354,-7.272085888875411,-5.1431472129722815,33.794825858685925
-1565660931978.0,2263188.0,6204.0,0.06934,-0.03473,-0.8808,0.4671,0.01898,-145.75526,-22.443035,-7.265518775473865,-5.146611913255857,33.79807532275275
-1565660931972.0,2263188.0,6210.0,0.06934,-0.03473,-0.8808,0.4671,0.01898,-145.75526,-22.443035,-7.265518775473865,-5.146611913255857,33.79807532275275
-1565660931966.0,2263200.0,6216.0,0.06934,-0.03473,-0.8808,0.4671,0.01898,-145.75526,-22.443035,-7.265518775473865,-5.146611913255857,33.79807532275275
-1565660931961.0,2263208.0,6221.0,0.06927,-0.03473,-0.8808,0.4671,0.01898,-145.76114,-22.432158,-7.2616458754438575,-5.139518096158986,33.79823091641829
-1565660931956.0,2263215.0,6226.0,0.06927,-0.03473,-0.8808,0.4671,0.01898,-145.76114,-22.432158,-7.2616458754438575,-5.139518096158986,33.79823091641829
-1565660931950.0,2263215.0,6232.0,0.06927,-0.03467,-0.88086,0.46704,0.01898,-145.6989,-22.404144,-7.255316734358905,-5.1434601390615775,33.80979294962397
-1565660931945.0,2263223.0,6237.0,0.06927,-0.03467,-0.88086,0.46704,0.01898,-145.6989,-22.404144,-7.255316734358905,-5.1434601390615775,33.80979294962397
-1565660931939.0,2263231.0,6243.0,0.06927,-0.03467,-0.88086,0.46704,0.01898,-145.6989,-22.404144,-7.255316734358905,-5.1434601390615775,33.80979294962397
-1565660931932.0,2263231.0,6250.0,0.06921,-0.03467,-0.88086,0.46698,0.01892,-145.68513,-22.393349,-7.251523788477593,-5.1376186703203395,33.8133098261094
-1565660931928.0,2263240.0,6254.0,0.06921,-0.03467,-0.88086,0.46698,0.01892,-145.68513,-22.393349,-7.251523788477593,-5.1376186703203395,33.8133098261094
-1565660931921.0,2263247.0,6261.0,0.06921,-0.03467,-0.88086,0.46698,0.01892,-145.68513,-22.393349,-7.251523788477593,-5.1376186703203395,33.8133098261094
-1565660931915.0,2263247.0,6267.0,0.06921,-0.03467,-0.88086,0.46698,0.01892,-145.68513,-22.393349,-7.251523788477593,-5.1376186703203395,33.8133098261094
-1565660931912.0,2263257.0,6270.0,0.06921,-0.03461,-0.88086,0.46698,0.01892,-145.68661,-22.374521,-7.24543124731343,-5.1408423475874345,33.813178333524675
-1565660931906.0,2263264.0,6276.0,0.06921,-0.03461,-0.88086,0.46698,0.01892,-145.68661,-22.374521,-7.24543124731343,-5.1408423475874345,33.813178333524675
-1565660931900.0,2263271.0,6282.0,0.06915,-0.03467,-0.88086,0.46698,0.01898,-145.69019,-22.38403,-7.248205372273866,-5.131537922469565,33.81344301858404
-1565660931895.0,2263271.0,6287.0,0.06915,-0.03467,-0.88086,0.46698,0.01898,-145.69019,-22.38403,-7.248205372273866,-5.131537922469565,33.81344301858404
-1565660931889.0,2263281.0,6293.0,0.06915,-0.03467,-0.88086,0.46698,0.01898,-145.69019,-22.38403,-7.248205372273866,-5.131537922469565,33.81344301858404
-1565660931882.0,2263289.0,6300.0,0.06915,-0.03467,-0.88086,0.46698,0.01898,-145.69019,-22.38403,-7.248205372273866,-5.131537922469565,33.81344301858404
-1565660931877.0,2263289.0,6305.0,0.06915,-0.03467,-0.88086,0.46698,0.01898,-145.69019,-22.38403,-7.248205372273866,-5.131537922469565,33.81344301858404
-1565660931872.0,2263299.0,6310.0,0.06915,-0.03467,-0.88086,0.46698,0.01898,-145.69019,-22.38403,-7.248205372273866,-5.131537922469565,33.81344301858404
-1565660931867.0,2263299.0,6315.0,0.06915,-0.03473,-0.88086,0.46698,0.01898,-145.6887,-22.402859,-7.254297915214862,-5.128314292241801,33.813575425829455
-1565660931862.0,2263310.0,6320.0,0.06915,-0.03473,-0.88086,0.46698,0.01898,-145.6887,-22.402859,-7.254297915214862,-5.128314292241801,33.813575425829455
-1565660931855.0,2263315.0,6327.0,0.06915,-0.03473,-0.88092,0.46692,0.01898,-145.625,-22.393688,-7.254062211312575,-5.129031389441936,33.825269853751436
-1565660931849.0,2263315.0,6333.0,0.06915,-0.03473,-0.88092,0.46692,0.01898,-145.625,-22.393688,-7.254062211312575,-5.129031389441936,33.825269853751436
-1565660931844.0,2263323.0,6338.0,0.06915,-0.03473,-0.88092,0.46692,0.01898,-145.625,-22.393688,-7.254062211312575,-5.129031389441936,33.825269853751436
-1565660931839.0,2263323.0,6343.0,0.06915,-0.03473,-0.88092,0.46692,0.01898,-145.625,-22.393688,-7.254062211312575,-5.129031389441936,33.825269853751436
-1565660931832.0,2263334.0,6350.0,0.06915,-0.03473,-0.88092,0.46686,0.01898,-145.60617,-22.39221,-7.253588679920244,-5.12927113534515,33.828655157080604
-1565660931828.0,2263341.0,6354.0,0.06909,-0.03479,-0.88092,0.46686,0.01898,-145.60973,-22.401718,-7.256364182533721,-5.1199672931154705,33.82892178266498
-1565660931822.0,2263341.0,6360.0,0.06909,-0.03479,-0.88092,0.46686,0.01898,-145.60973,-22.401718,-7.256364182533721,-5.1199672931154705,33.82892178266498
-1565660931816.0,2263352.0,6366.0,0.06909,-0.03479,-0.88098,0.46686,0.01898,-145.56491,-22.39403,-7.2566024157233855,-5.120444224083707,33.83723015081081
-1565660931811.0,2263359.0,6371.0,0.06909,-0.03479,-0.88098,0.4668,0.01898,-145.54608,-22.392555,-7.256129304494145,-5.120684380947058,33.84061645196242
-1565660931804.0,2263366.0,6378.0,0.06903,-0.03485,-0.88098,0.4668,0.01898,-145.54964,-22.402061,-7.2589057624427396,-5.11138066365578,33.84088410731812
-1565660931799.0,2263373.0,6383.0,0.06903,-0.03485,-0.88098,0.46674,0.01898,-145.53082,-22.400587,-7.258433070850559,-5.111621231294694,33.84427100174808
-1565660931793.0,2263373.0,6389.0,0.06897,-0.03491,-0.88104,0.46674,0.01898,-145.48964,-22.402414,-7.261449124151692,-5.102794149299145,33.85284670018815
-1565660931789.0,2263383.0,6393.0,0.06897,-0.03491,-0.88104,0.46667,0.01892,-145.46767,-22.400696,-7.260898140663505,-5.103075290993982,33.856799299105816
-1565660931781.0,2263383.0,6401.0,0.06897,-0.03497,-0.88104,0.46667,0.01892,-145.4662,-22.419508,-7.266991997818202,-5.099853943999394,33.85693463830849
-1565660931777.0,2263393.0,6405.0,0.06897,-0.03497,-0.88104,0.46667,0.01892,-145.4662,-22.419508,-7.266991997818202,-5.099853943999394,33.85693463830849
-1565660931773.0,2263399.0,6409.0,0.06897,-0.03503,-0.8811,0.46661,0.01892,-145.40117,-22.429155,-7.272853502340017,-5.0973505032265445,33.868764683872996
-1565660931767.0,2263399.0,6415.0,0.06891,-0.03503,-0.8811,0.46661,0.01892,-145.40619,-22.419855,-7.269538049432348,-5.09126848120402,33.86889943064588
-1565660931761.0,2263408.0,6421.0,0.06891,-0.0351,-0.8811,0.46655,0.01892,-145.38568,-22.440327,-7.27617625803064,-5.087753081224156,33.872448615518266
-1565660931755.0,2263416.0,6427.0,0.06891,-0.03516,-0.8811,0.46649,0.01892,-145.36539,-22.457664,-7.281798809818646,-5.084775336742943,33.87597627683965
-1565660931750.0,2263416.0,6432.0,0.06885,-0.03522,-0.88116,0.46649,0.01892,-145.32422,-22.459473,-7.284819795622687,-5.075948692431853,33.88455389867791
-1565660931744.0,2263423.0,6438.0,0.06885,-0.03522,-0.88116,0.46649,0.01892,-145.32422,-22.459473,-7.284819795622687,-5.075948692431853,33.88455389867791
-1565660931739.0,2263432.0,6443.0,0.06885,-0.03522,-0.88116,0.46643,0.01892,-145.30542,-22.458006,-7.284348389961668,-5.076191800759599,33.88794499397356
-1565660931728.0,2263441.0,6454.0,0.06879,-0.03528,-0.88116,0.46643,0.01892,-145.30894,-22.467514,-7.287129186308106,-5.066890038910048,33.888219767055176
-1565660931727.0,2263441.0,6455.0,0.06879,-0.03528,-0.88116,0.46637,0.01892,-145.29015,-22.466045,-7.286658200153362,-5.067133557974865,33.89161145685151
-1565660931722.0,2263449.0,6460.0,0.06879,-0.03528,-0.88116,0.46637,0.01892,-145.29015,-22.466045,-7.286658200153362,-5.067133557974865,33.89161145685151
-1565660931716.0,2263449.0,6466.0,0.06873,-0.03534,-0.88123,0.46637,0.01886,-145.24161,-22.466583,-7.28972183206246,-5.0583858074212396,33.90157331236148
-1565660931711.0,2263456.0,6471.0,0.06873,-0.03534,-0.88123,0.46637,0.01886,-145.24161,-22.466583,-7.28972183206246,-5.0583858074212396,33.90157331236148
-1565660931704.0,2263467.0,6478.0,0.06873,-0.03534,-0.88123,0.46637,0.01886,-145.24161,-22.466583,-7.28972183206246,-5.0583858074212396,33.90157331236148
-1565660931698.0,2263467.0,6484.0,0.06866,-0.03534,-0.88123,0.46637,0.01886,-145.24745,-22.455742,-7.285856276478962,-5.051289502276866,33.90173203540917
-1565660931693.0,2263476.0,6489.0,0.06866,-0.03534,-0.88123,0.46631,0.01886,-145.22865,-22.454277,-7.285386190699411,-5.05153342960988,33.90512481767179
-1565660931687.0,2263484.0,6495.0,0.0686,-0.03534,-0.88123,0.46631,0.01886,-145.23364,-22.444988,-7.282073449473198,-5.045450941891837,33.90526089101674
-1565660931681.0,2263484.0,6501.0,0.0686,-0.03534,-0.88123,0.46631,0.01886,-145.23364,-22.444988,-7.282073449473198,-5.045450941891837,33.90526089101674
