timestamp,norm_posX,norm_posY,confidence,theta,phi
0.0,0.3303244319002439,0.4713702987224818,0.9972368049235871,2.3028594815502474,-1.9125196462200733
8.399999991524965,0.3279163126184345,0.47257877792555114,0.9983514595549055,2.2989629544625387,-1.9224179930084517
16.80000004125759,0.3272684172341928,0.47304243400117785,0.9977611382427335,2.2973763170057344,-1.9248241943377495
25.200000032782555,0.32696158439329215,0.47311057179839555,0.9979285516285379,2.297174367023254,-1.9262110029617623
33.60000002430752,0.32715012709058044,0.4730816560575588,0.9978620521194176,2.297268079896919,-1.9253498961691766
42.000000015832484,0.3269067428247282,0.4727288355386572,0.9974847084280253,2.2984326657470926,-1.9270071060484395
50.40000000735745,0.3270508274923436,0.47291169316709103,0.99755462738511,2.2978170296165215,-1.926052810430558
67.19999999040738,0.3269114645259611,0.4728414137104182,0.9969329551379724,2.2980264293758927,-1.9268005444882728
84.00000003166497,0.3271992909718951,0.4727082727450551,0.9978758199654724,2.298476862083125,-1.9256193539522932
92.40000002318993,0.32730924004109285,0.47244554558413643,0.9968943398292885,2.299292355086739,-1.925422804707127
100.8000000147149,0.3273939709207869,0.4724438519880054,0.9972042523579683,2.2993178469493936,-1.9250347485379926
117.59999999776483,0.3273460278051627,0.4722411304614047,0.9973157835868367,2.2999851439814343,-1.9255465166094463
125.99999998928979,0.3275461565026424,0.4718892382141008,0.9972342928462717,2.3011120806868126,-1.9250554968414229
142.80000003054738,0.3277273825727187,0.4721094143322079,0.9978579854533111,2.300408894574864,-1.9238975540575756
151.20000002207235,0.32723820641247003,0.4723023052888238,0.9974640037506375,2.2998093433105744,-1.9259963511146383
159.6000000135973,0.32725727944576777,0.4718454273160929,0.9969589529425726,2.3012866744255147,-1.9265238895786732
168.00000000512227,0.32759904355933855,0.4717493075917185,0.9966351932133428,2.301609271101781,-1.9250244113746164
176.39999999664724,0.3272378664645214,0.47213617543155384,0.9978703360516644,2.300328560089899,-1.926209407495993
193.20000003790483,0.327145577194402,0.4715192482212758,0.9978165251060334,2.302398232642488,-1.9275459403261734
201.6000000294298,0.32720920899673833,0.4716952005326783,0.9976539571320039,2.301766647301916,-1.9269541542527322
218.40000001247972,0.32698997935049073,0.47182766321417,0.9970551419677106,2.3013448257213196,-1.9278308267050872
235.19999999552965,0.3266170289546511,0.47200433703129474,0.9975510835218804,2.3007940735007657,-1.9293952811846986
243.59999998705462,0.3266040621081939,0.4717636537321629,0.9973148158313084,2.3015858843356796,-1.92979711156739
252.00000003678724,0.326472091119378,0.4719716775994639,0.9964717726565704,2.3008629186395266,-1.9301081857755538
260.4000000283122,0.32627595430506895,0.47208998587357365,0.9970732914952141,2.3005047286990896,-1.930906434993798
277.20000001136214,0.3259870439387039,0.47218495386931225,0.9969262281674339,2.3001958914976597,-1.9321625650252094
285.6000000028871,0.3260284804138306,0.47197741393000325,0.9975007439035206,2.300914542676935,-1.932285393247394
302.4000000441447,0.32596147538168946,0.47255631791274844,0.9960989635024714,2.298971649109739,-1.9317569253616498
310.80000003566965,0.3259479949781815,0.4725631417382241,0.9966713864400194,2.298967269696878,-1.9318256691367883
319.2000000271946,0.325727859524503,0.4727898302575091,0.9963274631553697,2.298213835883745,-1.9325547706449377
327.6000000187196,0.32557783128934403,0.4728460266315332,0.9972554488102532,2.2980964034134983,-1.9332462289717314
336.00000001024455,0.32567600138106767,0.4727256697591893,0.9975071069920346,2.2984980563183988,-1.9329503630030533
352.7999999932945,0.32541967944065825,0.47299347366009015,0.9979950613781338,2.297646160023061,-1.933822155095691
361.2000000430271,0.32530453139608156,0.4728464228424014,0.997487248207159,2.2980843024527418,-1.934549369214876
369.60000003455207,0.32526677376412005,0.4730793484701742,0.9978368047510918,2.297381202590656,-1.9344471115850141
386.400000017602,0.3251757664564781,0.4731245566540493,0.9978099552500644,2.29722233397594,-1.9348116747098825
394.80000000912696,0.3253168702495335,0.47301118211256843,0.9970983959560292,2.297554237915853,-1.93426455991541
403.2000000006519,0.32496062526853087,0.47334637887299735,0.9982299950416185,2.296562937210845,-1.935581693091358
411.5999999921769,0.3253300264919327,0.47291908148685213,0.9974008143737542,2.2978955402773695,-1.9343618941769982
420.0000000419095,0.32516676177555637,0.47326627296130486,0.9978137851081441,2.29678770336996,-1.9346771814048327
428.4000000334345,0.32506102902093703,0.4732824020536135,0.9979247252755915,2.2967443821022564,-1.9351689138397814
445.2000000164844,0.32507799800362863,0.4730757947389598,0.9980045657180756,2.297427143008516,-1.9353846258641316
453.6000000080094,0.3251872014158802,0.47314905761199844,0.9979792934559216,2.2971811844677656,-1.9347521214286822
461.99999999953434,0.32500516695544535,0.4730823140707179,0.9981685205083456,2.2974403161206327,-1.9357516717661247
470.3999999910593,0.32535435688059317,0.4730609295866427,0.9982269651707223,2.29749513501072,-1.9340938543392934
478.80000004079193,0.32563041449376806,0.47292215027705353,0.9985823505518548,2.2979934831738356,-1.9329983074276833
487.2000000323169,0.32540059589221115,0.4731479766740714,0.9980465133242045,2.297218468010809,-1.9337556597084673
495.60000002384186,0.32554191184760845,0.47316011042115336,0.997948757050654,2.297156073547472,-1.933043609874259
504.0000000153668,0.32549506493997343,0.4729431859423219,0.9980629598345905,2.2978827206509336,-1.9335862257204102
512.4000000068918,0.32566397752456355,0.4728795867264084,0.9982083027996096,2.2981070306529268,-1.9328774808006202
520.7999999984168,0.32602886583944046,0.47274689454460395,0.9978261283254104,2.298491748823475,-1.9312756372767104
529.1999999899417,0.3303940882957584,0.4730321865052384,0.9983278714342656,2.2975475583319978,-1.9100765141622196
546.0000000311993,0.33461535706258616,0.47316500023997565,0.9978363520362459,2.29705791310891,-1.8899814220347042
554.4000000227243,0.33454495471854606,0.473377901959511,0.9977091869653345,2.2963713285450233,-1.8900541153679524
562.8000000142492,0.33414131046414636,0.4733554019350038,0.9981357452845528,2.2964687295085495,-1.8919894093615588
571.2000000057742,0.33482247595140213,0.473026666708651,0.9975899741620458,2.297488596740306,-1.8891675029796566
579.5999999972992,0.33493894074266495,0.4731456105346259,0.9958381743726065,2.297116898251032,-1.8884865305372198
587.9999999888241,0.33480775221009296,0.472845426794133,0.995264491991888,2.298107670886944,-1.8894781770657938
596.4000000385568,0.3350488386475027,0.47281415032415763,0.9976067083238808,2.2982292104226305,-1.8883991193276504
604.8000000300817,0.33521733735037235,0.4726463037522335,0.9977087442782001,2.2987889300123334,-1.8878231859679855
613.2000000216067,0.33509963278427424,0.47265278638167685,0.9944962944322775,2.2987421933257135,-1.8883503391860286
621.6000000131316,0.3353060931421317,0.47253992400907907,0.9980550484410268,2.2991773301759073,-1.8875647054548221
630.0000000046566,0.33543867109696857,0.47239561159556787,0.9979608900011459,2.2996156548990645,-1.8870983160139718
638.3999999961816,0.33562337497979555,0.472069540446445,0.9718318610661438,2.3007006780407497,-1.8866449525650422
646.7999999877065,0.3354361024998728,0.47214738432842374,0.9976574759373701,2.3004433896400025,-1.8874266721368549
655.2000000374392,0.33579002972318,0.47186087608401484,0.9893871417197452,2.3013905900408753,-1.8861238401287672
663.6000000289641,0.33573619774781815,0.4721434340471251,0.9979308317799555,2.300473367558038,-1.8860339158138122
672.0000000204891,0.33577764569230645,0.4719427679253806,0.9981830112728138,2.3011612196162985,-1.8861065511844366
680.4000000120141,0.33604633523954963,0.47195494635021207,0.9911144492646495,2.3010729110022736,-1.8847984655504573
688.800000003539,0.3358399632730734,0.47216756678265914,0.9980976601083557,2.3004088887798573,-1.8855268574232995
697.199999995064,0.3358968774687937,0.4721302556445489,0.9954618603541732,2.3005593126750474,-1.885324130663895
705.599999986589,0.33600488436149356,0.4720430851062024,0.9980435482176021,2.3008221552183095,-1.8849095677037595
714.0000000363216,0.3358359581761802,0.4722170455064807,0.9984345773709536,2.300292088163996,-1.8855144598183133
730.8000000193715,0.333550606003847,0.47320161403142236,0.998263584588262,2.2970288956859495,-1.8949927077017663
739.2000000108965,0.3340774278205081,0.47272749175769824,0.9976008697534321,2.298588934071195,-1.8931180284755702
747.6000000024214,0.3340671175409605,0.4727401666654153,0.9975387965427999,2.2985102943552844,-1.8931256458315466
755.9999999939464,0.3339139037030316,0.4728234619839261,0.9978706217885507,2.2982894436413144,-1.893776181284337
764.400000043679,0.3338226240570219,0.4729432111884566,0.9981581159958479,2.2979141383785646,-1.8940660472746662
772.800000035204,0.3342832854842007,0.47213730772381146,0.9966552232007865,2.3004680150129535,-1.892854642201131
781.200000026729,0.3344576502221561,0.47216123557300205,0.9978466925985503,2.300459962255928,-1.8920508181069235
798.0000000097789,0.33430621265721905,0.4724469357802348,0.9972922795467886,2.2994716981460135,-1.8923699951188293
806.4000000013039,0.3345376021709313,0.472521946926873,0.997552867435609,2.2992784303535796,-1.891223302981262
814.7999999928288,0.33478989156501254,0.47225317890253526,0.9976499231832808,2.3001665838900123,-1.8903779968820962
823.2000000425614,0.33455481018079575,0.47260569671964725,0.9976513765354529,2.2990160982683925,-1.8910458650322155
831.6000000340864,0.33462019302455787,0.4720500664576608,0.8926230112791254,2.3008829706882548,-1.8914642910188226
840.0000000256114,0.3349821590904882,0.47200159281066256,0.9977886004825771,2.301007236196671,-1.8897983776084604
848.4000000171363,0.33467577541691407,0.47226483262965513,0.9971495085649199,2.3001209393262614,-1.8908950955129789
865.2000000001863,0.3352931633598775,0.47209459738568704,0.9977663822784185,2.3006985086535647,-1.8882177468261805
873.5999999917112,0.3351771962601991,0.47209360348025264,0.991807124075448,2.3007172233172026,-1.8887742606925544
882.0000000414439,0.33492038925770135,0.4719630044733667,0.9974996356679197,2.301181164596114,-1.8901687201183996
890.4000000329688,0.33488942467860605,0.472544886880934,0.9975326178588162,2.2992619836309474,-1.8895809180798506
898.8000000244938,0.33501269265366534,0.47220901555218586,0.9986188934843356,2.300444162488224,-1.8894737336182483
907.2000000160187,0.33521110857962483,0.4721197454851207,0.9981987371297796,2.3006861124916043,-1.8886184563828146
915.6000000075437,0.33573908154336485,0.47175972933258215,0.9213805665358402,2.3018220273807586,-1.8865537497500813
923.9999999990687,0.3356512755829254,0.47197060349082376,0.9973676624956361,2.301140880753728,-1.8867123137465465
932.3999999905936,0.3358058558229108,0.471972982581751,0.9971210725174048,2.301118616476904,-1.885973785703238
940.8000000403263,0.3376547362690253,0.4691576159823273,0.9969695448099126,2.310422670510927,-1.8807731868088293
949.2000000318512,0.3402318326089778,0.46343101668518527,0.9965008357753798,2.329641846519775,-1.8758153951950152
957.6000000233762,0.3418619787361771,0.4594940786699866,0.9596407035109299,2.3430767052590453,-1.8731383289244858
974.4000000064261,0.3445618679999914,0.44803155288665997,0.9973361964504321,2.38333644809197,-1.8760932654938303
991.199999989476,0.34539596484511914,0.44561104148650765,0.9983665397813709,2.392166619761671,-1.8756154435552057
999.6000000392087,0.3450940386459697,0.44561844035913956,0.9976032851626945,2.3921018702162526,-1.8771350729355794
1008.0000000307336,0.3454270574670377,0.4457064998617629,0.997828484808785,2.3917395057088204,-1.8752554269745851
1016.4000000222586,0.34539965708889914,0.44575330606037933,0.9976500276325986,2.3915512353543407,-1.8753117428615698
1024.8000000137836,0.3452090264909948,0.44604647500113803,0.998632884332185,2.390530147908124,-1.8758612103561139
1033.2000000053085,0.3453545841740814,0.4456567145954937,0.9976332205269377,2.3918869715931717,-1.875685288759022
1049.9999999883585,0.34510686681172975,0.4463486397113481,0.997825277211569,2.3893648613273184,-1.8758710298477619
1058.400000038091,0.3445713124630527,0.4462891533676402,0.9968709730366452,2.389564709974238,-1.8787050259799638
1066.800000029616,0.3445154182584385,0.4468662623559936,0.9978075368420248,2.3874706722092474,-1.8780859390744877
1075.200000021141,0.3444323441153009,0.4471091672290959,0.9972191669489977,2.386560512236439,-1.878113059926834
1083.600000012666,0.34395993055266577,0.44752959751018984,0.9970243479428956,2.3850057256052315,-1.8798535616657182
1092.000000004191,0.34388586440832775,0.4480816363711857,0.9962486302147592,2.3829896210376993,-1.879358656292707
1100.399999995716,0.34362886693352734,0.4478230343524978,0.9968928981622853,2.383938675296339,-1.881083955817062
1117.2000000369735,0.3433516676918713,0.4487637668956992,0.9971686320954776,2.3805206410645514,-1.8810179691154978
1125.6000000284985,0.34294367485398025,0.4489609599639175,0.9958247976620941,2.3797531142545387,-1.8827524294899511
1134.0000000200234,0.3425573986523318,0.44935007542948446,0.9969855586643539,2.3784153479485344,-1.8841531509860887
1142.4000000115484,0.3422502212518649,0.45004383278030347,0.9970277875639854,2.375897382453922,-1.8846194605691196
1150.8000000030734,0.3422840279937184,0.45050393618780793,0.9964768816712094,2.374229529775961,-1.8837258802557033
1159.1999999945983,0.34211689775866305,0.4503587462300457,0.9970054753349008,2.374786400209009,-1.8848201334229269
1167.600000044331,0.34205113192825026,0.4509945414995633,0.9966939768647771,2.3724575189668573,-1.884140092652884
1176.000000035856,0.3417380769888717,0.45141590686802757,0.9960836622514139,2.370943604190027,-1.885070249572528
1184.4000000273809,0.3416394338169769,0.4513805790777662,0.9963420956092965,2.371060901559647,-1.8856166002186392
1192.8000000189058,0.34154185322601116,0.45171766129004143,0.9961678367393209,2.3698716312843007,-1.8856016426560251
1201.2000000104308,0.3414178175709075,0.45202599200860993,0.9960841727593077,2.368795060813927,-1.8857705605406352
1209.6000000019558,0.3414924584059039,0.45251723406287025,0.9968779317702166,2.367029977696786,-1.8846382414736191
1217.9999999934807,0.34117399697230233,0.45237468207215925,0.9967229364839975,2.3675526646414675,-1.8864659464248565
1226.4000000432134,0.3412396461971826,0.4530401846329125,0.9965948192093507,2.3651607543711894,-1.8851104595000252
1234.8000000347383,0.34118567633998925,0.4528250858712024,0.9964937183085715,2.36590978360551,-1.8856964294000909
1243.2000000262633,0.3407896910689233,0.45320865680117983,0.9959160125577763,2.3645454391407528,-1.8871013706136792
1251.6000000177883,0.34091132230133186,0.4534437414784106,0.9967990040320033,2.363679858178008,-1.886115907374589
1260.0000000093132,0.34077474225825294,0.4536030243888204,0.9967406163371038,2.3631002196157507,-1.8865501335512003
1344.000999990385,0.33078335434830264,0.4851559791070249,0.994691516410301,2.258483538694119,-1.8934240328421117
1369.2010000231676,0.3317943231935337,0.4858210343576046,0.99566971893894,2.256429014610267,-1.8881425758420243
1386.0010000062175,0.3319267961288382,0.4865520257317866,0.9954902927763369,2.2541168165526755,-1.8867357694381885
1394.4009999977425,0.33196680583471466,0.48682419242226804,0.948648517389957,2.253286407868833,-1.8862758770138182
1411.201000039,0.3318735304055627,0.4877145785699546,0.9967838172061302,2.2505381645836,-1.88576008690049
1428.00100002205,0.3319887680172954,0.4882380480563685,0.995770320012389,2.2489282864207283,-1.8847014928657735
1444.8010000051,0.33218333935127264,0.48878655938802595,0.996034879034246,2.2472296697033447,-1.8832589958871118
1461.6009999881499,0.33201399518353003,0.4899032197226888,0.9891398594282259,2.2438063325726993,-1.8828751905534837
1470.0010000378825,0.3321775898393788,0.49047555804294907,0.9937684701443336,2.242011881372646,-1.8815417498790135
1478.4010000294074,0.33212191557449655,0.4908266209941454,0.9874938857201943,2.240952532791458,-1.88144517207789
1486.8010000209324,0.3322203864991315,0.49098179169772427,0.9936923523863986,2.240456123444046,-1.8808386338918661
1503.6010000039823,0.3321521314096462,0.49172588226190794,0.9921166848047279,2.238157970276481,-1.8803814094207498
1512.0009999955073,0.3322366173161413,0.4916495021592685,0.978345778953924,2.238429074415481,-1.8801088028880868
1528.801000036765,0.3318618110724306,0.49278555534053337,0.9937565345659054,2.23495943850622,-1.8806339836534725
1537.2010000282899,0.3319307201768302,0.49286747496675243,0.9947294631506414,2.234716089256968,-1.8802533650262672
1554.0010000113398,0.3317053653982488,0.4931543107790476,0.9913869131399116,2.233790393189702,-1.8809289245115504
1562.4010000028647,0.3314547173098715,0.4940643466182879,0.9921036565859023,2.2310519938343956,-1.8811559129631066
1570.8009999943897,0.3313165440791729,0.4940142714585608,0.9932357409435334,2.2311945326111995,-1.8818062731438414
1579.2010000441223,0.33138574122591413,0.49423370480364115,0.9920966624112779,2.230511511880004,-1.88127579494071
1587.6010000356473,0.33109897922614684,0.49448956223785834,0.9910925212514279,2.2297130022103646,-1.8822704864593023
1596.0010000271723,0.33098873319236866,0.49398288985038463,0.9188015557831714,2.2312728360737464,-1.8832681134793405
1604.4010000186972,0.33072397499832085,0.4942326220611506,0.992027402790156,2.2304932863880413,-1.8841725018905058
1612.8010000102222,0.33075831485741003,0.49408741831551617,0.9929737038829847,2.230969454880164,-1.8841884884241527
1621.2010000017472,0.33053527788296844,0.49469519276980234,0.9924510258344734,2.2291044101526367,-1.8845557797799433
1629.6009999932721,0.3301557325497602,0.49493817776321003,0.9918974106920111,2.2283446451216093,-1.8859690551347914
1638.0010000430048,0.32971085725451105,0.49498755295910435,0.9912183364575073,2.228190125894821,-1.887873478855586
1646.4010000345297,0.329647706952047,0.4949450554759409,0.9902096605766565,2.2283097366509343,-1.8881873893926835
1654.8010000260547,0.32900621258626067,0.49453835290650083,0.9907535831942856,2.2295335643800214,-1.8914151454742674
1663.2010000175796,0.33047130338646385,0.48847624423089775,0.6226611092689928,2.248232703992808,-1.8912720999619765
1671.6010000091046,0.3305149459349715,0.479542160592615,0.6162889330523039,2.276414138285449,-1.9012602400296017
1688.4009999921545,0.33516384114106146,0.46769553499682215,0.9962906176729395,2.314913282862364,-1.8942487119918014
1705.2010000334121,0.33592559304048397,0.46357790800834797,0.784720582984934,2.3290605987589026,-1.896367181050145
1713.601000024937,0.33612459751643686,0.46161362687650276,0.9958396011464792,2.335616842539967,-1.898074881657435
1722.001000016462,0.33741406135526664,0.45933699651801985,0.9904165036279156,2.343251709738556,-1.8948964807217705
1730.401000007987,0.3375139123995021,0.4586281529946382,0.9960682882396753,2.3456044602084987,-1.8953700044239592
1738.800999999512,0.3376756002510012,0.4579794919451463,0.977718184639379,2.3478103098613317,-1.8954937430367773
1747.200999991037,0.33747514438217574,0.45740152584488947,0.9953430043942503,2.349831251181823,-1.8973506073765387
1764.0010000322945,0.33718930286672216,0.456681031237926,0.9950885260431802,2.35234774225464,-1.8998564274305463
1772.4010000238195,0.3369829628720091,0.4562148106043551,0.9950794257200581,2.3539464229618,-1.901573315778777
1780.8010000153445,0.33708925738711876,0.4558635651967303,0.9953907233996306,2.3552042125168366,-1.9015992467236864
1789.2010000068694,0.3371153476286574,0.4553710590428426,0.9949965796925717,2.3568827723940418,-1.9021933614454798
1797.6009999983944,0.33725309037809925,0.45491321234766957,0.9946855340631185,2.3584611228357084,-1.902190576145262
1806.0009999899194,0.3371949413339239,0.4546320109304107,0.9953526472356092,2.3594550405624988,-1.9029232092143253
1822.801000031177,0.33693224333977095,0.4540826917170949,0.9952964859628686,2.3613760733300233,-1.9050973605562458
1831.201000022702,0.3366808974986039,0.4532996076579796,0.9958374653568205,2.36421115842532,-1.9076608357036888
1839.6010000142269,0.3370439337841689,0.45337220662034017,0.9968641677796843,2.363939211048443,-1.9056967118980903
1848.0010000057518,0.3364830624804448,0.45296445804021146,0.9957861140970012,2.3653981876798125,-1.9092035494535953
1856.4009999972768,0.3368116461520916,0.4523495653511479,0.9959532890226559,2.367548074231851,-1.9085077616363677
1864.8009999888018,0.33642932918783275,0.452087137005203,0.9965655552153319,2.368525595063403,-1.910914029716245
1873.2010000385344,0.33633832469801755,0.4519209547198155,0.9949071362133662,2.3690571307064388,-1.9116088449923165
1881.6010000300594,0.33629445458879137,0.4515798005112561,0.9966410184493034,2.37032979945484,-1.9124369363653209
1890.0010000215843,0.3364336180504236,0.45126922258425783,0.9962457044796177,2.3714073894443244,-1.9122187372340647
1906.8010000046343,0.3362554959158648,0.4503152814728606,0.9953356534194587,2.3747978982048585,-1.9147153757114797
1915.2009999961592,0.33573014455829503,0.4506384012073298,0.9952109720657958,2.3736266837636304,-1.916860209225175
1932.0010000374168,0.33600896313451273,0.4502287719430893,0.9952919624602936,2.375095605418141,-1.9161216769112315
1940.4010000289418,0.33606710788441563,0.4501132697357213,0.9945078917637769,2.375454112012669,-1.915978474476848
1948.8010000204667,0.3360023917002411,0.4498924142381422,0.995136965991457,2.376274952978102,-1.916708595868728
1965.6010000035167,0.335659941193325,0.449863094412855,0.9953412772163347,2.376359526659889,-1.9185106958668559
1974.0009999950416,0.335858370307125,0.44925506570747953,0.995323525147846,2.3785539055911005,-1.918538499917154
1982.4009999865666,0.3356244963012207,0.44943108766202455,0.9959497363408873,2.377937560967295,-1.9194567423286564
1990.8010000362992,0.335729229148107,0.44946297557267667,0.9958237000434849,2.377837051678616,-1.9188701887667987
1999.2010000278242,0.33610814630690844,0.4491373699058834,0.994756093079558,2.37892851199058,-1.9174136553127963
2007.6010000193492,0.3358052157916852,0.4493143634665372,0.9959664020693012,2.3783583318845785,-1.9187240364974019
2024.401000002399,0.33603411537718164,0.4487631726796881,0.9950895365351473,2.3803120149948604,-1.9184699137772352
2041.2010000436567,0.33627002898710606,0.4483975183066484,0.9959860541620434,2.381662043052814,-1.9179035346174569
2049.6010000351816,0.33604281637835787,0.44803873034788766,0.9954465018464204,2.383007514930776,-1.9197471540562092
2058.0010000267066,0.33617543273037864,0.44844472264997537,0.9959711263476254,2.3815189686865255,-1.918332318513881
2066.4010000182316,0.33610057209370625,0.44870882019880365,0.996271002125998,2.380571847154879,-1.9182659006253777
2074.8010000097565,0.3360607526967566,0.44851785598545146,0.995400602289353,2.3812334340525947,-1.9187847220225371
2083.2010000012815,0.33623185976289754,0.4485861602888671,0.9964312910687522,2.3810181914564628,-1.9178006344545626
2091.6009999928065,0.3357773291737066,0.44839720393394134,0.9944947684168393,2.3817021793988173,-1.9204921014494352
2100.001000042539,0.335671935268912,0.4489308927036294,0.9951168957983209,2.3797633021055566,-1.920097078058861
2108.401000034064,0.335635166793374,0.44899813831974655,0.9955509440641441,2.3795595461932995,-1.9201987773868745
2125.201000017114,0.3362848671053813,0.4487653055613259,0.9964681814887562,2.38040222177641,-1.9172372006760867
2133.601000008639,0.33574857315159135,0.44907662718354735,0.9958089009227525,2.379303558984343,-1.919493929307626
2142.001000000164,0.33582359734297873,0.4486484044894151,0.9959480790723715,2.3808828257675443,-1.9198759962487033
2150.400999991689,0.33555257058389226,0.4489368517989266,0.9948135533290755,2.3798259102646337,-1.920767233735182
2158.8010000414215,0.3362392499834492,0.44916626985924446,0.9961411452515224,2.37900641024442,-1.916816906344959
2167.2010000329465,0.3357829538611063,0.4491267427296862,0.9946488204073982,2.379145743043137,-1.9192453264472042
2175.6010000244714,0.3359367712944427,0.4489727636556784,0.9929928082285496,2.3797074267823195,-1.9187203374619193
2184.0010000159964,0.33560123673378567,0.4494234283830617,0.9938887337621893,2.3781146588722866,-1.9196991187588508
2192.4010000075214,0.3357203793984165,0.44945562226443936,0.9955773766808339,2.378047058105581,-1.9190618988818495
2200.8009999990463,0.33550542059825544,0.449786640143215,0.995612509314216,2.3768407746151925,-1.919590406460617
2209.2009999905713,0.3354896575355758,0.44980368036846896,0.996116406343663,2.376824087982125,-1.9196748842193794
2217.601000040304,0.33555351723756516,0.44982963620006333,0.9952550246563899,2.3767070601242395,-1.9192828401081778
2234.401000023354,0.33559346697487236,0.4494612012424368,0.99480729089301,2.3780431251928227,-1.9197207705230532
2242.801000014879,0.3356918714019823,0.44974570194562713,0.9957938352702449,2.3770638814426777,-1.9187525062755904
2251.201000006404,0.33573652280118305,0.44995115684227305,0.9950122295448482,2.3763100473949192,-1.918157487551957
2259.6009999979287,0.33555338024817044,0.45054783084391936,0.9952513719464223,2.374241220931618,-1.918133392031631
2268.0009999894537,0.3354729102910971,0.4508411911198654,0.9953307176556518,2.373178787764509,-1.9180397324503269
2276.4010000391863,0.33579936563925905,0.45037345119140326,0.9957348388296307,2.374870073604132,-1.9171662523402389
2284.8010000307113,0.3356687899016654,0.45112504070981396,0.9957892298123997,2.3721950800559433,-1.9165753896432143
2293.2010000222363,0.33590835084579196,0.4509527174641256,0.9953365665362025,2.372813949027312,-1.9156377044664392
2301.601000013761,0.3354115858978158,0.45111584495118096,0.9962671134556116,2.3723045295050915,-1.9179673593772177
2310.001000005286,0.335317171297564,0.4510810868761207,0.9949993146147584,2.372396381453474,-1.9184881003096401
2326.800999988336,0.33486543833219073,0.4509102847378972,0.9971609173143074,2.373084071442857,-1.9211599825071402
2335.2010000380687,0.3347477732459071,0.4512507886129218,0.9968266195332224,2.3718989387591702,-1.9212071643826243
2343.6010000295937,0.33456031289368465,0.4506714843958134,0.9964126471590363,2.373968672660243,-1.9231662339422304
2352.0010000211187,0.3346487123571424,0.45009412428610385,0.9959839878227953,2.3760444575520006,-1.9237143650220605
2360.4010000126436,0.3341085003570086,0.450695870857295,0.9957448449307338,2.3739368695331122,-1.9254990171927273
2368.8010000041686,0.3337510340996352,0.4506592185576441,0.9960837401755003,2.374127467156444,-1.927455996895913
2377.2009999956936,0.3330891641119246,0.4508338244798228,0.9964897437365263,2.373539390250633,-1.930604963098523
2385.6009999872185,0.3330263420303424,0.45112241697637523,0.9961728275495147,2.3724909176476854,-1.9304108292556055
2394.001000036951,0.3327266948454552,0.45104374349942233,0.9956330468457609,2.372779972981772,-1.9321066690201738
2410.801000020001,0.3320729373904043,0.45113116099354045,0.99553690398131,2.3725096596722115,-1.9353736464702944
2419.201000011526,0.3313472103377971,0.4514055674588625,0.9951047308231472,2.371594772757161,-1.9387015614151133
2427.601000003051,0.3311538546750402,0.4513068103995779,0.9952985833192324,2.371958946494583,-1.939892309104518
2444.4010000443086,0.33033003210391876,0.45246603252239004,0.995370871461648,2.3679018230402296,-1.9421479543041895
2452.8010000358336,0.32996925920662207,0.452944108816688,0.9951706080703813,2.3662093364203582,-1.9431673301234722
2461.2010000273585,0.32969211252665986,0.45298441259839717,0.995168765125749,2.3660716362799676,-1.9445344023776372
2469.6010000188835,0.3294659373209211,0.4533098597415456,0.9957690507740495,2.3649532822847146,-1.9451513515872034
2494.8009999934584,0.3286090380149464,0.4539660259569853,0.9954169697671714,2.36268035230149,-1.9484495512657893
2503.201000043191,0.3284730558330213,0.4539710018109008,0.993534684663074,2.3626950738084775,-1.9491696770145726
2520.001000026241,0.3280536542451902,0.4545207418096505,0.995939705986095,2.3608288852337695,-1.9504126919651072
2528.401000017766,0.32694816930668097,0.45540356484725564,0.9959643932392717,2.357784035781655,-1.9545917590252875
2536.801000009291,0.3271697388439722,0.45490747004360665,0.994056477665738,2.359528495558681,-1.9543379542846915
2545.201000000816,0.3266050202153904,0.45535345746336786,0.9954234010498184,2.3579802880192644,-1.9564710620099146
2562.0010000420734,0.32592832420787177,0.45617830492845424,0.9961659427246742,2.3551429114569262,-1.9585275483718543
2570.4010000335984,0.32503800407976036,0.45706834977468347,0.9954320469494682,2.352041169788841,-1.9615282781662944
2578.8010000251234,0.32500523959614186,0.4574070964366861,0.9951342121327063,2.3508526363501856,-1.9610845314640029
2587.2010000166483,0.32488353007153636,0.45794940521896843,0.9955161602953371,2.3489954702512685,-1.9607696936196024
2595.6010000081733,0.3246040421965471,0.45800804029563247,0.9964026070963667,2.348867458736135,-1.9621632912908673
2604.0009999996983,0.3246969351100265,0.4583066382891381,0.9959187730233805,2.34778217679958,-1.9611170960953015
2612.400999991223,0.3246633718026017,0.458440217558585,0.9966169273202615,2.3473518948095964,-1.9610804377908702
2620.801000040956,0.3240949192282917,0.45881907211882,0.9970903918263462,2.3461647264856924,-1.9634289994622893
2629.201000032481,0.3243168817057855,0.45875810950364126,0.9953603343724385,2.346256850471832,-1.9623006927310875
2637.6010000240058,0.32436693381836584,0.45899938282525665,0.99573303196488,2.3454566600474127,-1.9616483465745567
2654.4010000070557,0.3244753802834313,0.4592921949328487,0.9961057240763123,2.3444930283723493,-1.9606208909101204
2662.8009999985807,0.32486163653455924,0.45956085039358097,0.9963907642047701,2.343541326304311,-1.9581629652876285
2671.2009999901056,0.3245562355180861,0.45964597153842257,0.9949156479421738,2.343228913668811,-1.9595573299228113
2679.6010000398383,0.324498960205909,0.4607352333131174,0.9963503540214927,2.3395232480311017,-1.9580094586550998
2688.001000031363,0.3242196053921541,0.46077256755040596,0.995744149495368,2.339392598695251,-1.9593620071227977
2696.401000022888,0.32418588279734445,0.46111539169280413,0.9965799467652786,2.3382954776789857,-1.9590119514495885
2713.201000005938,0.3241409676624011,0.46243332871504783,0.9956910191568508,2.333739345572276,-1.9569729332970496
2721.600999997463,0.3240586649314549,0.4626556689149056,0.9950416920300678,2.3329603042463334,-1.9569991385030652
2730.000999988988,0.3246034277825503,0.46255022001321144,0.9956736460086002,2.3333488109307625,-1.9544548062546723
2738.4010000387207,0.32476892679741964,0.4623835417946264,0.9959748253346843,2.3339261828975255,-1.9539055796150655
2755.2010000217706,0.32501194926682003,0.462540646669238,0.9967120469673146,2.333428672464961,-1.9524535154242526
2763.6010000132956,0.32504487026492657,0.46248553367896483,0.9960017305282822,2.333577513975065,-1.952347635811015
2772.0010000048205,0.3250828373843314,0.46263133412827584,0.9962598926037908,2.3331226347851786,-1.9519501135777308
2780.4009999963455,0.32514537902467666,0.4628216470977736,0.9955340281573877,2.3324328308556477,-1.9512899322075636
2797.201000037603,0.32559491560854414,0.4637898753208266,0.9964927860395777,2.329173136658671,-1.9474917042967244
2805.601000029128,0.3262081245832037,0.46377686376814886,0.9953771534660123,2.329111667029938,-1.9443711738075034
2822.401000012178,0.3265019138112254,0.46356842442549684,0.9957868852792988,2.329858004634584,-1.9432699823330708
2830.801000003703,0.32662837188797533,0.4636878077703668,0.9960938167244635,2.3294616991498773,-1.9424571882675965
2839.200999995228,0.32689780371385574,0.4641089361963878,0.9953633772404764,2.3279824901562813,-1.9404123827842503
2847.600999986753,0.3276173424305517,0.46356166108401764,0.9955629920566331,2.3298707353740706,-1.9377229999035495
2856.0010000364855,0.328580335980105,0.46261162921530163,0.9951830315492717,2.3330496774945133,-1.934386715954657
2864.4010000280105,0.329673611159735,0.46209012617665024,0.9942289214391266,2.3348188374739633,-1.9297583976036234
2881.2010000110604,0.3309063393077625,0.46099772808661066,0.995888232963336,2.3385178571547454,-1.9252980301907896
2889.6010000025854,0.3308863651143284,0.4614378989658926,0.995557128529109,2.336990526913227,-1.9247004987061516
2898.0009999941103,0.33104956004638286,0.4619883701177383,0.996254002238347,2.335139105857311,-1.9230669131397233
2906.401000043843,0.33079080160550045,0.4625492428523508,0.9950531998154276,2.333160971858952,-1.923444106001882
2914.801000035368,0.33121092608172575,0.4628677066330896,0.9946480182743911,2.332056680805702,-1.9208723402948606
2923.201000026893,0.33159324683497865,0.4631377297982553,0.9953853385959636,2.331136884915636,-1.918582658518473
2931.601000018418,0.3325779786732859,0.46224585781464556,0.9949431723762776,2.334144202138679,-1.915041600252636
2948.4010000014678,0.3338770213746099,0.4609129406784812,0.955229600862652,2.338619503433211,-1.910561019279273
2982.0010000257753,0.3340614650354543,0.46152381983314816,0.9693067976629771,2.3364925352851147,-1.9087210394583851
2990.4010000173002,0.3343001859829175,0.46182465489663704,0.9950016014752727,2.335435716828589,-1.907085206638711
2998.801000008825,0.33452969713149344,0.4618330732405952,0.9958003589765084,2.3354661734347664,-1.905986724082361
3007.20100000035,0.33450915133491976,0.46171105047498606,0.9933464894591233,2.335863444298347,-1.9062520000738874
3032.4010000331327,0.33561032890435055,0.46081220962206815,0.9471649378471663,2.3389412029406498,-1.90214890268403
3049.2010000161827,0.33539408172779206,0.4595825949349305,0.9960448868464394,2.343120892395293,-1.9049925307510154
3057.6010000077076,0.33557682323808014,0.45911105268725083,0.9361169054059353,2.34472893146617,-1.904777518375753
3074.4009999907576,0.336602415251371,0.45708128375726453,0.9960108364012202,2.3517388358704707,-1.9027144298555607
3082.80100004049,0.3372544779833081,0.455580145631011,0.9954518337432391,2.356926465519559,-1.901707592625172
3091.201000032015,0.3378679720418887,0.4547962208926736,0.9875635681657174,2.3596336261757886,-1.899805347162124
3099.60100002354,0.3381138026718851,0.4543240938038241,0.9953693758058543,2.3613138907557176,-1.8993113234451273
3108.001000015065,0.33828929659894313,0.4541530027346111,0.9951834185061793,2.3619092624771487,-1.8986877839080625
3116.40100000659,0.3382760681309902,0.45437663997236233,0.9950273353248998,2.361104878294608,-1.8983978640330827
3133.20099998964,0.33832670620573635,0.45520983500039724,0.9952675902168678,2.358146325861724,-1.8968481943445432
3141.6010000393726,0.3383347817441331,0.45537229505832555,0.9957668645593071,2.3576069302216585,-1.8965816507085285
3150.0010000308976,0.3389780047591224,0.4546292362558655,0.9957723153277115,2.3601894560868413,-1.894469854035933
3158.4010000224225,0.33942213429773455,0.45388406120071,0.9955582362308698,2.362771787809541,-1.8933469230295703
3166.8010000139475,0.33986998541884816,0.4526232058652233,0.9948924347013818,2.3672150912937884,-1.8930161377696584
3175.2010000054725,0.3402666912197503,0.45235770842194223,0.9954486020711295,2.3681613209145715,-1.8914258733963545
3183.6009999969974,0.34002524064506445,0.4521053937903027,0.9946464723524677,2.3690418121395163,-1.893025959710557
3200.401000038255,0.3397153332067465,0.45219648936313306,0.9954910185839406,2.3687484209018286,-1.894472266909308
3208.80100002978,0.3399722199327036,0.4516648448541184,0.9795573375728787,2.370693675108666,-1.8940379793315276
3217.201000021305,0.33922697331118296,0.45186831850853404,0.9953754976852333,2.3699125105684864,-1.8974595923831596
3225.60100001283,0.3391494810867587,0.4509340524535851,0.9956740292629707,2.373242319638508,-1.8993393108234422
3234.001000004355,0.3397488179926939,0.44984058221135337,0.9962125248627938,2.3771773752010192,-1.898052306935071
3250.800999987405,0.3389850866372166,0.44810031549009866,0.9937110073079374,2.3834750607762136,-1.9048689819857916
3259.2010000371374,0.33897920635954665,0.4478231166474447,0.9947581014197521,2.3844606590114457,-1.9053543899070966
3267.6010000286624,0.3387149570664885,0.44788332314699386,0.9947442285524082,2.3842423856229167,-1.906620836446764
3276.0010000201873,0.3386400568208747,0.4476272866781603,0.9951303672602129,2.3852017045531326,-1.9074663842524546
3284.4010000117123,0.3385177153463085,0.44746187791523473,0.9955320739968895,2.3858131583947038,-1.9083920820681428
3292.8010000032373,0.3379679233272595,0.44770238654218764,0.9943242966280159,2.3849248209904106,-1.9108238289877733
3301.2009999947622,0.3378558052582547,0.44740062672396685,0.995342323823648,2.386048088584344,-1.911947934542528
3309.601000044495,0.3378481341725016,0.4473427247211862,0.9966554161206769,2.386316233680605,-1.9121293660903496
3326.401000027545,0.33758521117382595,0.44641138849943796,0.9961856554637326,2.389686498628712,-1.9151191398575136
3334.8010000190698,0.3371094043703785,0.446241177963956,0.9945431090713709,2.3902664128963766,-1.91788534886109
3343.2010000105947,0.33685142260142664,0.44638489513684476,0.9871962202438254,2.3897758132969793,-1.9190064163986107
3351.6010000021197,0.33700923435529856,0.4458679090916725,0.9936688062178529,2.3916499503531767,-1.9190949245933855
3360.0009999936447,0.3365588059988128,0.44609602411425375,0.9933805411492854,2.39076769802767,-1.9210165077437777
3368.4010000433773,0.33669347990225756,0.44576932582665296,0.9947735253353346,2.3920786229671958,-1.9209839577925416
3376.8010000349022,0.3369098725283072,0.4453881074020096,0.994778711609157,2.3934658075196933,-1.920529019573826
3385.201000026427,0.3366720013313099,0.4452617981983824,0.9951874853518909,2.3939632639277555,-1.9220395107949635
3393.601000017952,0.3370298198422649,0.4449944335814773,0.9929901912751342,2.394844975712329,-1.9205656069102577
3402.001000009477,0.33682652117162726,0.44541013332696056,0.9939637187818829,2.393339166158475,-1.9208949120817338
3418.800999992527,0.33590459179100157,0.44596608517638836,0.9946252444282528,2.3913901114527234,-1.92480529567541
3427.2010000422597,0.33571158222492237,0.44626737195348243,0.9938415790034459,2.3902503355699505,-1.925243272719533
3435.6010000337847,0.3356449706927197,0.4466676125993332,0.9873994066710063,2.3887780676071775,-1.9248566539956535
3444.0010000253096,0.3355262288153694,0.44703368654339926,0.9947840498513021,2.387512918488456,-1.9248679532496773
3452.4010000168346,0.33532173775489926,0.4470697265120259,0.9948566205467304,2.3873791641619695,-1.9258743635405586
3469.2009999998845,0.3361482912832384,0.44640318606213236,0.9930154637894155,2.3897410994317156,-1.9226890859094783
3477.6009999914095,0.3363434063716106,0.44638305715161186,0.9950390793975019,2.3898653511915477,-1.9217373538739067
3486.001000041142,0.336309994551044,0.4463754332119668,0.9946824637315701,2.3898994278005357,-1.9219312646461089
3494.401000032667,0.33679274803157433,0.44617351831612206,0.9956599331429637,2.3906383098679838,-1.9197596172889704
3502.801000024192,0.3367162441079843,0.4466875794014109,0.9946085988621602,2.388729786018288,-1.9192162920022369
3511.201000015717,0.3367821839284522,0.44773037074220623,0.9960974735818813,2.3849971222421416,-1.917069736061648
3519.601000007242,0.33666487191791894,0.4477313945559749,0.995636297885382,2.3850204373680572,-1.9176990874388509
3528.000999998767,0.3370638148313354,0.448055401644022,0.9961845353876717,2.383829125359383,-1.9150436138854525
3536.400999990292,0.337322146634065,0.4479708323261783,0.9956678888784998,2.384072780636448,-1.9138022494267726
3553.2010000315495,0.338592369035868,0.445671109268711,0.9956357974272912,2.392475675539324,-1.9112105063428195
3561.6010000230744,0.3397000240459294,0.44288390457728655,0.9934758561418096,2.4026635574620543,-1.9103017141427068
3570.0010000145994,0.3407013713024351,0.44133908206430106,0.992482094642973,2.4083975161185327,-1.9077871670419377
3578.4010000061244,0.34129503266994643,0.4417428425178206,0.9925934266495153,2.406835192780612,-1.9038542847737339
3586.8009999976493,0.3402991964799489,0.4439046942720922,0.994988576875577,2.39894319210453,-1.9053454558694038
3595.2009999891743,0.33909901160572986,0.4459797223298282,0.9950815074467585,2.391332403124312,-1.9080077553453574
3603.601000038907,0.33873316421455696,0.44751582246315913,0.9944069350072721,2.385661634892945,-1.9072122690371447
3612.001000030432,0.33869692791187694,0.4485937987290408,0.9949423454393874,2.38181897520995,-1.9056175515452571
3620.401000021957,0.3392018524248724,0.449693663770651,0.9959174682920461,2.377847712943839,-1.9011906040788484
3628.801000013482,0.33926329669971256,0.45011234567938474,0.9959998789582812,2.3763570139618193,-1.900202021131935
3637.201000005007,0.3394132234671241,0.45034812916225775,0.9957887342470516,2.375485433913071,-1.899035742647159
3645.6009999965318,0.3389989732756774,0.45162839321660886,0.9974934457552922,2.3709729440604472,-1.8991378849815186
3654.0009999880567,0.3391088398556937,0.45254129369380647,0.9964563573671471,2.3677063478702354,-1.897125461698645
3670.8010000293143,0.33878071121272313,0.45400722611587363,0.9968156401771929,2.3625431012605334,-1.8965210756936703
3679.2010000208393,0.33884628026789826,0.45326597985164774,0.9966945074083241,2.365187603819736,-1.8973548991129285
3687.6010000123642,0.33933035129552724,0.4522255985038529,0.9968929978515716,2.3688975379582633,-1.896545896951692
3696.001000003889,0.33944793492483216,0.4502597361439451,0.996193018337447,2.375941743060197,-1.8990960106961103
3704.400999995414,0.3401645334167725,0.44760097835334156,0.9949975158441319,2.385467531126123,-1.8997333736419044
3712.800999986939,0.34069634802690707,0.44579298965933534,0.9947922536811763,2.3920890248625777,-1.9000447451277953
3721.2010000366718,0.34018642827574513,0.44594034214070233,0.9951958565686021,2.3916098803759414,-1.9024919525719468
3729.6010000281967,0.3399663840364322,0.4464251502293616,0.9941735812245632,2.3897758976108556,-1.9027654889743304
3738.0010000197217,0.33899393701223335,0.4489449818493275,0.9952526131565903,2.3806878429670415,-1.9035936425335394
3746.4010000112467,0.33749609708733175,0.45114630661781696,0.9966444278746449,2.372896842633644,-1.9077249741139712
3754.8010000027716,0.3366257915869856,0.45407093650621155,0.9958734492815187,2.362462412501578,-1.9073914442583118
3763.2009999942966,0.3358275459999177,0.4556484671592518,0.9972226189814603,2.3570302157344036,-1.9090073536373444
3780.001000035554,0.33561572151026225,0.45595244699363024,0.9966181887048648,2.3559048316075404,-1.9095533553728976
3788.401000027079,0.3356614906037853,0.4549156660666207,0.9969160189538001,2.359562348874599,-1.9109751342291608
3796.801000018604,0.33537222678899664,0.45394066648846776,0.9964413562698956,2.362993541266059,-1.91400505016718
3805.201000010129,0.3350926967197741,0.45352661119834614,0.996618156475991,2.364483117959679,-1.9161213309868026
3813.601000001654,0.33463027541120266,0.4533760331190775,0.9967049817957234,2.3650854645540105,-1.9187772481388732
3822.000999993179,0.3340705893833765,0.45350729276859625,0.9964425495411056,2.364618589062462,-1.9214150434994899
3830.4010000429116,0.333670943130678,0.45366380514169813,0.9966952348994952,2.3640623676678216,-1.9231934976638767
3838.8010000344366,0.33326930339935007,0.45334665992057355,0.9961509657382234,2.365197208172027,-1.9257910721328206
3847.2010000259615,0.33309752788287267,0.45282073300647985,0.9963323958954908,2.367093281948819,-1.9275900477197214
3864.0010000090115,0.33285067746608804,0.4511397291762971,0.9962490005301441,2.373121219664806,-1.931811510956236
3872.4010000005364,0.3326692327899762,0.45058075403414877,0.9964425786768366,2.375116723240901,-1.9337403358534824
3880.8009999920614,0.33220269904356864,0.45007207876732613,0.9960322539885668,2.3769665978630945,-1.9371043481819559
3889.201000041794,0.3320878607372591,0.4501775352749664,0.994738564321124,2.3765440790308014,-1.937479595406247
3897.601000033319,0.33156378361610406,0.44976823531717447,0.9966524930208734,2.3781345742056903,-1.941059106383573
3906.001000024844,0.330802615368808,0.4501727627397364,0.9945564335595336,2.376593792537522,-1.944236387260944
3922.801000007894,0.3293290229498821,0.4505510143207989,0.9960461260719625,2.3753809331603506,-1.9513813645701763
3931.200999999419,0.3287727003646741,0.4510384214147456,0.9960917030193162,2.3736236303010276,-1.9533819962441963
3939.600999990944,0.3285749056925281,0.45108615236984284,0.9960340353676801,2.3734764915730073,-1.9543503974232417
3948.0010000406764,0.3279279881924858,0.45110625151912176,0.9967832574442955,2.3735087330101163,-1.9577988577908176
3956.4010000322014,0.3279582486869983,0.45088332566844125,0.9948967622759937,2.3741750460970397,-1.9579550816259264
3964.8010000237264,0.3273986105980883,0.4511179361159259,0.9950167925914956,2.373375695976703,-1.9604907077383897
3973.2010000152513,0.32754671376759814,0.4508067887474587,0.9951272521007847,2.3744552624435475,-1.9602757363913983
3990.0009999983013,0.32730436927425643,0.4506016372531053,0.994790294434069,2.375205892118102,-1.961962088581201
3998.4009999898262,0.32714754242972977,0.4505260652788531,0.9955860182825399,2.375522620546444,-1.9629750805268091
4006.801000039559,0.3266087908100437,0.45038009282097613,0.9948612642783323,2.3760768590940518,-1.9661383787471063
4015.201000031084,0.3271030769453363,0.45059055181747243,0.9955022905587511,2.3753391074698027,-1.9631252498771634
4023.601000022609,0.32713851815179196,0.4509056536185345,0.9955316983441368,2.3741505743910847,-1.9622817971642976
4032.0010000141338,0.32763393153258613,0.45117070274185844,0.9953824184783081,2.3732039995106025,-1.9591643740014204
4040.4010000056587,0.32744641461089885,0.45170913802457135,0.995331048461898,2.371298620860124,-1.9591460081484342
4057.2009999887086,0.32763877280032305,0.45197340702692557,0.9956016663414085,2.370344963575916,-1.9576296824436634
4065.6010000384413,0.32785515183549296,0.4521085255855847,0.9951671186506692,2.3698438922401586,-1.956226890653227
4074.0010000299662,0.3281687727475216,0.4516849796562402,0.9959629484149309,2.3714067182934704,-1.95541684583257
4082.401000021491,0.32868491806110606,0.4512629775958762,0.9948067829767098,2.372846307864776,-1.953443486384805
4090.801000013016,0.32939823335385837,0.4521278668630544,0.9934087834546549,2.3696876695142075,-1.9480586215725182
4099.201000004541,0.32975671758886616,0.45166899566680163,0.9948054137798675,2.371363056061244,-1.947058062382711
4107.600999996066,0.32995246747305185,0.4514592791479415,0.9949132240529078,2.37209886672874,-1.946409519801081
4116.000999987591,0.3304504285064826,0.451869241384694,0.9958750018014441,2.3706419060955533,-1.9430738747817706
4132.801000028849,0.3299911241954194,0.4530477067011066,0.9964467675219268,2.3664621295010217,-1.9433535922066216
4141.201000020374,0.33031669048253465,0.45344961464198486,0.996459714756637,2.3650884664675242,-1.9409962668137453
4149.601000011899,0.33088242159089154,0.45273604344076557,0.9957757133293413,2.36756283264882,-1.939287950099609
4158.0010000034235,0.33171594997953047,0.4514108794446763,0.994945115567401,2.3722376955888707,-1.9372853799948409
4166.4009999949485,0.3328533949048196,0.44905619553098985,0.9950520878130618,2.3807038524564876,-1.9356060906827939
4174.8009999864735,0.3337301721887031,0.44794397001156416,0.9950259599462001,2.384731701167297,-1.9330398449416744
4183.201000036206,0.3339755769979451,0.4477880517027891,0.9947391855590421,2.385251918610468,-1.9320008519143865
4191.601000027731,0.3332175702699186,0.44938315461273426,0.9939238373159933,2.3794267653565,-1.9330331479761502
4200.001000019256,0.3320881856781689,0.452195948725844,0.9945493049389597,2.3693398938072554,-1.9338929372207456
4208.401000010781,0.33129938251489477,0.4540917583417148,0.9951107275705777,2.362736191687356,-1.9347537127759036
4216.801000002306,0.33109151229870226,0.4557589261334951,0.9961414142909409,2.3568680848920684,-1.9329790602825418
4225.200999993831,0.33132421360436304,0.45622399062884655,0.9968507879723654,2.3552558582928778,-1.931029040381477
4242.0010000350885,0.3304789170548377,0.45600694716121426,0.9948097917109194,2.3559546860305463,-1.9356505134216275
4250.4010000266135,0.3295743305782387,0.4556919438646063,0.9959293821635806,2.357179607476678,-1.9409035275524456
4258.801000018138,0.3296341316996543,0.45502877137846154,0.9947389900751326,2.359459000133712,-1.9417046302038594
4267.201000009663,0.32968694890808364,0.4548254209818604,0.9955956136283595,2.360254690718086,-1.9418491407309122
4275.601000001188,0.33005516818543557,0.45363437742774015,0.9935300717538802,2.3644260471208502,-1.942014679009564
4284.000999992713,0.3303795110163556,0.45316311565091916,0.9949721161801469,2.366096373091285,-1.9411720833290258
4292.401000042446,0.3304645486424456,0.45209102982209326,0.9937172203154029,2.3698806408241238,-1.9426236676544593
4300.801000033971,0.33064332034832566,0.4522213944701956,0.994060638444372,2.369418981113578,-1.9414631414215602
4326.001000008546,0.32912142617347157,0.457387959458903,0.9950104932310477,2.35129749833447,-1.940360665599503
4334.401000000071,0.32847104574452785,0.45891940490884353,0.9957483609644693,2.3460184385839242,-1.9411245322237551
4351.201000041328,0.328811974296381,0.460994067919796,0.9964815924915842,2.338904857575795,-1.9360447875680535
4359.601000032853,0.3295221978383647,0.46108211808530186,0.9966873756058596,2.3385900879666273,-1.9323402145186486
4368.001000024378,0.3299629283127642,0.46002398598378924,0.9960461620339207,2.3422238379409,-1.9318180175929798
4376.401000015903,0.33068057130871803,0.45889086899333587,0.9953570660624408,2.346078402756934,-1.9299911366311602
4384.801000007428,0.33104556163283766,0.45855083715527367,0.9955089257128087,2.3472734502633945,-1.9287158684084469
4393.200999998953,0.33162306718748885,0.45878484612785264,0.9962775187856767,2.3464803746667284,-1.9254499811849417
4410.001000040211,0.33221578562288495,0.4590255549910568,0.9966468392251474,2.345651005032393,-1.9220988447967953
4418.401000031736,0.3326710448003687,0.4592276791442319,0.9966151503300844,2.344963739349498,-1.919512778768088
4426.801000023261,0.3329884943346306,0.45908085108636754,0.9967291186426542,2.3454675113558987,-1.9181525549356904
4435.201000014786,0.3333249151759411,0.45847443071969707,0.9963860143414022,2.347555561952786,-1.9174078569473954
4443.601000006311,0.33381206038136124,0.4576731425145011,0.9971631147927277,2.3503856057558483,-1.9162568260654587
4452.000999997836,0.3347588474930264,0.4567953417078009,0.9960030663380058,2.3533506112878104,-1.9128150468036464
4460.400999989361,0.33541970740703536,0.4551795915753518,0.9960423387360784,2.3590163412885,-1.9120465834753442
4468.801000039093,0.33558036743956515,0.4545165314965769,0.9961739659541197,2.361382271357834,-1.9123180029202864
4477.201000030618,0.3357023610012577,0.4538628634107822,0.9972785788503412,2.36375455485254,-1.9128003863438114
4485.601000022143,0.3357728314255168,0.45345398261200387,0.996531411884027,2.365117292688898,-1.91304698792776
4494.001000013668,0.33577109492866997,0.45326037644478967,0.9965768763505581,2.3658026035125146,-1.9133714487537836
4502.401000005193,0.33611698086617486,0.4531912130490857,0.9967332252022579,2.366042796471844,-1.9117191522608934
4510.800999996718,0.3359921407265564,0.4534070596490912,0.9965168226431212,2.365306303565329,-1.9120235074496827
4519.200999988243,0.3367405863510845,0.4530292004217249,0.9968163096065817,2.366665823021456,-1.908842317472183
4527.601000037976,0.3367895364381997,0.4530903960545032,0.9962469599253138,2.3664292150564066,-1.9084807220930626
4536.001000029501,0.33659358936823136,0.45363624636283517,0.9918005816733538,2.3645101130066655,-1.9086075130152975
4544.4010000210255,0.33662202321329304,0.45397383277021675,0.9960579348023348,2.3632895012217685,-1.907903924683202
4552.8010000125505,0.33690586822710644,0.4537591122644127,0.9968636511797683,2.3641066250189247,-1.906848838869936
4561.2010000040755,0.3368784542529297,0.45373809795971487,0.9961318849357825,2.364122713959818,-1.9069806913103162
4569.6009999956,0.337424146719466,0.4532380756093418,0.9967449610940354,2.365938442161803,-1.9050429065055638
4578.000999987125,0.33795642590647235,0.4530049959029687,0.9966647508637835,2.3667392342907623,-1.9026958638699554
4586.401000036858,0.33820005732414354,0.4523732751774653,0.9955410011233765,2.368915572636159,-1.902418603794445
4594.801000028383,0.3380885791362684,0.4521960015456866,0.9953495764701789,2.3695557689340108,-1.903276047840037
4603.201000019908,0.33876270979348994,0.4527141859926983,0.9952313354118439,2.3677512194817596,-1.8990537307964055
4611.601000011433,0.33804787522878504,0.4526641861845381,0.9953225281747917,2.3678517102989662,-1.9027070362168392
4620.001000002958,0.3367171606714552,0.4539351456551045,0.9960795617589494,2.3634218595335916,-1.907480636632237
4628.400999994483,0.3338131637020418,0.4604100383683781,0.9958013277599336,2.340862314019239,-1.9119964500162818
4645.20100003574,0.3281908855493539,0.4798162074338007,0.9937310132152728,2.2766722964222645,-1.9125074127388701
4662.00100001879,0.3269675167483411,0.4851461748996464,0.9936808806181602,2.259793524223116,-1.9117165085792316
4670.401000010315,0.32761545618879423,0.4848268263745691,0.9926433628390847,2.260727894567391,-1.9090735020915426
4678.80100000184,0.32798633229068264,0.48467214647796597,0.9907868655630122,2.261149520688452,-1.9075100782345766
4687.200999993365,0.32785186015489326,0.4839760601079298,0.9962812844325113,2.263506559887891,-1.90906275956098
4695.601000043098,0.32763223151011794,0.48401089452553725,0.9943627988903264,2.2633048780510774,-1.9099644273516423
4712.401000026148,0.32737708874234583,0.48543495750939814,0.9949645050158179,2.258883665412682,-1.9095000615000397
4720.801000017673,0.3274302983412554,0.48545022551409767,0.9914202424639912,2.258721859596207,-1.9091572568444466
4729.201000009198,0.327799411663516,0.48384985596156505,0.9935254849157235,2.263746434753816,-1.9093399182552653
4737.601000000723,0.32867257364636476,0.48215289517399484,0.9929205463108591,2.269165549506374,-1.9073792330541655
4746.000999992248,0.3303698136690595,0.4789442596089959,0.992816329906827,2.2793276541176697,-1.903352688302072
4754.40100004198,0.3310843408286496,0.47771069912392483,0.9903461453261051,2.2832523757042162,-1.9015121630614265
4771.20100002503,0.33102652982603464,0.47817171717019724,0.9906595599192621,2.281748579264009,-1.9012025870073102
4779.601000016555,0.3299724016921501,0.4802452416924309,0.9930604048902113,2.27517638816214,-1.9036250856786066
4788.00100000808,0.3287672682962444,0.48232186335986327,0.9926474106905545,2.268559340647881,-1.9066910058049853
4804.80099999113,0.3287902798388508,0.4855788740017116,0.9953494345111339,2.2583412247161405,-1.9028181735980432
4813.201000040863,0.32885332742393436,0.48661055725422686,0.9943485773699781,2.2551117106930483,-1.9013604273523907
4821.601000032388,0.32878460376467106,0.4862550614805766,0.9943271165312548,2.2562095487851,-1.902064737331866
4830.001000023913,0.3284120471052522,0.48596107463030125,0.9943077223312976,2.257168884828115,-1.9041218698769222
4838.401000015438,0.3283388592065303,0.48610639404731315,0.9920590060130953,2.2566372287953747,-1.9042349296174448
4846.801000006963,0.3279153929588178,0.4852610840169873,0.9923037836266616,2.2592847229822897,-1.9071381627231876
4855.2009999984875,0.32895012026593495,0.4822133712806932,0.9924408940504911,2.268914231825623,-1.905985754137907
4863.6009999900125,0.3302422096969212,0.47933811041717933,0.990681480217765,2.2780325073289376,-1.9034422825553494
4872.001000039745,0.33140546101858137,0.4755789537991778,0.9936488267708815,2.2901463846526773,-1.902662684841932
4880.40100003127,0.3319540467589622,0.4729786343253176,0.9944115236261344,2.298652938121296,-1.9034159316005246
4888.801000022795,0.33183292130209596,0.4726117307192109,0.9941692337661012,2.299860107371543,-1.904468598737169
4897.20100001432,0.3313822940538989,0.47405635233690735,0.9931290840824923,2.295041799382435,-1.9046659624350557
4905.601000005845,0.3302404582024393,0.47707391439711255,0.992890408466506,2.2853012859275386,-1.9062370054432851
4914.00099999737,0.32899862082433956,0.4803538075977918,0.994028841082008,2.2747944837037437,-1.9079784051263153
4930.8010000386275,0.3277006738248806,0.484696921773377,0.9950210762406274,2.2610145771846732,-1.908748433245918
4939.2010000301525,0.3271849676997129,0.4858366393502618,0.9953627054354434,2.2574465169051154,-1.9097824724361927
4947.6010000216775,0.32727317605134304,0.48626642477638105,0.9922925599776125,2.255984158051186,-1.9087976241068714
4956.001000013202,0.32680583192554347,0.48642098254282007,0.9930036824609354,2.2555130862904362,-1.9107589843040957
4964.401000004727,0.32659281329049505,0.4860365185227592,0.9908514625234841,2.2566548534525457,-1.9121354381793434
4972.800999996252,0.3256088584150515,0.4857433927372098,0.991902682142183,2.2575438827154413,-1.916964132672076
4981.200999987777,0.3248620899958342,0.4863893882753587,0.994680928940773,2.2555871136359413,-1.9196675041021698
4989.60100003751,0.3247250374426247,0.48621127184243973,0.9910147511797183,2.256051293351046,-1.9204396046026604
4998.001000029035,0.32412084831293814,0.48579084336275136,0.9943866639958469,2.2573931044031066,-1.9237408406339471
5014.801000012085,0.32407416016586216,0.4838639893025768,0.9940699637610242,2.2634088763618423,-1.9262906842292051
5023.20100000361,0.32394899631995594,0.4821872827942929,0.9956305916683708,2.2687416451177325,-1.9290046781097572
5031.600999995135,0.3240753489785787,0.4805547745206692,0.9961529156157236,2.2739321673884816,-1.9305120088321979
5040.00099998666,0.32425543071699886,0.47921675756987336,0.9952994865619691,2.2781754091707094,-1.9313912215842686
5048.401000036392,0.3241064854136225,0.47855239654151527,0.9946394274228171,2.280261148840849,-1.9329397005501303
5056.801000027917,0.32400483720458123,0.47761096105113576,0.9949866533115012,2.2832848309411222,-1.9346807390565106
5065.202000027057,0.3239353560244521,0.4776550223869003,0.9952548437592953,2.2831380177458502,-1.9349467033448398
5082.002000010107,0.3229103113346654,0.4779901105168105,0.9927273601917009,2.281919669844484,-1.9392441368237747
5090.402000001632,0.3221747708997672,0.4781728345509131,0.9949311738320877,2.281385441391862,-1.9425283509388187
5098.801999993157,0.32210670566480515,0.47795061026828034,0.9949724940066225,2.2821050068997324,-1.9431615228520005
5107.202000042889,0.3217092798057493,0.47830670668607234,0.9930810354314701,2.280903585758253,-1.9445158872964599
5115.602000034414,0.3214123028724914,0.47769917073414525,0.9945623940939932,2.282843397021855,-1.9467613401847708
5124.002000025939,0.3218158785582374,0.47379501368094357,0.9938642635675777,2.2955347721520365,-1.9504298530390431
5132.402000017464,0.322863689471841,0.46941833097576213,0.9920758750118795,2.3099375074015107,-1.9518849369070699
5140.802000008989,0.3241128471926345,0.4633622310328609,0.994002634938615,2.3302054446760265,-1.9552699808228837
5149.202000000514,0.325113244506905,0.45903566073945656,0.996047953259345,2.345075968496358,-1.9575622581165066
5157.601999992039,0.3259293772540401,0.45591652864143695,0.9943735090899515,2.3558466478410023,-1.9588190626566366
5166.002000041772,0.3259669265688719,0.45496143433519054,0.9937405871333097,2.359181231271145,-1.9603424678616028
5174.402000033297,0.3260727732686319,0.4542630847216408,0.9933393937440246,2.361659023987787,-1.961089126586439
5182.802000024822,0.32596760918900736,0.4542020354599746,0.9948458963957156,2.36194194826104,-1.9618049001491413
5191.202000016347,0.32655689293278706,0.4537992283730057,0.9959576910466906,2.3633515703478785,-1.9594692840173467
5199.6020000078715,0.32689092769469663,0.4534956935291563,0.9946160164979443,2.3643528612828737,-1.9582303267566779
5208.0019999993965,0.3276054389727363,0.4537103521227883,0.9963683076292366,2.363572260360936,-1.9541028196130248
5216.4019999909215,0.3280027347594623,0.4533041604156953,0.9959395537405052,2.3649895614293874,-1.9527624806297268
5224.802000040654,0.3284237735346517,0.4528832875842892,0.9959889477139714,2.366472726463311,-1.9513334986778974
5233.202000032179,0.3287781303264847,0.4524085572899442,0.9950041882577487,2.3680953455575104,-1.9503053078798953
5241.602000023704,0.3298349696277268,0.4506272729646512,0.995672019726497,2.3744526266477832,-1.9480636835464593
5250.002000015229,0.33074509691126064,0.44990927755538723,0.9943641274326201,2.3769238874211784,-1.9445412247958789
5266.801999998279,0.33122550667633605,0.44934978456641483,0.9948619704443323,2.3789323136190252,-1.9430534206961962
5275.201999989804,0.3312881421382743,0.44978878995651317,0.9952475508466901,2.377363945001545,-1.9419239511760844
5283.6020000395365,0.33153173400121333,0.4506131468455473,0.9957858181257484,2.374371142636716,-1.9391225316875176
5292.0020000310615,0.3321082346821381,0.4508120730208718,0.9954263507459808,2.373635939961381,-1.9357476929759845
5300.402000022586,0.33300105109923706,0.4493663683553607,0.9957576734381403,2.3788254203315775,-1.9336923523551195
5308.802000014111,0.33452408841997994,0.44710313804806145,0.9943513974950526,2.3869236583426123,-1.9297552504819377
5317.202000005636,0.3359959292751742,0.44435865079560166,0.9953122225223853,2.3969622768130705,-1.9270540275029215
5325.601999997161,0.33726849822186766,0.4424484392105753,0.9944299035432758,2.4040211680427683,-1.92386847578329
5334.001999988686,0.33748591377671977,0.4422080604808767,0.992696878466628,2.404822269663931,-1.9230936265512868
5350.802000029944,0.33576684955834185,0.44626132364066595,0.9943789549981017,2.3898890965739756,-1.924679620266672
5359.202000021469,0.33513234134860453,0.44848225433276856,0.995558275480897,2.3818489731932613,-1.9240324441532257
5367.602000012994,0.33524050542034917,0.45021064877813344,0.9949756821204923,2.3755482659854845,-1.920395796826043
5376.002000004519,0.33554069511175866,0.451466193131429,0.9950395982464247,2.371039473356718,-1.9167036117640017
5384.401999996044,0.3353190522581072,0.4521493109315603,0.9951482900318727,2.368614899766875,-1.9167019763680633
5392.801999987569,0.335002719641715,0.452390178174491,0.9954413088977493,2.367753067058225,-1.9179138931551905
5401.202000037301,0.3349693569004334,0.4517876882468992,0.9967476305268373,2.369962304138699,-1.9191427062765618
5409.602000028826,0.3358962355133225,0.44959348439779345,0.9959824234743714,2.37779239622894,-1.9180893833744388
5418.002000020351,0.3365975590028828,0.44743155193607576,0.9949714800908903,2.385534071454968,-1.9181619117821658
5426.402000011876,0.33716608624528266,0.4450643125146665,0.9933402515112609,2.3941529466501774,-1.9194016237408633
5434.802000003401,0.3377134929622987,0.4434403357805501,0.9942280347631272,2.400196053088685,-1.9195289446117967
5443.201999994926,0.3372157872182715,0.4444177445722095,0.9942155972416185,2.3965585999981145,-1.9203414118308075
5451.601999986451,0.3372732923197489,0.44584486614723884,0.994317840408936,2.3912497219082818,-1.9173978063855421
5468.402000027709,0.335608198998841,0.45073440582711843,0.9943591809136818,2.3735797504795455,-1.9175386813948547
5485.202000010759,0.3343229233081713,0.454661793242898,0.9955911520383027,2.3596686180765376,-1.9175939532504445
5493.602000002284,0.33461996696187524,0.4549229697410089,0.9959818203630411,2.3587278837202397,-1.915651436264923
5502.001999993809,0.33513307945653337,0.45481233989626213,0.9956937899291999,2.359102816849157,-1.913225946097099
5518.802000035066,0.33637825374504,0.45324676157864296,0.994869867572363,2.364561110980197,-1.9093940944128798
5527.202000026591,0.3370125173250448,0.4529931693807564,0.9950538714451715,2.3654875501693557,-1.9066052853600701
5535.602000018116,0.33720676152825324,0.45292073269158317,0.9945539790094472,2.365731168448404,-1.9057274542301612
5544.002000009641,0.33720154503978594,0.4539784531000489,0.995378155947159,2.3619990269429034,-1.9040802930351837
5552.402000001166,0.33732450335874997,0.45405386487731625,0.9953014925996807,2.361735415993887,-1.9033433396603834
5560.801999992691,0.3371805909878384,0.4547003449611995,0.9956652486014653,2.3594885699293604,-1.9030776927441686
5569.202000042424,0.3375845794725651,0.4549321469874201,0.9952058973393976,2.358674084910149,-1.900689380252749
5577.602000033949,0.33813861880792784,0.45389855805249757,0.995057722261164,2.3622847324021765,-1.8994855604526992
5586.0020000254735,0.3384046112602491,0.45278293848480644,0.9949944165455996,2.3662355533617885,-1.899892072053549
5594.4020000169985,0.3392551684456705,0.4519113074299653,0.9948820599951719,2.3693068653495035,-1.8969426136094996
5602.8020000085235,0.33936829918848554,0.45086185462781236,0.9957559331048313,2.373106856004416,-1.8980726112542448
5611.202000000048,0.33975125201623185,0.45038242112512106,0.9942476020513193,2.374778523509898,-1.896859104123229
5619.601999991573,0.3396909078753203,0.4495849512402855,0.9952554631404493,2.377676124672425,-1.898477970681342
5628.002000041306,0.3396169641927579,0.4498436457781696,0.9964705220342467,2.376785573296255,-1.8984632147404168
5636.402000032831,0.3396855306534494,0.44994777798419794,0.9948601347628439,2.376367259059984,-1.89791410595109
5644.802000024356,0.33958939685018735,0.450411783246189,0.9941676867493278,2.3746770266536195,-1.8976397861208236
5653.202000015881,0.3392780462194801,0.4504703335745265,0.9947488216111149,2.374533202229082,-1.8991786192502567
5661.602000007406,0.3387544290418737,0.4506318489325464,0.9950492227371086,2.3740203649934952,-1.9016351094447794
5670.001999998931,0.3384629808815758,0.45100520101292085,0.9950663782684559,2.3726854523430223,-1.9025179382031412
5678.401999990456,0.3381674225151324,0.4512545525543765,0.9954035132072273,2.3718183571120846,-1.9036376747539274
5686.802000040188,0.33811337257036916,0.4512693277029688,0.9934805193842502,2.3717294243811304,-1.9038643149397414
5695.202000031713,0.3377432528998191,0.4516777869334049,0.9935634033875467,2.370307612081233,-1.9051130615304508
5703.602000023238,0.33762989823823875,0.4515641823792558,0.9948141839507586,2.3707664408647062,-1.9059125765254772
5712.002000014763,0.3377123707468682,0.45123756516323754,0.9951950697129279,2.3719286394863537,-1.9060215707345411
5720.402000006288,0.3377362459869775,0.4510240232514583,0.9946928591016316,2.3726934693964394,-1.9062500441260861
5728.801999997813,0.33734675781422313,0.45114843619081146,0.9954735668740073,2.3723172149399487,-1.9080848229656435
5737.201999989338,0.33682019700054006,0.45079135249027824,0.9949619637588338,2.373606321289805,-1.911381452299937
5745.602000039071,0.3367818735947333,0.4507710294640077,0.9955516147486287,2.3737076067450604,-1.911632187459312
5754.002000030596,0.3361100643445033,0.4506388717976101,0.9944618370918569,2.374228924687245,-1.915339762836127
5762.402000022121,0.3359841672799587,0.45050086050542315,0.9954269492238023,2.3747746649471946,-1.9162582041857843
5770.802000013646,0.33574443598850606,0.4501085646046492,0.9947138214212076,2.3761583444210403,-1.9181461275033675
5779.202000005171,0.33553087508514917,0.4501847078929069,0.9939745085781698,2.3759015029471775,-1.9191301596850594
5787.601999996696,0.3355933831570995,0.4498481468003239,0.9937113261877997,2.377105938775115,-1.9193829856358595
5796.001999988221,0.33603206710433536,0.44937259364654814,0.99474782694437,2.378804889905633,-1.9179246517497703
5804.402000037953,0.33616955012474237,0.4488590011364235,0.992787672857298,2.3806622492811123,-1.9181052110205299
5812.802000029478,0.33572857410815293,0.44869005130268746,0.9923468183070911,2.3812728106542527,-1.9206907833278803
5829.602000012528,0.3345686479642263,0.44983596679792304,0.9935971022830998,2.3772584295466173,-1.9247913758608997
5838.002000004053,0.33301886523723134,0.45136336537601085,0.9933144474334658,2.3718077242368567,-1.93016092229844
5846.401999995578,0.33263783256548873,0.4519874990309821,0.9938463317686015,2.3696304895072586,-1.931076700850842
5854.801999987103,0.3324307164420405,0.4514946716746173,0.9935392603861363,2.37136885268776,-1.9329959421397818
5863.202000036836,0.3323766566280503,0.4505491288743936,0.9928494568009983,2.3747570714228683,-1.9349590132481918
5871.602000028361,0.33286812854264775,0.44850020747262986,0.9920072412662512,2.382125985792522,-1.936097472704961
5880.002000019886,0.33346667711919004,0.44621159944834854,0.990773453779398,2.3904709566479005,-1.9372210016726645
5896.8020000029355,0.3326420388868677,0.44540420386703006,0.9916164134718458,2.3934914547652095,-1.9432027784161863
5905.2019999944605,0.3307700595208029,0.44862662812470766,0.9902251203609131,2.3818274704131595,-1.947027828384366
5913.602000044193,0.32864548894830586,0.4517136985244452,0.9916549968208193,2.3707879952896613,-1.952450851072757
5922.002000035718,0.3269630396835894,0.4551682460666122,0.9939132961496548,2.3586395111933074,-1.9549603923823495
5930.402000027243,0.32606175569523155,0.4567689990575855,0.9929707671885565,2.3529956369882927,-1.9567185687572415
5938.802000018768,0.3258883609823835,0.4586284697659736,0.99374346194388,2.3465485547912133,-1.9543645315588212
5947.202000010293,0.32564995785133233,0.4593184066805075,0.9939586808520634,2.3441720252097813,-1.9543985400625548
5964.001999993343,0.3238188765716336,0.4591862735221839,0.9938214958506901,2.3447057031384317,-1.9640385329219345
5972.4020000430755,0.32155785230832173,0.45888387234652894,0.9957109814079027,2.345914952096731,-1.976348487406078
5980.8020000346005,0.32171089063831293,0.45862128180510053,0.9959681250987241,2.3468267212997156,-1.9760401537394618
5997.60200001765,0.32338993584103565,0.45555969436259747,0.9950071707126179,2.3575030942708213,-1.9729967919905949
6006.002000009175,0.3252206767537724,0.4526382079877501,0.9948058174492606,2.367796779906051,-1.968924707190307
6014.4020000007,0.32605987064436864,0.45022364348981625,0.9923587918692068,2.3763835960006188,-1.9691464434113128
6022.801999992225,0.32697118970566924,0.4482888132891939,0.9930595697868482,2.3833473341802938,-1.968121348625006
6031.202000041958,0.3266054301127247,0.44868607247062553,0.9941423484917707,2.381985686926958,-1.9693454954201515
6039.602000033483,0.3265235873115316,0.4502757635300504,0.9914929170901027,2.3761477452439586,-1.9665408295662676
6048.002000025008,0.3252609498696443,0.4528799145842842,0.99205901891154,2.3668577628214096,-1.9681827960163318
6056.402000016533,0.3244707232677987,0.45530806485565856,0.9940801649239304,2.3583669321023826,-1.9678155229879486
6064.802000008058,0.323389678123842,0.4586578383217097,0.9944550953901825,2.3466847081215474,-1.9673051335633067
6073.201999999583,0.3234799222066799,0.4606877966981183,0.9953586533768678,2.339700842781841,-1.9632840486695253
6081.601999991108,0.32398177988605614,0.46093262956882797,0.9958529647762593,2.338877704219879,-1.960323933332456
6090.00200004084,0.3241946806382311,0.4604804514528753,0.9955725225714385,2.3404359018023695,-1.9600228524107002
6098.402000032365,0.3245972262736957,0.46006909805182616,0.9945107944733763,2.3417886828434327,-1.9586318767016466
6106.80200002389,0.3250858136807869,0.45919781173066876,0.9948018513143505,2.3448200138704394,-1.9576687556308234
6115.202000015415,0.3253953010229723,0.45870403412746064,0.99569879610754,2.346553869080368,-1.9569669469846311
6123.60200000694,0.32582121071424985,0.4586506531435932,0.9955807590454389,2.346751404708159,-1.954894488976111
6132.001999998465,0.3257378278359928,0.45890735319993814,0.9949794873234548,2.3458305701136757,-1.954850181642307
6140.40199998999,0.32589106456594247,0.45916326968091925,0.9953202732170047,2.3449888141459994,-1.953663657050222
6148.802000039723,0.32644585020398675,0.4583531722816464,0.9952393710460434,2.3477858891457006,-1.952223181710021
6157.202000031248,0.32614398005747763,0.4591574101619261,0.9958095707149761,2.3450507840260046,-1.9524197493729074
6165.602000022773,0.326361344817383,0.45792721854991925,0.995591389595697,2.349274988827084,-1.9534007036211962
6182.402000005823,0.3270598329690147,0.4559199244187636,0.9952873327879168,2.35626746032742,-1.9533322285631276
6190.801999997348,0.32800165267858306,0.45497550419077537,0.9948625810016112,2.359533299204743,-1.9501139167915127
6199.201999988873,0.32789654459997225,0.454609043933916,0.9947204058606575,2.3608063609142147,-1.951297159384286
6207.602000038605,0.32756913781896707,0.454473412649519,0.9943993302845754,2.3613376620138222,-1.953278114417486
6216.00200003013,0.3269100184003174,0.45443098426458106,0.9944391890936244,2.361517701079089,-1.9567977875544296
6224.402000021655,0.3266874731346393,0.4540205563182862,0.9938867367597939,2.362966558473623,-1.958706047897419
6232.80200001318,0.32597630612129713,0.45407822858895586,0.9951488589058525,2.362835920755233,-1.9623654502699879
6241.202000004705,0.32567159584525274,0.45448354703262095,0.9940425755895563,2.3613429610711045,-1.9631509973869423
6249.60199999623,0.32511081963041305,0.4545614334062634,0.9947168977864332,2.361115390700401,-1.9659692223675047
6258.001999987755,0.3246926886811684,0.4552638235552844,0.9934811989552058,2.358601006140911,-1.9668076119264415
6274.802000029013,0.3246652539608616,0.455146632136725,0.9947657497083133,2.359026576255677,-1.9671793707368852
6283.2020000205375,0.3275018755030291,0.45575385962267867,0.9961073185995062,2.3569029533721193,-1.9513923180259067
6291.6020000120625,0.3318744026842216,0.45599637262914483,0.9949591104771134,2.355884742139821,-1.9284856186631454
6300.002000003587,0.3308049093220373,0.4557372478563281,0.9953776322504588,2.356796019325226,-1.9343646075787144
6316.801999986637,0.33067582167253146,0.45531150605918735,0.9942917037533174,2.3582560109238915,-1.9357197040944805
6325.20200003637,0.3313325449144206,0.4549107336084809,0.9960547550238782,2.359679546675673,-1.9330550003246114
6333.602000027895,0.33146850348990126,0.4549989322912088,0.9954318396269795,2.3593598558856623,-1.9322036275608014
6350.402000010945,0.33159797772417704,0.4550554603484126,0.9950111047418789,2.359150781883652,-1.9314392108507115
6358.80200000247,0.33147676018631744,0.45494553422246264,0.9955683386856661,2.3595518342426254,-1.93225495430072
6367.201999993995,0.33144872271222514,0.45532084361104863,0.9963363702517648,2.3582848601710094,-1.931803798186626
6392.402000026777,0.33323944585608045,0.453257015000209,0.9956028537612835,2.3621420949668757,-1.9193133382462515
6400.802000018302,0.3346116856283764,0.4522640212015595,0.9954671959801754,2.365697636080221,-1.9138471580510796
6409.202000009827,0.33486830914665244,0.4518629346921297,0.9946699475942354,2.3671033572188103,-1.9131551802758915
6417.602000001352,0.33506167332177966,0.4523936764121306,0.9953657800968071,2.36522216509174,-1.911294476051171
6426.001999992877,0.3356629218476366,0.4527835957514147,0.9952731112919084,2.363764330476284,-1.9075100058645678
6434.40200004261,0.33584512049245574,0.45300334008995147,0.995509663577241,2.3629715963755813,-1.9062125372889471
6442.802000034135,0.33674656320754276,0.45189698669374845,0.9947892463709628,2.366895865407879,-1.9033127968471508
6451.20200002566,0.338078607977051,0.4498769035864807,0.995030415426935,2.374233679895294,-1.8997159864565036
6459.602000017185,0.33973069584933957,0.4469697677198141,0.9948272703961334,2.384858121009304,-1.895885717483121
6468.00200000871,0.3414874120055308,0.4449081985228689,0.993496740975466,2.3923719163706654,-1.8900156042133294
6476.402000000235,0.341216087447571,0.44536494332373955,0.994516900297953,2.390768830361502,-1.8907421790614913
6484.80199999176,0.3400278112110367,0.4474467594923299,0.9952567194926739,2.3830749356242547,-1.8935162891420965
6493.202000041492,0.33952507806789395,0.449496449255797,0.9954302455307511,2.3755897093772744,-1.8928024812178124
6510.002000024542,0.33849875578236704,0.45385850263431826,0.9951127422042694,2.359773871821808,-1.8911850480341559
6518.402000016067,0.33778468495477015,0.45556248473088423,0.9971195339344878,2.3537785732834258,-1.8922774722208768
